time,ori_x,ori_y,ori_z,dir_x,dir_y,dir_z,gaze_x,gaze_y,gaze_z,gaze_object,pupil_l,pupil_r
543.1061,0.029745,-0.002399,-0.026495,-0.022797,-0.523087,0.851959,-0.306803,0,0.024818,Ground,2.93486,-1
543.1174,0.029654,-0.002168,-0.027013,-0.068253,-0.51413,0.854981,-0.320121,0,-0.044908,Ground,2.789764,-1
543.1283,0.029677,-0.001663,-0.02821,-0.07428,-0.528259,0.845825,-0.286112,0,-0.057652,Ground,2.792023,-1
543.1395,0.029677,-0.001663,-0.02821,-0.07428,-0.528259,0.845825,-0.276216,0,-0.058148,Ground,2.792023,-1
543.1506,0.029675,-0.001657,-0.028244,-0.086502,-0.51413,0.853333,-0.291613,0,-0.075634,Ground,2.7173,-1
543.1617,0.02968,-0.001916,-0.027611,-0.074432,-0.49147,0.867691,-0.319633,0,-0.054086,Ground,2.730957,-1
543.1729,0.02968,-0.001916,-0.027611,-0.074432,-0.49147,0.867691,-0.307813,0,-0.054463,Ground,2.730957,-1
543.1839,0.02968,-0.002105,-0.027132,-0.077576,-0.452835,0.888199,-0.363116,0,-0.055603,Ground,2.707443,-1
543.1949,0.029683,-0.00217,-0.026929,-0.076294,-0.447205,0.891159,-0.359763,0,-0.054001,Ground,2.65712,-1
543.2061,0.029683,-0.00217,-0.026929,-0.076294,-0.447205,0.891159,-0.346853,0,-0.055573,Ground,2.65712,-1
543.2172,0.029686,-0.00217,-0.026893,-0.07486,-0.449417,0.890167,-0.331437,0,-0.055605,Ground,2.657318,-1
543.2282,0.029692,-0.002189,-0.026818,-0.066834,-0.458832,0.885986,-0.305309,0,-0.046329,Ground,2.689133,-1
543.2394,0.028721,0.001519,-0.036682,-0.411041,-0.641434,0.647751,0.16452,0,-0.698392,Ground,2.997833,-1
543.2504,0.028721,0.001519,-0.036682,-0.411041,-0.641434,0.647751,0.17532,0,-0.699603,Ground,2.997833,-1
543.2615,0,0,0,0,0,1,-99999,-99999,-99999,,-1,-1
543.2726,0,0,0,0,0,1,-99999,-99999,-99999,,-1,-1
543.2838,0,0,0,0,0,1,-99999,-99999,-99999,,-1,-1
543.2949,0,0,0,0,0,1,-99999,-99999,-99999,,-1,-1
543.3062,0,0,0,0,0,1,-99999,-99999,-99999,,-1,-1
543.3171,0,0,0,0,0,1,-99999,-99999,-99999,,-1,-1
543.3282,0,0,0,0,0,1,-99999,-99999,-99999,,-1,-1
543.3394,0,0,0,0,0,1,-99999,-99999,-99999,,-1,-1
543.3505,0.030082,-0.002661,-0.026209,-0.038834,-0.59079,0.805878,-0.046693,0,-0.036011,Ground,3.038162,-1
543.3618,0.030082,-0.002661,-0.026209,-0.038834,-0.59079,0.805878,-0.050078,0,-0.03751,Ground,3.038162,-1
543.3727,0.030104,-0.002589,-0.026334,-0.039505,-0.57254,0.818909,-0.088041,0,-0.040302,Ground,2.994751,-1
543.3837,0.030049,-0.002652,-0.026338,-0.028473,-0.578781,0.814972,-0.080269,0,-0.023023,Ground,2.941101,-1
543.395,0.030049,-0.002652,-0.026338,-0.028473,-0.578781,0.814972,-0.082586,0,-0.022806,Ground,2.941101,-1
543.4059,0,0,0,0,0,1,-99999,-99999,-99999,,-1,-1
543.4171,0,0,0,0,0,1,-99999,-99999,-99999,,-1,-1
543.4283,0,0,0,0,0,1,-99999,-99999,-99999,,-1,-1
543.4393,0,0,0,0,0,1,-99999,-99999,-99999,,-1,-1
543.4504,0,0,0,0,0,1,-99999,-99999,-99999,,-1,-1
543.4615,0,0,0,0,0,1,-99999,-99999,-99999,,-1,-1
543.4727,0,0,0,0,0,1,-99999,-99999,-99999,,-1,-1
543.4838,0,0,0,0,0,1,-99999,-99999,-99999,,-1,-1
543.4948,0,0,0,0,0,1,-99999,-99999,-99999,,-1,-1
543.5059,0,0,0,0,0,1,-99999,-99999,-99999,,-1,-1
543.517,0.029934,-0.002875,-0.02601,-0.020645,-0.587006,0.809311,-0.074286,0,-0.013256,Ground,3.111954,-1
543.5281,0.029897,-0.002728,-0.026127,-0.036118,-0.595612,0.802445,-0.061019,0,-0.035857,Ground,3.080627,-1
543.5392,0.029897,-0.002728,-0.026127,-0.036118,-0.595612,0.802445,-0.068264,0,-0.03673,Ground,3.080627,-1
543.5525,0,0,0,0,0,1,-99999,-99999,-99999,,-1,-1
543.5616,0.029748,-0.002789,-0.025214,-0.028442,-0.563934,0.825317,-0.149712,0,-0.034527,Ground,3.125381,-1
543.5726,0,0,0,0,0,1,-99999,-99999,-99999,,2.841003,-1
543.5837,0,0,0,0,0,1,-99999,-99999,-99999,,2.841003,-1
543.5948,0,0,0,0,0,1,-99999,-99999,-99999,,-1,-1
543.6058,0,0,0,0,0,1,-99999,-99999,-99999,,1.441727,-1
543.6169,0,0,0,0,0,1,-99999,-99999,-99999,,1.441727,-1
543.6281,0,0,0,0,0,1,-99999,-99999,-99999,,-1,-1
543.6394,0,0,0,0,0,1,-99999,-99999,-99999,,-1,-1
543.6503,0,0,0,0,0,1,-99999,-99999,-99999,,-1,-1
543.6614,0,0,0,0,0,1,-99999,-99999,-99999,,-1,-1
543.6725,0,0,0,0,0,1,-99999,-99999,-99999,,-1,-1
543.6836,0,0,0,0,0,1,-99999,-99999,-99999,,-1,-1
543.6947,0,0,0,0,0,1,-99999,-99999,-99999,,-1,-1
543.7059,0,0,0,0,0,1,-99999,-99999,-99999,,-1,-1
543.7171,0,0,0,0,0,1,-99999,-99999,-99999,,-1,-1
543.728,0,0,0,0,0,1,-99999,-99999,-99999,,-1,-1
543.7393,0,0,0,0,0,1,-99999,-99999,-99999,,-1,-1
543.7502,0,0,0,0,0,1,-99999,-99999,-99999,,-1,-1
543.7614,0,0,0,0,0,1,-99999,-99999,-99999,,-1,-1
543.7725,0,0,0,0,0,1,-99999,-99999,-99999,,-1,-1
543.7836,0,0,0,0,0,1,-99999,-99999,-99999,,-1,-1
543.7948,0,0,0,0,0,1,-99999,-99999,-99999,,-1,-1
543.8058,0,0,0,0,0,1,-99999,-99999,-99999,,-1,-1
543.8169,0,0,0,0,0,1,-99999,-99999,-99999,,-1,-1
543.8281,0,0,0,0,0,1,-99999,-99999,-99999,,-1,-1
543.8393,0,0,0,0,0,1,-99999,-99999,-99999,,-1,-1
543.8502,0,0,0,0,0,1,-99999,-99999,-99999,,-1,-1
543.8614,0,0,0,0,0,1,-99999,-99999,-99999,,-1,-1
543.8727,0,0,0,0,0,1,-99999,-99999,-99999,,-1,-1
543.8836,0,0,0,0,0,1,-99999,-99999,-99999,,-1,-1
543.8947,0,0,0,0,0,1,-99999,-99999,-99999,,-1,-1
543.9058,0,0,0,0,0,1,-99999,-99999,-99999,,-1,-1
543.9169,0,0,0,0,0,1,-99999,-99999,-99999,,-1,-1
543.9279,0,0,0,0,0,1,-99999,-99999,-99999,,-1,-1
543.9392,0,0,0,0,0,1,-99999,-99999,-99999,,-1,-1
543.9502,0,0,0,0,0,1,-99999,-99999,-99999,,-1,-1
543.9614,0,0,0,0,0,1,-99999,-99999,-99999,,-1,-1
543.9725,0,0,0,0,0,1,-99999,-99999,-99999,,-1,-1
543.9835,0,0,0,0,0,1,-99999,-99999,-99999,,-1,-1
543.9946,0,0,0,0,0,1,-99999,-99999,-99999,,-1,-1
544.0056,0,0,0,0,0,1,-99999,-99999,-99999,,-1,-1
544.0168,0,0,0,0,0,1,-99999,-99999,-99999,,-1,-1
544.028,0,0,0,0,0,1,-99999,-99999,-99999,,-1,-1
544.0391,0,0,0,0,0,1,-99999,-99999,-99999,,-1,-1
544.0502,0,0,0,0,0,1,-99999,-99999,-99999,,-1,-1
544.0612,0,0,0,0,0,1,-99999,-99999,-99999,,-1,-1
544.0724,0,0,0,0,0,1,-99999,-99999,-99999,,-1,-1
544.0834,0,0,0,0,0,1,-99999,-99999,-99999,,-1,-1
544.0946,0,0,0,0,0,1,-99999,-99999,-99999,,-1,-1
544.1057,0,0,0,0,0,1,-99999,-99999,-99999,,-1,-1
544.1169,0,0,0,0,0,1,-99999,-99999,-99999,,-1,-1
544.1279,0,0,0,0,0,1,-99999,-99999,-99999,,-1,-1
544.139,0,0,0,0,0,1,-99999,-99999,-99999,,-1,-1
544.1501,0,0,0,0,0,1,-99999,-99999,-99999,,-1,-1
544.1612,0,0,0,0,0,1,-99999,-99999,-99999,,-1,-1
544.1723,0,0,0,0,0,1,-99999,-99999,-99999,,-1,-1
544.1836,0,0,0,0,0,1,-99999,-99999,-99999,,-1,-1
544.1945,0,0,0,0,0,1,-99999,-99999,-99999,,-1,-1
544.2057,0,0,0,0,0,1,-99999,-99999,-99999,,-1,-1
544.2167,0,0,0,0,0,1,-99999,-99999,-99999,,-1,-1
544.2278,0,0,0,0,0,1,-99999,-99999,-99999,,-1,-1
544.239,0,0,0,0,0,1,-99999,-99999,-99999,,-1,-1
544.25,0,0,0,0,0,1,-99999,-99999,-99999,,-1,-1
544.2612,0,0,0,0,0,1,-99999,-99999,-99999,,-1,-1
544.2722,0,0,0,0,0,1,-99999,-99999,-99999,,3.196808,-1
544.2833,-0.026088,-0.002176,-0.018796,0.311462,-0.653336,0.690002,-0.986958,0,-0.659543,Ground,-1,6.415802
544.2946,-0.026088,-0.002176,-0.018796,0.311462,-0.653336,0.690002,-0.971105,0,-0.701786,Ground,-1,6.415802
544.3057,0,0,0,0,0,1,-99999,-99999,-99999,,-1,-1
544.3167,0,0,0,0,0,1,-99999,-99999,-99999,,-1,-1
544.3278,0,0,0,0,0,1,-99999,-99999,-99999,,-1,-1
544.3389,0.03161,0.003902,-0.032095,-0.2426,0.189621,0.951401,1.535373,0,-7.462992,Ground,2.6492,-1
544.35,0.03117,0.002968,-0.028565,-0.255844,0.207962,0.944077,2.20159,0,-8.504113,Ground,2.871185,-1
544.3611,0.030491,0.001054,-0.023175,-0.340134,0.331986,0.879807,15.65766,0,-37.35584,Ground,3.124908,-1
544.3723,0.030491,0.001054,-0.023175,-0.340134,0.331986,0.879807,20.6753,0,-45.2,Ground,3.124908,-1
544.3834,0.031453,0.00312,-0.029671,-0.288696,0.203552,0.935532,3.655301,0,-9.065409,Ground,2.846817,-1
544.3944,0.032112,0.003899,-0.032745,-0.322998,0.173767,0.930298,3.732426,0,-7.793167,Ground,2.577499,-1
544.4055,0.032112,0.003899,-0.032745,-0.322998,0.173767,0.930298,4.067205,0,-7.893761,Ground,2.577499,-1
544.4167,0.032399,0.003597,-0.032001,-0.414307,0.135452,0.899994,4.478101,0,-6.516242,Ground,2.656662,-1
544.4278,0.032865,0.0044,-0.035289,-0.399399,0.080276,0.913239,3.56498,0,-5.096544,Ground,2.559311,-1
544.4389,0.032865,0.0044,-0.035289,-0.399399,0.080276,0.913239,3.77165,0,-5.084997,Ground,2.559311,-1
544.4501,0,0,0,0,0,1,-99999,-99999,-99999,,-1,-1
544.4611,0,0,0,0,0,1,-99999,-99999,-99999,,-1,-1
544.4722,0,0,0,0,0,1,-99999,-99999,-99999,,-1,-1
544.4833,0,0,0,0,0,1,-99999,-99999,-99999,,-1,-1
544.4944,0,0,0,0,0,1,-99999,-99999,-99999,,-1,-1
544.5056,0,0,0,0,0,1,-99999,-99999,-99999,,-1,-1
544.5167,0,0,0,0,0,1,-99999,-99999,-99999,,-1,-1
544.5278,0,0,0,0,0,1,-99999,-99999,-99999,,-1,-1
544.539,0,0,0,0,0,1,-99999,-99999,-99999,,-1,-1
544.55,0,0,0,0,0,1,-99999,-99999,-99999,,-1,-1
544.5611,0,0,0,0,0,1,-99999,-99999,-99999,,-1,-1
544.5721,0,0,0,0,0,1,-99999,-99999,-99999,,-1,-1
544.5833,0,0,0,0,0,1,-99999,-99999,-99999,,-1,-1
544.5943,0,0,0,0,0,1,-99999,-99999,-99999,,-1,-1
544.6055,0,0,0,0,0,1,-99999,-99999,-99999,,-1,-1
544.6165,0.03336,0.003862,-0.037737,-0.535339,0.299957,0.789566,-99999,-99999,-99999,,2.466171,-1
544.6277,0.033767,0.004921,-0.037345,-0.418945,0.006516,0.907974,5.135352,0,-3.092756,Ground,2.281815,-1
544.6388,0.033767,0.004921,-0.037345,-0.418945,0.006516,0.907974,5.34524,0,-3.080832,Ground,2.281815,-1
544.65,0.033775,0.005108,-0.038029,-0.385361,0.015076,0.922623,5.490183,0,-3.302556,Ground,2.113464,-1
544.661,0,0,0,0,0,1,-99999,-99999,-99999,,-1,-1
544.6722,0,0,0,0,0,1,-99999,-99999,-99999,,-1,-1
544.6832,0.03355,0.004599,-0.036337,-0.375809,0.071472,0.92392,8.080271,0,-4.292073,Ground,2.386444,-1
544.6944,0.033411,0.00416,-0.034726,-0.377838,0.091309,0.921341,9.74616,0,-4.877744,Ground,2.515289,-1
544.7056,0.033411,0.00416,-0.034726,-0.377838,0.091309,0.921341,10.38452,0,-4.913357,Ground,2.515289,-1
544.7165,0.033126,0.003405,-0.031758,-0.401825,0.120148,0.907791,14.94776,0,-6.219687,Ground,2.641907,-1
544.7277,0.033,0.00349,-0.031912,-0.355789,0.130981,0.925324,16.47857,0,-7.437706,Ground,2.64241,-1
544.7388,0.032901,0.003827,-0.033197,-0.318848,0.118515,0.940353,14.44962,0,-6.869374,Ground,2.574707,-1
544.7499,0.032901,0.003827,-0.033197,-0.318848,0.118515,0.940353,15.53589,0,-7.012011,Ground,2.574707,-1
544.7609,0.032677,0.003596,-0.032329,-0.312103,0.120834,0.942322,17.00273,0,-7.428756,Ground,2.585922,-1
544.773,0.032403,0.003033,-0.030268,-0.320496,0.121338,0.939438,18.87954,0,-7.640771,Ground,2.677612,-1
544.7833,0.032403,0.003033,-0.030268,-0.320496,0.121338,0.939438,20.37274,0,-7.803767,Ground,2.677612,-1
544.7943,0.032389,0.00304,-0.030283,-0.332703,0.120895,0.935242,22.09709,0,-7.692809,Ground,2.595215,-1
544.8066,0.032502,0.003227,-0.030813,-0.346008,0.138519,0.927933,33.28881,0,-10.40572,Ground,2.64241,-1
544.8165,0.032502,0.003227,-0.030813,-0.346008,0.138519,0.927933,35.02733,0,-10.29195,Ground,2.64241,-1
544.8276,0.032698,0.003354,-0.031112,-0.386353,0.161285,0.908127,-99999,-99999,-99999,,2.728027,-1
544.8387,0.032579,0.003067,-0.030228,-0.374374,0.160034,0.913345,-99999,-99999,-99999,,2.755463,-1
544.8499,0.032416,0.00292,-0.029587,-0.352722,0.162231,0.921539,-99999,-99999,-99999,,2.782043,-1
544.861,0.032416,0.00292,-0.029587,-0.352722,0.162231,0.921539,-99999,-99999,-99999,,2.782043,-1
544.8722,0.032289,0.002937,-0.029504,-0.337006,0.170227,0.92598,-99999,-99999,-99999,,2.607407,-1
544.8834,0.032143,0.002922,-0.02925,-0.308106,0.174027,0.935288,-99999,-99999,-99999,,2.540222,-1
544.8943,0.032143,0.002922,-0.02925,-0.308106,0.174027,0.935288,-99999,-99999,-99999,,2.540222,-1
544.9054,0.031977,0.002811,-0.028727,-0.290512,0.175186,0.940689,-99999,-99999,-99999,,2.673172,-1
544.9164,0.031766,0.002568,-0.027924,-0.287979,0.178391,0.940857,-99999,-99999,-99999,,2.67601,-1
544.9276,0.031766,0.002568,-0.027924,-0.287979,0.178391,0.940857,-99999,-99999,-99999,,2.67601,-1
544.9387,0.031398,0.001611,-0.024675,-0.313049,0.220871,0.923691,-99999,-99999,-99999,,2.79332,-1
544.9498,0.031348,0.001761,-0.025174,-0.298447,0.208649,0.931335,-99999,-99999,-99999,,2.755707,-1
544.961,0.03118,0.001791,-0.025011,-0.283127,0.195953,0.938843,-99999,-99999,-99999,,2.698578,-1
544.972,0.03118,0.001791,-0.025011,-0.283127,0.195953,0.938843,-99999,-99999,-99999,,2.698578,-1
544.983,0.031229,0.00188,-0.025355,-0.302643,0.198288,0.932236,-99999,-99999,-99999,,2.765121,-1
544.9943,0.031725,0.002707,-0.028435,-0.315064,0.175934,0.932602,-99999,-99999,-99999,,2.6492,-1
545.0053,0.031725,0.002707,-0.028435,-0.315064,0.175934,0.932602,-99999,-99999,-99999,,2.6492,-1
545.0165,0.031712,0.002836,-0.028848,-0.286987,0.167847,0.9431,-99999,-99999,-99999,,2.527725,-1
545.0275,0.031688,0.003281,-0.030106,-0.258926,0.162872,0.952057,-99999,-99999,-99999,,2.568329,2.447937
545.0386,0.031688,0.003281,-0.030106,-0.258926,0.162872,0.952057,-99999,-99999,-99999,,2.568329,2.447937
545.0497,0.031157,0.001729,-0.023575,-0.349365,0.213455,0.912338,-99999,-99999,-99999,,2.60112,-1
545.0609,0.031142,0.0021,-0.024492,-0.325577,0.204819,0.92305,-99999,-99999,-99999,,2.516998,2.742905
545.072,0.03138,0.003207,-0.029103,-0.25557,0.170914,0.951553,-99999,-99999,-99999,,2.481583,-1
545.083,0.03138,0.003207,-0.029103,-0.25557,0.170914,0.951553,-99999,-99999,-99999,,2.481583,-1
545.0944,0.031089,0.001924,-0.025394,-0.300415,0.209763,0.93045,-99999,-99999,-99999,,2.669144,-1
545.1052,0.031064,0.00189,-0.025388,-0.29126,0.207535,0.933853,-99999,-99999,-99999,,2.56424,-1
545.1166,0.031064,0.00189,-0.025388,-0.29126,0.207535,0.933853,-99999,-99999,-99999,,2.56424,-1
545.1275,0.031024,0.001989,-0.025576,-0.289398,0.201645,0.935715,-99999,-99999,-99999,,2.558563,-1
545.1387,0.030967,0.002069,-0.025757,-0.284912,0.199127,0.937637,-99999,-99999,-99999,,2.637009,-1
545.1497,0.030962,0.002072,-0.025655,-0.281418,0.197235,0.939087,-99999,-99999,-99999,,2.683411,-1
545.1608,0.030962,0.002072,-0.025655,-0.281418,0.197235,0.939087,-99999,-99999,-99999,,2.683411,-1
545.172,0.030976,0.002318,-0.026186,-0.26828,0.206558,0.940918,-99999,-99999,-99999,,2.504608,-1
545.183,0.030907,0.002301,-0.025805,-0.26648,0.209732,0.940735,-99999,-99999,-99999,,2.585297,-1
545.1943,0.030907,0.002301,-0.025805,-0.26648,0.209732,0.940735,-99999,-99999,-99999,,2.585297,-1
545.2053,0.030805,0.002159,-0.024971,-0.276474,0.210388,0.937698,-99999,-99999,-99999,,2.55307,-1
545.2164,0.030805,0.002196,-0.025115,-0.272903,0.213928,0.937943,-99999,-99999,-99999,,2.626236,-1
545.2274,0.030805,0.002196,-0.025115,-0.272903,0.213928,0.937943,-99999,-99999,-99999,,2.626236,-1
545.2388,0.030728,0.002219,-0.025324,-0.266281,0.220139,0.938416,-99999,-99999,-99999,,2.560715,-1
545.2497,0.030735,0.002238,-0.025224,-0.239853,0.198639,0.950256,-99999,-99999,-99999,,2.535034,-1
545.2607,0.030705,0.002298,-0.025376,-0.241669,0.199417,0.949631,-99999,-99999,-99999,,2.554626,-1
545.2719,0.030705,0.002298,-0.025376,-0.241669,0.199417,0.949631,-99999,-99999,-99999,,2.554626,-1
545.2831,0.030578,0.002094,-0.024554,-0.256867,0.208603,0.943649,-99999,-99999,-99999,,2.568039,3.883591
545.2941,0.030561,0.002081,-0.024476,-0.255554,0.211823,0.943298,-99999,-99999,-99999,,2.603683,-1
545.3053,0.030561,0.002081,-0.024476,-0.255554,0.211823,0.943298,-99999,-99999,-99999,,2.603683,-1
545.3163,0.030539,0.002069,-0.0244,-0.252655,0.215195,0.943314,-99999,-99999,-99999,,2.606049,-1
545.3275,0.030515,0.002065,-0.024342,-0.251526,0.215729,0.943497,-99999,-99999,-99999,,2.607147,-1
545.3387,0.030515,0.002065,-0.024342,-0.251526,0.215729,0.943497,-99999,-99999,-99999,,2.607147,-1
545.3496,0.030482,0.002073,-0.024317,-0.252869,0.214951,0.943314,-99999,-99999,-99999,,2.603226,-1
545.3607,0.030391,0.002115,-0.024303,-0.226929,0.216019,0.949646,-99999,-99999,-99999,,2.588943,-1
545.3718,0.030388,0.002162,-0.024955,-0.206101,0.236481,0.949524,-99999,-99999,-99999,,2.661072,2.692368
545.3829,0.030388,0.002162,-0.024955,-0.206101,0.236481,0.949524,-99999,-99999,-99999,,2.661072,2.692368
545.394,0.030385,0.002168,-0.025022,-0.197632,0.228973,0.953156,-99999,-99999,-99999,,2.578964,2.203674
545.4053,0.030373,0.00216,-0.024996,-0.200287,0.232315,0.951782,-99999,-99999,-99999,,2.607285,-1
545.4162,0.030373,0.00216,-0.024996,-0.200287,0.232315,0.951782,-99999,-99999,-99999,,2.607285,-1
545.4274,0.030356,0.002164,-0.024996,-0.185059,0.230896,0.9552,-99999,-99999,-99999,,2.603912,-1
545.4385,0.030335,0.002167,-0.024996,-0.186691,0.230042,0.955093,-99999,-99999,-99999,,2.603821,2.668472
545.4495,0.030335,0.002167,-0.024996,-0.186691,0.230042,0.955093,-99999,-99999,-99999,,2.603821,2.668472
545.4607,0.03029,0.002167,-0.024998,-0.189941,0.230408,0.954361,-99999,-99999,-99999,,2.604752,-1
545.4719,0.03028,0.002168,-0.025002,-0.180878,0.228119,0.95668,-99999,-99999,-99999,,2.606644,2.759293
545.483,0.030278,0.002175,-0.025022,-0.170868,0.225586,0.959106,-99999,-99999,-99999,,2.603409,-1
545.494,0.030278,0.002175,-0.025022,-0.170868,0.225586,0.959106,-99999,-99999,-99999,,2.603409,-1
545.5052,0.030263,0.002176,-0.025091,-0.165787,0.227264,0.95961,-99999,-99999,-99999,,2.596985,3.495926
545.5163,0.030241,0.002211,-0.025246,-0.159393,0.227722,0.960571,-99999,-99999,-99999,,2.592758,-1
545.5273,0.030241,0.002211,-0.025246,-0.159393,0.227722,0.960571,-99999,-99999,-99999,,2.592758,-1
545.5385,0.030057,0.002242,-0.025109,-0.127228,0.233429,0.964005,-99999,-99999,-99999,,2.489273,-1
545.5495,0.029992,0.002261,-0.025132,-0.112259,0.240555,0.964111,-99999,-99999,-99999,,2.462692,-1
545.5609,0.029992,0.002261,-0.025132,-0.112259,0.240555,0.964111,-99999,-99999,-99999,,2.462692,-1
545.5718,0.029946,0.002236,-0.025104,-0.101929,0.240433,0.965286,-99999,-99999,-99999,,2.57193,3.2453
545.5829,0.029866,0.002339,-0.024905,-0.082596,0.23494,0.968491,-99999,-99999,-99999,,2.58403,3.095169
545.594,0.029806,0.002339,-0.024905,-0.085022,0.250366,0.964401,-99999,-99999,-99999,,2.615112,3.098419
545.6051,0.029806,0.002339,-0.024905,-0.085022,0.250366,0.964401,-99999,-99999,-99999,,2.615112,3.098419
545.6162,0.029698,0.002452,-0.024831,-0.061462,0.247055,0.967041,-99999,-99999,-99999,,2.596008,3.10141
545.6273,0.029608,0.002478,-0.0246,-0.054199,0.275238,0.959839,-99999,-99999,-99999,,2.771652,2.829773
545.6386,0.029608,0.002478,-0.0246,-0.054199,0.275238,0.959839,-99999,-99999,-99999,,2.771652,2.829773
545.6495,0.029524,0.002529,-0.024442,-0.042023,0.276169,0.960175,-99999,-99999,-99999,,2.684265,-1
545.6606,0.029451,0.002633,-0.024543,-0.041885,0.276154,0.96019,-99999,-99999,-99999,,2.524597,2.712997
545.6718,0.029451,0.002633,-0.024543,-0.041885,0.276154,0.96019,-99999,-99999,-99999,,2.524597,2.712997
545.6827,0.029348,0.002737,-0.02466,-0.0233,0.274094,0.961411,-99999,-99999,-99999,,2.706848,2.814148
545.694,0.029265,0.002635,-0.024093,0.004486,0.295761,0.955246,-99999,-99999,-99999,,2.737686,2.806107
545.705,0.02924,0.002489,-0.023622,0.011414,0.297684,0.95459,-99999,-99999,-99999,,2.755981,2.778336
545.7164,0.02924,0.002489,-0.023622,0.011414,0.297684,0.95459,-99999,-99999,-99999,,2.755981,2.778336
545.7275,0.029117,0.002697,-0.024322,0.010666,0.307098,0.951614,-99999,-99999,-99999,,2.669632,2.740921
545.7384,-0.020664,0.001079,-0.024983,0.053009,0.22934,0.971893,27.28547,0,-1.871297,Ground,2.602768,2.752533
545.7495,-0.020664,0.001079,-0.024983,0.053009,0.22934,0.971893,27.19168,0,-1.696013,Ground,2.602768,2.752533
545.7606,0.029002,0.00252,-0.023887,0.046677,0.32753,0.94368,-99999,-99999,-99999,,2.585281,2.752411
545.7717,0.02888,0.002446,-0.023931,0.053696,0.292984,0.954605,-99999,-99999,-99999,,2.753281,2.755432
545.7828,0.02888,0.002446,-0.023931,0.053696,0.292984,0.954605,-99999,-99999,-99999,,2.753281,2.755432
545.7939,0.028824,0.00231,-0.023634,0.067627,0.287125,0.95549,-99999,-99999,-99999,,2.76326,2.755798
545.805,0.028761,0.00229,-0.023622,0.075104,0.286667,0.955078,-99999,-99999,-99999,,2.706009,2.756012
545.816,0.028728,0.00223,-0.023457,0.070435,0.28862,0.954834,-99999,-99999,-99999,,2.607376,2.746307
545.8272,0.028728,0.00223,-0.023457,0.070435,0.28862,0.954834,-99999,-99999,-99999,,2.607376,2.746307
545.8383,0.028712,0.002171,-0.023295,0.072968,0.296265,0.952301,-99999,-99999,-99999,,2.615051,2.744446
545.8494,0.028701,0.002156,-0.023254,0.071823,0.296066,0.952454,-99999,-99999,-99999,,2.63414,2.841492
545.8605,0.028701,0.002156,-0.023254,0.071823,0.296066,0.952454,-99999,-99999,-99999,,2.63414,2.841492
545.8717,0.028691,0.002146,-0.02322,0.073746,0.298172,0.951645,-99999,-99999,-99999,,2.62735,2.844269
545.8828,0.02868,0.002156,-0.023254,0.074738,0.297669,0.951721,-99999,-99999,-99999,,2.615967,2.804581
545.8938,0.02868,0.002156,-0.023254,0.074738,0.297669,0.951721,-99999,-99999,-99999,,2.615967,2.804581
545.9052,0.028673,0.002161,-0.023268,0.0737,0.295868,0.952377,-99999,-99999,-99999,,2.617386,2.809235
545.916,0.028671,0.002181,-0.023322,0.074646,0.2939,0.952911,-99999,-99999,-99999,,2.628372,2.858734
545.9271,0.02867,0.002243,-0.023513,0.07962,0.288147,0.954254,-99999,-99999,-99999,,2.636475,3.819366
545.9382,0.02867,0.002243,-0.023513,0.07962,0.288147,0.954254,-99999,-99999,-99999,,2.636475,3.819366
545.9496,0.028664,0.002248,-0.023553,0.089081,0.285904,0.954102,-99999,-99999,-99999,,2.642303,3.886581
545.9608,0.02865,0.002259,-0.02363,0.09404,0.278519,0.955811,-99999,-99999,-99999,,2.660828,4.174072
545.9718,0.02865,0.002259,-0.02363,0.09404,0.278519,0.955811,-99999,-99999,-99999,,2.660828,4.174072
545.9828,0.028634,0.0023,-0.023949,0.101868,0.289063,0.951859,-99999,-99999,-99999,,2.74736,4.200623
545.994,0.028634,0.002326,-0.023967,0.10289,0.283157,0.953522,-99999,-99999,-99999,,2.752731,4.203003
546.0049,0.028634,0.002326,-0.023967,0.10289,0.283157,0.953522,-99999,-99999,-99999,,2.752731,4.203003
546.0161,0.028633,0.002332,-0.023968,0.103439,0.281921,0.953842,-99999,-99999,-99999,,2.751801,4.192322
546.0272,0.028633,0.002332,-0.023968,0.10524,0.282623,0.95343,-99999,-99999,-99999,,2.754318,4.210724
546.0382,0.028633,0.002332,-0.023968,0.10524,0.282623,0.95343,-99999,-99999,-99999,,2.754318,4.210724
546.0494,0.028634,0.002314,-0.023968,0.103317,0.294373,0.950073,-99999,-99999,-99999,,2.713638,4.182693
546.0605,0.028635,0.002314,-0.023967,0.102509,0.294815,0.950028,-99999,-99999,-99999,,2.688339,4.189957
546.0715,0.028638,0.002314,-0.023731,0.104981,0.294434,0.949875,-99999,-99999,-99999,,2.692871,-1
546.0827,0.028638,0.002314,-0.023731,0.104981,0.294434,0.949875,-99999,-99999,-99999,,2.692871,-1
546.0938,0.028641,0.002314,-0.023619,0.105469,0.294235,0.94989,-99999,-99999,-99999,,2.692474,2.097473
546.105,0.028645,0.002294,-0.023581,0.104584,0.298309,0.948715,-99999,-99999,-99999,,2.656662,2.272949
546.1159,0.028645,0.002294,-0.023581,0.104584,0.298309,0.948715,-99999,-99999,-99999,,2.656662,2.272949
546.1272,0.028648,0.002291,-0.02349,0.106049,0.297257,0.948883,-99999,-99999,-99999,,2.657318,4.537155
546.1382,0.028649,0.002291,-0.02349,0.104553,0.297684,0.948914,-99999,-99999,-99999,,2.655228,3.004074
546.1494,0.02865,0.002294,-0.023536,0.104431,0.301071,0.947861,-99999,-99999,-99999,,2.656143,2.939819
546.1604,0.02865,0.002294,-0.023536,0.104431,0.301071,0.947861,-99999,-99999,-99999,,2.656143,2.939819
546.1714,0.028656,0.002301,-0.023536,0.105652,0.299301,0.948288,-99999,-99999,-99999,,2.646835,2.973648
546.1826,0.028668,0.002112,-0.023847,0.087555,0.243912,0.96582,-99999,-99999,-99999,,2.757858,2.988571
546.1937,0.028668,0.002112,-0.023847,0.087555,0.243912,0.96582,-99999,-99999,-99999,,2.757858,2.988571
546.2048,0.028643,0.001451,-0.023152,0.114655,0.184464,0.97612,-99999,-99999,-99999,,2.560654,3.890594
546.2161,0.028672,0.001114,-0.02333,0.08284,0.098373,0.991684,-99999,-99999,-99999,,2.717545,2.228882
546.2271,0.028672,0.001114,-0.02333,0.08284,0.098373,0.991684,-99999,-99999,-99999,,2.717545,2.228882
546.2382,0.016654,0.005049,-0.039059,0.107452,-0.036667,0.99353,-99999,-99999,-99999,,2.707214,2.437546
546.2493,0.015406,0.005547,-0.040927,0.106354,-0.038086,0.993591,-99999,-99999,-99999,,2.742233,2.377762
546.2603,0.028872,0.000915,-0.023236,0.069778,0.055115,0.996033,-99999,-99999,-99999,,2.80452,2.283813
546.2715,0.028872,0.000915,-0.023236,0.069778,0.055115,0.996033,-99999,-99999,-99999,,2.80452,2.283813
546.2828,0.028874,0.001059,-0.023501,0.058136,0.033722,0.997726,-99999,-99999,-99999,,2.756516,-1
546.2938,0.028875,0.001069,-0.023545,0.057144,0.035919,0.997711,-99999,-99999,-99999,,2.755936,2.293854
546.305,0.028875,0.001069,-0.023545,0.057144,0.035919,0.997711,-99999,-99999,-99999,,2.755936,2.293854
546.3162,0.028907,0.000845,-0.023134,0.048096,0.033981,0.998261,-99999,-99999,-99999,,2.500092,2.326569
546.327,0.028904,0.000845,-0.023232,0.047791,0.039688,0.998062,-99999,-99999,-99999,,2.675201,-1
546.3381,0.028904,0.000845,-0.023232,0.047791,0.039688,0.998062,-99999,-99999,-99999,,2.675201,-1
546.3494,0.028904,0.000828,-0.023219,0.057953,0.043091,0.997376,-99999,-99999,-99999,,2.676468,2.361938
546.3605,0.028903,0.000841,-0.023198,0.058563,0.038864,0.997513,-99999,-99999,-99999,,2.70282,-1
546.3716,0.028897,0.000845,-0.023194,0.06015,0.039459,0.997406,-99999,-99999,-99999,,2.71199,-1
546.3825,0.028897,0.000845,-0.023194,0.06015,0.039459,0.997406,-99999,-99999,-99999,,2.71199,-1
546.3937,0.028895,0.000845,-0.023165,0.057068,0.041519,0.997498,-99999,-99999,-99999,,2.71286,-1
546.4048,0.028895,0.000853,-0.023164,0.058456,0.041718,0.997406,-99999,-99999,-99999,,2.72229,-1
546.4159,0.028897,0.000885,-0.023165,0.057419,0.047562,0.997208,1.534509,1.197934,-0.06411,O02_L09_01,2.741592,-1
546.4614,0.028897,0.000885,-0.023165,0.057419,0.047562,0.997208,1.536649,1.194285,-0.073173,O02_L09_01,2.741592,-1
546.4664,0.028899,0.000897,-0.023194,0.051422,0.06189,0.99675,1.540306,1.215987,-0.06694,O02_L09_01,2.786774,-1
546.4715,0.028899,0.000897,-0.023194,0.051422,0.06189,0.99675,1.540926,1.214772,-0.070111,O02_L09_01,2.786774,-1
546.4776,0.028899,0.000897,-0.023194,0.051422,0.06189,0.99675,1.541748,1.214104,-0.073111,O02_L09_01,2.786774,-1
546.4888,0.028915,0.000947,-0.023224,0.051193,0.059708,0.996887,1.541478,1.210123,-0.075815,O02_L09_01,2.791794,-1
546.4998,0.028929,0.00099,-0.023261,0.046997,0.058594,0.997162,1.539754,1.208501,-0.072411,O02_L09_01,2.819611,-1
546.511,0.028929,0.00099,-0.023261,0.046997,0.058594,0.997162,1.540633,1.207639,-0.075515,O02_L09_01,2.819611,-1
546.522,0.028947,0.001032,-0.023317,0.043411,0.064011,0.996994,1.541671,1.214537,-0.072486,O02_L09_01,2.865265,-1
546.5333,0.028961,0.0011,-0.023344,0.04361,0.05162,0.997711,1.537521,1.193725,-0.075885,O02_L09_01,2.897522,-1
546.5442,0.028974,0.001107,-0.02337,0.042526,0.051468,0.997757,1.537478,1.191698,-0.076726,O02_L09_01,2.900131,-1
546.5554,0.028974,0.001107,-0.02337,0.042526,0.051468,0.997757,1.538262,1.189728,-0.079581,O02_L09_01,2.900131,-1
546.5667,0.028992,0.001114,-0.023413,0.034119,0.052368,0.998032,1.534479,1.190375,-0.068628,O02_L09_01,2.89949,-1
546.5775,0.029018,0.001116,-0.023433,0.031525,0.052917,0.998093,1.53381,1.18969,-0.06678,O02_L09_01,2.896088,-1
546.5888,0.029018,0.001116,-0.023433,0.031525,0.052917,0.998093,1.53445,1.188344,-0.069495,O02_L09_01,2.896088,-1
546.5999,0.029039,0.001118,-0.023457,0.02774,0.050018,0.998352,1.532647,1.183453,-0.065568,O02_L09_01,2.89035,-1
546.611,0.029058,0.001123,-0.023572,0.028488,0.053848,0.998138,1.534292,1.188725,-0.068828,O02_L09_01,2.868378,-1
546.622,0.029058,0.001123,-0.023572,0.028488,0.053848,0.998138,1.534841,1.188184,-0.070776,O02_L09_01,2.868378,-1
546.6331,0.029081,0.001132,-0.023638,0.024246,0.054062,0.99823,1.533647,1.189735,-0.066204,O02_L09_01,2.864532,-1
546.6441,0.029092,0.001146,-0.023776,0.021729,0.059296,0.998001,1.5347,1.198802,-0.064133,O02_L09_01,2.862885,-1
546.6553,0.029105,0.001179,-0.023863,0.018524,0.056717,0.998215,1.533264,1.195883,-0.061014,O02_L09_01,2.842087,-1
546.6665,0.029105,0.001179,-0.023863,0.018524,0.056717,0.998215,1.533941,1.197142,-0.062632,O02_L09_01,2.842087,-1
546.6775,0.029143,0.001179,-0.023863,0.022186,0.058243,0.998047,1.536582,1.199657,-0.06972,O02_L09_01,2.825531,-1
546.6886,0.029154,0.001179,-0.023863,0.023346,0.058243,0.998016,1.53774,1.200707,-0.072459,O02_L09_01,2.824265,-1
546.7001,0.029154,0.001179,-0.023863,0.023346,0.058243,0.998016,1.537885,1.201766,-0.072158,O02_L09_01,2.824265,-1
546.711,0.029163,0.001179,-0.023863,0.024704,0.058167,0.997986,1.538804,1.203916,-0.073265,O02_L09_01,2.816666,-1
546.7219,0.029174,0.001178,-0.023863,0.019653,0.058243,0.998108,1.536795,1.207215,-0.064279,O02_L09_01,2.78302,-1
546.733,0.029174,0.001178,-0.023863,0.019653,0.058243,0.998108,1.5373,1.210081,-0.063176,O02_L09_01,2.78302,-1
546.7441,0.02919,0.001149,-0.02354,0.016205,0.044617,0.998871,1.531688,1.192866,-0.05679,O02_L09_01,2.744629,5.422272
546.7554,0.029207,0.001142,-0.023524,0.010895,0.045013,0.998917,1.530562,1.197062,-0.047064,O02_L09_01,2.745316,-1
546.7664,0.029229,0.001139,-0.023524,0.011887,0.044342,0.998932,1.530988,1.19906,-0.047185,O02_L09_01,2.703934,-1
546.7775,0.029229,0.001139,-0.023524,0.011887,0.044342,0.998932,1.531369,1.202022,-0.045458,O02_L09_01,2.703934,-1
546.7886,0.028992,0.000993,-0.023543,0.050568,0.02655,0.998352,1.551517,1.171381,-0.108379,O02_L09_01,2.620544,4.864166
546.7997,0.028424,0.00086,-0.02379,0.139359,-0.047134,0.989105,1.597008,1.03334,-0.270606,O02_L15_01,2.689163,4.630722
546.8107,0.028424,0.00086,-0.02379,0.139359,-0.047134,0.989105,1.59763,1.034632,-0.270605,O02_L15_01,2.689163,4.630722
546.822,0.028066,0.000689,-0.023437,0.174133,-0.054611,0.9832,1.593672,1.022921,-0.332257,O02_L15_01,2.843002,-1
546.8329,0.028073,0.000679,-0.023407,0.16803,-0.054291,0.984283,1.593506,1.020893,-0.322677,O02_L15_01,2.67337,-1
546.844,0.028077,0.000643,-0.023416,0.178436,-0.058777,0.982178,1.593031,1.009302,-0.344109,O02_L15_01,2.800842,-1
546.8554,0.028077,0.000643,-0.023416,0.178436,-0.058777,0.982178,1.592795,1.004403,-0.347508,O02_L15_01,2.800842,-1
546.8665,0.028064,0.000621,-0.023392,0.178452,-0.061996,0.981979,1.592223,0.99307,-0.35116,O02_L15_01,2.760239,-1
546.8774,0.028064,0.000598,-0.023354,0.178665,-0.059311,0.982117,1.592236,0.99288,-0.354874,O02_L15_01,2.734604,-1
546.8885,0.028064,0.000598,-0.023354,0.178665,-0.059311,0.982117,1.591968,0.987312,-0.35874,O02_L15_01,2.734604,-1
546.8997,0.028065,0.000576,-0.023311,0.178696,-0.058716,0.982147,1.591774,0.983163,-0.362613,O02_L15_01,2.743195,-1
546.9109,0.028067,0.000576,-0.023311,0.176666,-0.057007,0.982605,1.59163,0.980322,-0.363382,O02_L15_01,2.743484,-1
546.922,0.028067,0.000576,-0.023311,0.176666,-0.057007,0.982605,1.59137,0.974867,-0.36764,O02_L15_01,2.743484,-1
546.9331,0.028073,0.000588,-0.023299,0.17746,-0.060211,0.982269,1.59084,0.963978,-0.374281,O02_L15_01,2.759415,-1
546.9441,0.028077,0.000576,-0.023297,0.176453,-0.055862,0.982712,1.591062,0.967977,-0.376306,O02_L15_01,2.744858,-1
546.9556,0.028142,0.000596,-0.022895,0.170929,-0.043289,0.984329,1.592035,0.987523,-0.367946,O02_L15_01,2.661377,-1
546.967,0.028142,0.000596,-0.022895,0.170929,-0.043289,0.984329,1.591944,0.985377,-0.371331,O02_L15_01,2.661377,-1
546.9786,0.028146,0.000621,-0.022949,0.166641,-0.038712,0.985245,1.592276,0.992381,-0.365661,O02_L15_01,2.653809,-1
546.9902,0.028179,0.000723,-0.023095,0.169403,-0.038712,0.984772,1.592276,0.991573,-0.372578,O02_L15_01,2.860992,-1
547.0016,0.028222,0.000813,-0.023305,0.153519,-0.03801,0.987412,1.592235,0.993996,-0.345206,O02_L15_01,2.657104,-1
547.0131,0.028222,0.000813,-0.023305,0.153519,-0.03801,0.987412,1.592345,0.996068,-0.345369,O02_L15_01,2.657104,-1
547.0246,0.028258,0.000819,-0.023262,0.162567,-0.031952,0.986176,1.593156,1.009764,-0.360576,O02_L15_01,2.726471,-1
547.0363,0.028269,0.000804,-0.023191,0.145493,-0.040146,0.988541,1.59229,0.996645,-0.331571,O02_L15_01,2.695648,-1
547.0477,0.028269,0.000804,-0.023191,0.145493,-0.040146,0.988541,1.592369,0.99819,-0.33127,O02_L15_01,2.695648,-1
547.0591,0.028277,0.000798,-0.023159,0.152237,-0.040405,0.987503,1.592493,0.999184,-0.342883,O02_L15_01,2.727219,-1
547.0707,0.028278,0.000791,-0.023169,0.152252,-0.039825,0.987534,1.592622,1.001692,-0.342566,O02_L15_01,2.726822,-1
547.0821,0.028279,0.000788,-0.023173,0.155243,-0.039352,0.987076,1.592747,1.003506,-0.347475,O02_L15_01,2.778488,-1
547.0935,0.028279,0.000788,-0.023173,0.155243,-0.039352,0.987076,1.592788,1.004244,-0.347822,O02_L15_01,2.778488,-1
547.1046,0.028278,0.000786,-0.023183,0.152557,-0.039749,0.987488,1.592703,1.003162,-0.343177,O02_L15_01,2.777954,-1
547.1157,0.028277,0.000776,-0.02319,0.151367,-0.038742,0.987717,1.592817,1.005512,-0.341658,O02_L15_01,2.780991,-1
547.1267,0.028277,0.000776,-0.02319,0.151367,-0.038742,0.987717,1.59278,1.00464,-0.343098,O02_L15_01,2.780991,-1
547.1378,0.028277,0.000772,-0.023191,0.15126,-0.037598,0.987778,1.592885,1.006475,-0.344516,O02_L15_01,2.780945,-1
547.149,0.028277,0.000772,-0.023191,0.149933,-0.038696,0.98793,1.592742,1.003717,-0.344747,O02_L15_01,2.80809,-1
547.16,0.028275,0.00077,-0.023197,0.1521,-0.03772,0.98764,1.592827,1.004566,-0.351357,O02_L15_01,2.82576,-1
547.1712,0.028275,0.00077,-0.023197,0.1521,-0.03772,0.98764,1.59278,1.003352,-0.354029,O02_L15_01,2.82576,-1
547.1824,0.028267,0.00077,-0.02323,0.149765,-0.038895,0.987946,1.592582,0.999696,-0.353093,O02_L15_01,2.824341,-1
547.1933,0.028261,0.00077,-0.023281,0.148041,-0.037979,0.988236,1.59262,1.000431,-0.352975,O02_L15_01,2.839722,-1
547.2044,0.028261,0.00077,-0.023281,0.148041,-0.037979,0.988236,1.592592,0.999509,-0.356368,O02_L15_01,2.839722,-1
547.2159,0.028261,0.00077,-0.023323,0.14534,-0.035675,0.988724,1.592766,1.00306,-0.354289,O02_L15_01,2.839905,-1
547.2269,0.028261,0.00078,-0.023323,0.144669,-0.037994,0.988739,1.592514,0.997952,-0.356875,O02_L15_01,2.854492,-1
547.2379,0.028261,0.00078,-0.023323,0.144669,-0.037994,0.988739,1.592527,0.997818,-0.360113,O02_L15_01,2.854492,-1
547.2488,0.028261,0.00079,-0.023323,0.144943,-0.040009,0.988617,1.592411,0.995173,-0.363852,O02_L15_01,2.884216,-1
547.2599,0.028265,0.000795,-0.023329,0.140274,-0.040695,0.989273,1.59243,0.996221,-0.357956,O02_L15_01,2.895065,-1
547.2711,0.028335,0.000895,-0.023397,0.134995,-0.042084,0.989945,1.592411,0.996734,-0.350483,O02_L15_01,2.965073,-1
547.2823,0.028335,0.000895,-0.023397,0.134995,-0.042084,0.989945,1.59267,1.001575,-0.351372,O02_L15_01,2.965073,-1
547.2933,0.028361,0.000923,-0.023442,0.13562,-0.045517,0.9897,1.59259,0.999795,-0.353529,O02_L15_01,2.954315,5.308945
547.3044,0.028378,0.000938,-0.023478,0.126923,-0.044601,0.990906,1.592823,1.006227,-0.336631,O02_L15_01,2.901154,-1
547.3156,0.028378,0.000938,-0.023478,0.126923,-0.044601,0.990906,1.593051,1.010701,-0.33547,O02_L15_01,2.901154,-1
547.3266,0.02839,0.000956,-0.023508,0.126633,-0.047714,0.990799,1.592979,1.009666,-0.332581,O02_L15_01,2.885498,-1
547.3377,0.028398,0.000956,-0.023508,0.127289,-0.048523,0.990677,1.593083,1.011828,-0.331159,O02_L15_01,2.885468,-1
547.3489,0.028416,0.000949,-0.023498,0.128464,-0.050262,0.990433,1.593078,1.011751,-0.330893,O02_L15_01,2.893768,-1
547.36,0.028416,0.000949,-0.023498,0.128464,-0.050262,0.990433,1.593161,1.013737,-0.327539,O02_L15_01,2.893768,-1
547.371,0.028441,0.000827,-0.023362,0.127625,-0.063629,0.989777,1.591975,0.991478,-0.324459,O02_L15_01,2.945877,-1
547.3821,0.028447,0.000827,-0.023518,0.122589,-0.051865,0.991089,1.593122,1.014891,-0.311271,O02_L15_01,2.886581,-1
547.3933,0.028447,0.000827,-0.023518,0.122589,-0.051865,0.991089,1.593192,1.016551,-0.308499,O02_L15_01,2.886581,-1
547.4045,0.028443,0.000864,-0.02351,0.133316,-0.05777,0.98938,1.592797,1.006948,-0.326153,O02_L15_01,2.933426,-1
547.4155,0.028473,0.000877,-0.023341,0.12883,-0.071991,0.989044,1.591492,0.982983,-0.318271,O02_L15_01,2.822754,-1
547.4267,0.028473,0.000877,-0.023341,0.12883,-0.071991,0.989044,1.591534,0.983847,-0.317714,O02_L15_01,2.822754,-1
547.4379,0,0,0,0,0,1,-99999,-99999,-99999,,3.009415,-1
547.449,0,0,0,0,0,1,-99999,-99999,-99999,,1.959412,-1
547.46,0,0,0,0,0,1,-99999,-99999,-99999,,-1,-1
547.471,0,0,0,0,0,1,-99999,-99999,-99999,,-1,-1
547.4821,0,0,0,0,0,1,-99999,-99999,-99999,,-1,-1
547.4933,0,0,0,0,0,1,-99999,-99999,-99999,,-1,-1
547.5043,0,0,0,0,0,1,-99999,-99999,-99999,,-1,-1
547.5157,0,0,0,0,0,1,-99999,-99999,-99999,,-1,-1
547.5266,0,0,0,0,0,1,-99999,-99999,-99999,,-1,-1
547.5377,0,0,0,0,0,1,-99999,-99999,-99999,,-1,-1
547.5488,0,0,0,0,0,1,-99999,-99999,-99999,,-1,-1
547.5599,0,0,0,0,0,1,-99999,-99999,-99999,,-1,-1
547.5709,0,0,0,0,0,1,-99999,-99999,-99999,,-1,-1
547.5822,0,0,0,0,0,1,-99999,-99999,-99999,,-1,-1
547.5932,0,0,0,0,0,1,-99999,-99999,-99999,,-1,-1
547.6042,0,0,0,0,0,1,-99999,-99999,-99999,,-1,-1
547.6155,0,0,0,0,0,1,-99999,-99999,-99999,,-1,-1
547.6266,0,0,0,0,0,1,-99999,-99999,-99999,,1.855148,-1
547.6376,0,0,0,0,0,1,-99999,-99999,-99999,,2.33696,-1
547.6487,0.028455,0.000885,-0.023492,0.100769,-0.113495,0.988403,1.586207,0.88529,-0.291566,O02_L15_01,2.789597,-1
547.6598,0.028455,0.000885,-0.023492,0.100769,-0.113495,0.988403,1.586247,0.8861,-0.29122,O02_L15_01,2.789597,-1
547.671,0.028442,0.000868,-0.02338,0.106873,-0.099762,0.989243,1.587691,0.912685,-0.299477,O02_L15_01,2.868134,-1
547.682,0.028446,0.00083,-0.023287,0.103165,-0.133774,0.985611,1.584297,0.848147,-0.297696,O02_L15_01,2.657013,-1
547.6932,0.028446,0.00083,-0.023287,0.103165,-0.133774,0.985611,1.584365,0.8495,-0.297285,O02_L15_01,2.657013,-1
547.7042,0.028431,0.000778,-0.023205,0.115128,-0.120117,0.986054,1.585928,0.877054,-0.316524,O02_L15_01,2.784103,-1
547.7153,0.028441,0.000734,-0.023107,0.118561,-0.12236,0.985367,1.585803,0.873917,-0.322885,O02_L15_01,2.769104,-1
547.7264,0.028441,0.000734,-0.023107,0.118561,-0.12236,0.985367,1.585871,0.875256,-0.32265,O02_L15_01,2.769104,-1
547.7375,0.028434,0.000775,-0.023292,0.125687,-0.11084,0.985855,1.587162,0.898545,-0.333917,O02_L15_01,2.833267,-1
547.7487,0.028432,0.000792,-0.023416,0.129395,-0.103149,0.986206,1.587992,0.913718,-0.339637,O02_L15_01,2.871521,-1
547.7603,0.02843,0.000778,-0.023435,0.128418,-0.100403,0.986618,1.588283,0.919487,-0.337819,O02_L15_01,2.843536,-1
547.7709,0.02843,0.000778,-0.023435,0.128418,-0.100403,0.986618,1.588303,0.919861,-0.337857,O02_L15_01,2.843536,-1
547.782,0.02841,0.000775,-0.023435,0.123627,-0.103943,0.986862,1.587943,0.913796,-0.33103,O02_L15_01,2.842361,-1
547.7932,0.02841,0.00077,-0.023435,0.124207,-0.109177,0.986221,1.58746,0.904203,-0.334204,O02_L15_01,2.842468,-1
547.8044,0.02841,0.00077,-0.023435,0.124207,-0.109177,0.986221,1.587498,0.904757,-0.335705,O02_L15_01,2.842468,-1
547.8155,0.028407,0.000769,-0.023398,0.12384,-0.112427,0.985901,1.587189,0.898659,-0.337344,O02_L15_01,2.819687,-1
547.8264,0.028407,0.000741,-0.023123,0.126328,-0.123322,0.984283,1.586158,0.878003,-0.34585,O02_L15_01,2.817078,-1
547.8375,0.028407,0.000741,-0.023123,0.126328,-0.123322,0.984283,1.586181,0.87818,-0.348063,O02_L15_01,2.817078,-1
547.8486,0.028399,0.000689,-0.022946,0.12915,-0.126434,0.983521,1.585922,0.872272,-0.356375,O02_L15_01,2.820786,-1
547.8597,0.028323,0.000519,-0.022671,0.134613,-0.152359,0.979111,1.583282,0.819862,-0.373734,O02_L15_01,2.998459,-1
547.8708,0.028332,0.000532,-0.022915,0.134476,-0.139923,0.980972,1.584561,0.844188,-0.374502,O02_L15_01,3.005707,-1
547.8821,0.028332,0.000532,-0.022915,0.134476,-0.139923,0.980972,1.584516,0.842911,-0.377982,O02_L15_01,3.005707,-1
547.893,0.028339,0.000535,-0.022931,0.135193,-0.14473,0.980179,1.584012,0.832643,-0.383535,O02_L15_01,3.014297,-1
547.9042,0.028352,0.000533,-0.022952,0.134903,-0.14473,0.980225,1.583971,0.831527,-0.386378,O02_L15_01,2.96553,-1
547.9153,0.028352,0.000533,-0.022952,0.134903,-0.14473,0.980225,1.583948,0.830707,-0.389658,O02_L15_01,2.96553,-1
547.9264,0.028362,0.00053,-0.022931,0.13446,-0.149414,0.979584,1.583445,0.82076,-0.392705,O02_L15_01,2.962723,-1
547.9375,0.02837,0.000517,-0.022921,0.135269,-0.148483,0.979614,1.58356,0.822393,-0.397409,O02_L15_01,2.975006,-1
547.9487,0.02837,0.000517,-0.022921,0.135269,-0.148483,0.979614,1.58358,0.82244,-0.400257,O02_L15_01,2.975006,-1
547.9597,0.02838,0.000505,-0.022897,0.137146,-0.146713,0.979614,1.583803,0.826011,-0.406195,O02_L15_01,2.97583,-1
547.9708,0.028392,0.000501,-0.022869,0.13974,-0.147034,0.979202,1.583842,0.825881,-0.413591,O02_L15_01,2.964752,-1
547.9819,0.028406,0.000495,-0.022856,0.139008,-0.146195,0.979431,1.583978,0.828441,-0.413969,O02_L15_01,2.941864,-1
547.993,0.028406,0.000495,-0.022856,0.139008,-0.146195,0.979431,1.584041,0.829497,-0.415211,O02_L15_01,2.941864,-1
548.0042,0.028418,0.000492,-0.022854,0.134186,-0.145844,0.980148,1.584097,0.831449,-0.407621,O02_L15_01,2.927307,-1
548.0152,0.028431,0.000492,-0.022854,0.131149,-0.146027,0.980545,1.58409,0.831817,-0.403258,O02_L15_01,2.900177,-1
548.0264,0.028431,0.000492,-0.022854,0.131149,-0.146027,0.980545,1.584092,0.831711,-0.404531,O02_L15_01,2.900177,-1
548.0375,0.028462,0.000492,-0.022854,0.135666,-0.145828,0.97995,1.584101,0.830743,-0.414342,O02_L15_01,2.842926,-1
548.0485,0.028469,0.00049,-0.022849,0.131363,-0.144623,0.980713,1.584106,0.831615,-0.407583,O02_L15_01,2.825775,-1
548.0596,0.028469,0.00049,-0.022849,0.131363,-0.144623,0.980713,1.584005,0.829529,-0.409083,O02_L15_01,2.825775,-1
548.0708,0.028476,0.000489,-0.022849,0.123657,-0.14473,0.981705,1.583808,0.827222,-0.396626,O02_L15_01,2.780716,-1
548.082,0.028491,0.000481,-0.022837,0.12291,-0.144318,0.981857,1.583733,0.825727,-0.397126,O02_L15_01,2.755783,-1
548.093,0.028503,0.000476,-0.022864,0.122452,-0.14151,0.98233,1.583905,0.828859,-0.398443,O02_L15_01,2.744217,-1
548.1042,0.028503,0.000476,-0.022864,0.122452,-0.14151,0.98233,1.583795,0.826477,-0.400816,O02_L15_01,2.744217,-1
548.1153,0.028509,0.000476,-0.022868,0.1194,-0.146454,0.981979,1.583154,0.814482,-0.398843,O02_L15_01,2.720642,-1
548.1263,0.028513,0.000476,-0.022899,0.112351,-0.144669,0.983078,1.583229,0.817178,-0.388029,O02_L15_01,2.712234,-1
548.1374,0.028513,0.000476,-0.022899,0.112351,-0.144669,0.983078,1.583152,0.815351,-0.391145,O02_L15_01,2.712234,-1
548.1486,0.028521,0.000453,-0.022832,0.10025,-0.139816,0.985077,1.583512,0.824571,-0.371033,O02_L15_01,2.609131,-1
548.1597,0.028448,0.000463,-0.023423,0.106278,-0.149384,0.983048,1.58248,0.803005,-0.387163,O02_L15_01,2.493546,-1
548.1708,0.028446,0.000493,-0.023564,0.122742,-0.15741,0.979858,1.581603,0.781946,-0.424099,O02_L15_01,2.587479,-1
548.1819,0.028446,0.000493,-0.023564,0.122742,-0.15741,0.979858,1.581497,0.779393,-0.428559,O02_L15_01,2.587479,-1
548.1929,0.028452,0.000482,-0.023511,0.116974,-0.152115,0.9814,1.581968,0.789302,-0.420741,O02_L15_01,2.588913,-1
548.2042,0.028454,0.000469,-0.023463,0.115387,-0.148926,0.982086,1.582206,0.793704,-0.421943,O02_L15_01,2.633682,-1
548.2155,0.028454,0.000469,-0.023463,0.115387,-0.148926,0.982086,1.582124,0.791544,-0.426921,O02_L15_01,2.633682,-1
548.2263,0.028454,0.000465,-0.023448,0.113541,-0.150833,0.98201,1.581847,0.786034,-0.428897,O02_L15_01,2.624786,-1
548.2374,0.028465,0.000378,-0.022933,0.116028,-0.161179,0.980072,1.58069,0.762597,-0.440551,O02_L15_01,2.612915,-1
548.2485,0.028465,0.000378,-0.022933,0.116028,-0.161179,0.980072,1.58064,0.761014,-0.445911,O02_L15_01,2.612915,-1
548.2596,0.028476,0.000378,-0.022933,0.115143,-0.161255,0.980164,1.580591,0.759597,-0.450024,O02_L15_01,2.626236,-1
548.2708,0.028554,0.000507,-0.023597,0.107681,-0.147568,0.98317,1.581985,0.787413,-0.439568,O02_L15_01,2.611694,-1
548.2819,0.028554,0.000507,-0.023597,0.107681,-0.147568,0.98317,1.581948,0.78606,-0.445047,O02_L15_01,2.611694,-1
548.293,0.028587,0.000497,-0.023593,0.084351,-0.154343,0.984406,1.581085,0.774024,-0.407336,O02_L15_01,2.492065,-1
548.3041,0.028603,0.000493,-0.023581,0.084183,-0.148361,0.985336,1.58164,0.784004,-0.41252,O02_L15_01,2.549271,-1
548.3152,0.028614,0.000485,-0.023552,0.08194,-0.149857,0.985306,1.581389,0.778968,-0.414608,O02_L15_01,2.589798,-1
548.3263,0.028614,0.000485,-0.023552,0.08194,-0.149857,0.985306,1.581343,0.777416,-0.420425,O02_L15_01,2.589798,-1
548.3374,0.028623,0.000469,-0.023489,0.078445,-0.149796,0.985596,1.581291,0.77648,-0.419901,O02_L15_01,2.590927,-1
548.3486,0.028635,0.000475,-0.023502,0.077683,-0.147217,0.986038,1.581565,0.781179,-0.424422,O02_L15_01,2.596283,-1
548.3597,0.028635,0.000475,-0.023502,0.077683,-0.147217,0.986038,1.581602,0.781256,-0.429767,O02_L15_01,2.596283,-1
548.3707,0.028652,0.000482,-0.023528,0.078156,-0.149826,0.985611,1.58136,0.775866,-0.43633,O02_L15_01,2.614517,-1
548.3818,0.028671,0.000489,-0.023536,0.07634,-0.150787,0.985611,1.581318,0.774914,-0.437656,O02_L15_01,2.623154,-1
548.3929,0.028671,0.000489,-0.023536,0.07634,-0.150787,0.985611,1.581405,0.77612,-0.441451,O02_L15_01,2.623154,-1
548.4041,0.02879,0.000541,-0.023629,0.072815,-0.153397,0.985474,1.581226,0.773093,-0.438299,O02_L15_01,2.78244,-1
548.4151,0.028814,0.000527,-0.023558,0.06395,-0.156174,0.985642,1.581022,0.770878,-0.423954,O02_L15_01,2.657639,-1
548.4262,0.028814,0.000524,-0.023558,0.063675,-0.160553,0.984955,1.580655,0.763621,-0.426164,O02_L15_01,2.656448,-1
548.4373,0.028814,0.000524,-0.023558,0.063675,-0.160553,0.984955,1.580771,0.76559,-0.428147,O02_L15_01,2.656448,-1
548.4485,0.028709,0.000458,-0.023471,0.069519,-0.169006,0.983154,1.590098,0.742274,-0.44528,O02_G06_03,2.635147,-1
548.4596,0.028705,0.000424,-0.023418,0.072418,-0.169205,0.98291,1.590533,0.742274,-0.452472,O02_G06_03,2.528168,-1
548.4706,0.028705,0.000424,-0.023418,0.072418,-0.169205,0.98291,1.580063,0.749425,-0.450815,O02_L15_01,2.528168,-1
548.4818,0.028714,0.000421,-0.023449,0.067688,-0.174698,0.982285,1.575433,0.742274,-0.442086,O02_G06_03,2.552429,-1
548.4928,0.028721,0.000416,-0.02346,0.068542,-0.176239,0.981949,1.570551,0.742274,-0.443864,O02_G06_03,2.55191,-1
548.5042,0.028721,0.000416,-0.02346,0.068542,-0.176239,0.981949,1.571021,0.742274,-0.44575,O02_G06_03,2.55191,-1
548.515,0.028724,0.00041,-0.02346,0.068558,-0.176697,0.981873,1.56865,0.742274,-0.446838,O02_G06_03,2.552155,-1
548.5261,0.028727,0.000404,-0.023452,0.068985,-0.178665,0.981476,1.560095,0.742274,-0.447208,O02_G06_03,2.554901,-1
548.5372,0.028731,0.000395,-0.02346,0.068802,-0.179764,0.981293,1.552653,0.742274,-0.446617,O02_G06_03,2.561157,-1
548.5485,0.028731,0.000395,-0.02346,0.068802,-0.179764,0.981293,1.548381,0.742274,-0.447583,O02_G06_03,2.561157,-1
548.5594,0.028735,0.000385,-0.023468,0.068497,-0.178772,0.981491,1.546604,0.742274,-0.449111,O02_G06_03,2.566437,-1
548.5706,0.028736,0.000381,-0.023471,0.068542,-0.177872,0.981659,1.543511,0.742274,-0.450824,O02_G06_03,2.567535,-1
548.5818,0.028736,0.000381,-0.023471,0.068542,-0.177872,0.981659,1.53607,0.742274,-0.451492,O02_G06_03,2.567535,-1
548.5928,0.028742,0.000368,-0.023499,0.067566,-0.175385,0.982163,1.53585,0.742274,-0.4521,O02_G06_03,2.586365,-1
548.6039,0.028753,0.000356,-0.023499,0.06749,-0.175964,0.982071,1.523501,0.742274,-0.450736,O02_G06_03,2.628708,-1
548.6151,0.028753,0.000356,-0.023499,0.06749,-0.175964,0.982071,1.512314,0.742274,-0.449539,O02_G06_03,2.628708,-1
548.6261,0.028763,0.000352,-0.023499,0.066391,-0.179047,0.981583,1.488995,0.742274,-0.441866,O02_G06_03,2.629974,-1
548.6372,0.028771,0.000336,-0.023499,0.066437,-0.176331,0.982071,1.483723,0.742274,-0.44118,O02_G06_03,2.642715,-1
548.6483,0.028771,0.000336,-0.023499,0.066437,-0.176331,0.982071,1.46811,0.742274,-0.437526,O02_G06_03,2.642715,-1
548.6594,0.028784,0.000327,-0.023499,0.065247,-0.174439,0.982498,1.459122,0.742274,-0.433595,O02_G06_03,2.666779,-1
548.6705,0.028797,0.000305,-0.023449,0.064606,-0.172699,0.982849,1.452999,0.738962,-0.431517,O02_G06_03,2.675491,-1
548.6816,0.028816,0.000305,-0.023387,0.0634,-0.175766,0.982376,1.452999,0.722364,-0.430619,O02_G06_03,2.676529,-1
548.6928,0.028816,0.000305,-0.023387,0.0634,-0.175766,0.982376,1.452999,0.711448,-0.431704,O02_G06_03,2.676529,-1
548.7039,0.028829,0.000305,-0.023327,0.062576,-0.176025,0.982391,1.452999,0.701606,-0.431056,O02_G06_03,2.6828,-1
548.715,0.028835,0.000305,-0.023312,0.062805,-0.176621,0.982269,1.452999,0.692086,-0.431745,O02_G06_03,2.699463,-1
548.726,0.028922,0.000566,-0.023669,0.06337,-0.140183,0.988083,1.48408,0.742274,-0.441306,O02_G06_03,2.763596,-1
548.7372,0.028922,0.000566,-0.023669,0.06337,-0.140183,0.988083,1.476042,0.742274,-0.438993,O02_G06_03,2.763596,-1
548.7484,0.028938,0.000594,-0.023641,0.059875,-0.13858,0.988525,1.477746,0.742274,-0.432739,O02_G06_03,2.718369,-1
548.7595,0.028947,0.000617,-0.023655,0.062744,-0.137741,0.988464,1.473714,0.742274,-0.437094,O02_G06_03,2.85173,-1
548.7704,0.028947,0.000617,-0.023655,0.062744,-0.137741,0.988464,1.470393,0.742274,-0.436434,O02_G06_03,2.85173,-1
548.7817,0.028951,0.000597,-0.023641,0.061356,-0.133423,0.989151,1.482314,0.742274,-0.437912,O02_G06_03,2.782501,-1
548.7927,0.028958,0.000594,-0.023553,0.063705,-0.136459,0.988586,1.468871,0.742274,-0.438921,O02_G06_03,2.763916,-1
548.8037,0.028958,0.000594,-0.023553,0.063705,-0.136459,0.988586,1.46727,0.742274,-0.439651,O02_G06_03,2.763916,-1
548.815,0.028951,0.000597,-0.023641,0.060974,-0.12825,0.989853,1.495191,0.742274,-0.443091,O02_G06_03,2.761932,-1
548.8261,0.028951,0.000617,-0.023655,0.060837,-0.131653,0.98941,1.482705,0.742274,-0.439764,O02_G06_03,2.760757,-1
548.8372,0.028957,0.000617,-0.023681,0.061768,-0.126404,0.990051,1.498681,0.742274,-0.446502,O02_G06_03,2.781265,-1
548.8483,0.028957,0.000617,-0.023681,0.061768,-0.126404,0.990051,1.498045,0.742274,-0.446073,O02_G06_03,2.781265,-1
548.8594,0.028958,0.000691,-0.024125,0.05809,-0.11438,0.99173,1.541119,0.742274,-0.450725,O02_G06_03,2.792419,-1
548.8705,0.02896,0.000847,-0.024875,0.052307,-0.100861,0.993515,1.580066,0.749677,-0.449154,O02_L15_01,2.797058,-1
548.8816,0.02896,0.000847,-0.024875,0.052307,-0.100861,0.993515,1.580128,0.751072,-0.447348,O02_L15_01,2.797058,-1
548.8927,0.028964,0.000904,-0.025078,0.04953,-0.098419,0.993897,1.580443,0.757931,-0.440117,O02_L15_01,2.754486,-1
548.9037,0.028967,0.000908,-0.025099,0.047028,-0.098175,0.994049,1.580499,0.759829,-0.433101,O02_L15_01,2.765503,-1
548.9149,0.028967,0.000908,-0.025099,0.047028,-0.098175,0.994049,1.580518,0.76049,-0.430523,O02_L15_01,2.765503,-1
548.9261,0.028967,0.000909,-0.025103,0.046692,-0.097992,0.99408,1.580555,0.76161,-0.426958,O02_L15_01,2.792374,-1
548.9372,0.029005,0.001324,-0.026482,0.008362,-0.094818,0.995453,1.580852,0.775959,-0.352947,O02_L15_01,2.596664,-1
548.9482,0.029139,0.000988,-0.025128,0.007568,-0.055191,0.998444,1.584852,0.852736,-0.348911,O02_L15_01,2.738388,-1
548.9594,0.029139,0.000988,-0.025128,0.007568,-0.055191,0.998444,1.584774,0.851733,-0.344766,O02_L15_01,2.738388,-1
548.9704,0.029146,0.000808,-0.024085,0.017563,-0.071854,0.997253,1.583006,0.816345,-0.358942,O02_L15_01,2.880936,-1
548.9815,0.029124,0.000976,-0.02489,0.012375,-0.060028,0.998108,1.583989,0.836729,-0.345026,O02_L15_01,2.81424,-1
548.9927,0.029124,0.000976,-0.02489,0.012375,-0.060028,0.998108,1.58374,0.832454,-0.340997,O02_L15_01,2.81424,-1
549.0038,0.029121,0.00099,-0.024923,0.007004,-0.061081,0.998108,1.58326,0.824951,-0.326745,O02_L15_01,2.813278,-1
549.015,0.029123,0.000988,-0.024905,0.011307,-0.061081,0.998062,1.582897,0.817639,-0.330152,O02_L15_01,2.837372,-1
549.0259,0.029123,0.000988,-0.024905,0.011307,-0.061081,0.998062,1.582548,0.81147,-0.325994,O02_L15_01,2.837372,-1
549.037,0.029125,0.000961,-0.024838,0.014191,-0.059189,0.998138,1.582376,0.808145,-0.326362,O02_L15_01,2.840286,-1
549.0482,0.029117,0.000672,-0.023216,0.034698,-0.081116,0.996094,1.579831,0.755691,-0.359675,O02_L15_01,2.820541,-1
549.0594,0.029085,0.00085,-0.023978,0.029282,-0.067001,0.997315,1.580928,0.778354,-0.34478,O02_L15_01,2.843094,-1
549.0703,0.029085,0.00085,-0.023978,0.029282,-0.067001,0.997315,1.580576,0.772218,-0.339935,O02_L15_01,2.843094,-1
549.0815,0.029062,0.001036,-0.024795,0.022751,-0.053528,0.998291,1.581519,0.792242,-0.322631,O02_L15_01,2.854828,-1
549.0928,0.029017,0.001073,-0.024696,0.025803,-0.051361,0.998337,1.581355,0.789029,-0.323284,O02_L15_01,2.856583,-1
549.104,0.029017,0.001073,-0.024696,0.025803,-0.051361,0.998337,1.655284,0.742274,-0.330635,O02_G06_03,2.856583,-1
549.1151,0.029017,0.001066,-0.024624,0.031219,-0.043365,0.998566,1.674855,0.742274,-0.338321,O02_G06_03,2.858932,-1
549.1262,0.029013,0.000845,-0.023488,0.041077,-0.063217,0.997147,1.589139,0.742274,-0.337628,O02_G06_03,2.881805,-1
549.137,0.029013,0.000845,-0.023488,0.041077,-0.063217,0.997147,1.582819,0.742274,-0.331552,O02_G06_03,2.881805,-1
549.1482,0.02901,0.000848,-0.023476,0.049072,-0.059387,0.997025,1.589539,0.742274,-0.341526,O02_G06_03,2.838562,-1
549.1593,0.028996,0.000845,-0.023461,0.047073,-0.053329,0.997452,1.606862,0.742274,-0.335168,O02_G06_03,2.840439,-1
549.1704,0.028939,0.000769,-0.023004,0.070175,-0.047882,0.996384,1.619131,0.742274,-0.374298,O02_G06_03,2.874832,-1
549.1815,0.028939,0.000769,-0.023004,0.070175,-0.047882,0.996384,1.613744,0.742274,-0.367889,O02_G06_03,2.874832,-1
549.1925,0.028928,0.000769,-0.022972,0.074631,-0.049072,0.995987,1.604356,0.742274,-0.369194,O02_G06_03,2.862869,-1
549.2037,0.028909,0.000797,-0.023014,0.079636,-0.047546,0.995682,1.604,0.742274,-0.373331,O02_G06_03,2.773254,-1
549.2149,0.028909,0.000797,-0.023014,0.079636,-0.047546,0.995682,1.598423,0.742274,-0.367655,O02_G06_03,2.773254,-1
549.226,0.028889,0.000822,-0.023063,0.076263,-0.045654,0.996033,1.600566,0.742274,-0.356863,O02_G06_03,2.788834,-1
549.2369,0.028861,0.000885,-0.023247,0.07225,-0.046295,0.996307,1.592896,0.742274,-0.343799,O02_G06_03,2.75647,-1
549.2482,0.028861,0.000885,-0.023247,0.07225,-0.046295,0.996307,1.587917,0.742274,-0.338441,O02_G06_03,2.75647,-1
549.2594,0.028839,0.000945,-0.023437,0.070404,-0.048615,0.996323,1.57562,0.742274,-0.329312,O02_G06_03,2.751785,-1
549.2704,0.028826,0.000955,-0.023445,0.069809,-0.050201,0.996292,1.567855,0.742274,-0.323591,O02_G06_03,2.743912,-1
549.2814,0.028734,0.000942,-0.023358,0.089996,-0.042969,0.99501,1.590103,0.742274,-0.360075,O02_G06_03,2.803833,2.381866
549.2925,0.028734,0.000942,-0.023358,0.089996,-0.042969,0.99501,1.589457,0.742274,-0.356918,O02_G06_03,2.803833,2.381866
549.3037,0.02872,0.000974,-0.023457,0.086487,-0.045059,0.995224,1.582873,0.742274,-0.347313,O02_G06_03,2.614563,5.099991
549.3148,0.028713,0.000958,-0.023407,0.089737,-0.043304,0.99501,1.591737,0.742274,-0.353213,O02_G06_03,2.6353,3.893005
549.3259,0.028695,0.000945,-0.023386,0.093536,-0.041321,0.994751,1.601448,0.742274,-0.360598,O02_G06_03,2.65358,-1
549.3369,0.028695,0.000945,-0.023386,0.093536,-0.041321,0.994751,1.604797,0.742274,-0.361139,O02_G06_03,2.65358,-1
549.3481,0.028676,0.000943,-0.023367,0.094955,-0.040619,0.994644,1.611137,0.742274,-0.364824,O02_G06_03,2.654053,2.575638
549.3591,0.028658,0.000943,-0.023353,0.100037,-0.040222,0.994156,1.616622,0.742274,-0.375461,O02_G06_03,2.682098,2.455383
549.3702,0.028658,0.000943,-0.023353,0.100037,-0.040222,0.994156,1.622707,0.742274,-0.377302,O02_G06_03,2.682098,2.455383
549.3814,0.028638,0.000943,-0.023342,0.102112,-0.040588,0.993942,1.627699,0.742274,-0.3833,O02_G06_03,2.693649,2.457077
549.3925,0.028621,0.000944,-0.023353,0.099274,-0.040192,0.994232,1.63668,0.742274,-0.380483,O02_G06_03,2.697083,2.44133
549.4036,0.028621,0.000944,-0.023353,0.099274,-0.040192,0.994232,1.643491,0.742274,-0.382888,O02_G06_03,2.697083,2.44133
549.4147,0.028654,0.001033,-0.023598,0.082565,-0.037506,0.995865,1.661912,0.742274,-0.355785,O02_G06_03,2.662308,2.395874
549.4261,0.028705,0.001059,-0.023602,0.068802,-0.039185,0.996857,1.662719,0.742274,-0.331595,O02_G06_03,2.670624,2.404495
549.4368,0.028715,0.001043,-0.02354,0.078949,-0.040085,0.996063,1.667262,0.742274,-0.352699,O02_G06_03,2.692612,2.40538
549.4482,0.028715,0.001043,-0.02354,0.078949,-0.040085,0.996063,1.675733,0.742274,-0.35622,O02_G06_03,2.692612,2.40538
549.459,0.02872,0.001022,-0.023493,0.080688,-0.037766,0.996018,1.692198,0.742274,-0.363972,O02_G06_03,2.734009,-1
549.4702,0.02872,0.001024,-0.02354,0.080032,-0.038025,0.996063,1.698047,0.742274,-0.365833,O02_G06_03,2.694107,-1
549.4813,0.02872,0.001024,-0.02354,0.080032,-0.038025,0.996063,1.70349,0.742274,-0.36864,O02_G06_03,2.694107,-1
549.4924,0.028721,0.001024,-0.023548,0.08017,-0.038116,0.996048,1.708221,0.742274,-0.371754,O02_G06_03,2.693817,-1
549.5035,0.028722,0.001022,-0.023579,0.078079,-0.042038,0.996048,1.697749,0.742274,-0.3681,O02_G06_03,2.73082,-1
549.5146,0.028722,0.001022,-0.023579,0.078079,-0.042038,0.996048,1.700579,0.742274,-0.371508,O02_G06_03,2.73082,-1
549.526,0.028722,0.001018,-0.023552,0.077927,-0.046112,0.99588,1.68821,0.742274,-0.371936,O02_G06_03,2.734268,-1
549.5369,0.028724,0.001017,-0.023548,0.076492,-0.048569,0.99588,1.680711,0.742274,-0.370815,O02_G06_03,2.750687,5.387207
549.548,0.028724,0.001017,-0.023548,0.076492,-0.048569,0.99588,1.681895,0.742274,-0.374118,O02_G06_03,2.750687,5.387207
549.5592,0.028734,0.001004,-0.023544,0.076843,-0.052536,0.995651,1.667295,0.742274,-0.375064,O02_G06_03,2.751221,-1
549.5702,0.028752,0.000975,-0.023544,0.079819,-0.053375,0.995377,1.661628,0.742274,-0.381927,O02_G06_03,2.749496,-1
549.5814,0.028767,0.000938,-0.023493,0.080017,-0.050858,0.995483,1.667985,0.742274,-0.385885,O02_G06_03,2.751465,-1
549.5924,0.028767,0.000938,-0.023493,0.080017,-0.050858,0.995483,1.661954,0.742274,-0.386954,O02_G06_03,2.751465,-1
549.6036,0.028776,0.000913,-0.023437,0.082565,-0.050095,0.995316,1.657657,0.742274,-0.393033,O02_G06_03,2.752762,-1
549.6146,0.028783,0.000892,-0.023433,0.076263,-0.052505,0.995697,1.639022,0.742274,-0.380722,O02_G06_03,2.768677,-1
549.6257,0.028783,0.000892,-0.023433,0.076263,-0.052505,0.995697,1.627892,0.742274,-0.381201,O02_G06_03,2.768677,-1
549.6368,0.02879,0.000886,-0.023427,0.076843,-0.058563,0.995316,1.597693,0.742274,-0.379241,O02_G06_03,2.764893,-1
549.648,0.028804,0.000854,-0.023419,0.076675,-0.056656,0.995438,1.595179,0.742274,-0.381522,O02_G06_03,2.765488,-1
549.659,0.028804,0.000833,-0.023387,0.073395,-0.054855,0.995789,1.593719,0.742274,-0.378587,O02_G06_03,2.769318,-1
549.6701,0.028804,0.000833,-0.023387,0.073395,-0.054855,0.995789,1.585254,0.742274,-0.379578,O02_G06_03,2.769318,-1
549.6813,0.028806,0.000859,-0.02343,0.055878,-0.037033,0.997742,1.627181,0.742274,-0.360005,O02_G06_03,2.730652,-1
549.6923,0.028782,0.001082,-0.023465,0.050888,-0.067352,0.996429,1.511979,0.742274,-0.332882,O02_G06_03,2.662964,5.102188
549.7034,0.028782,0.001082,-0.023465,0.050888,-0.067352,0.996429,1.503195,0.742274,-0.334773,O02_G06_03,2.662964,5.102188
549.7147,0.028773,0.001328,-0.023508,0.051209,-0.059448,0.996903,1.53307,0.742274,-0.344585,O02_G06_03,2.802856,5.070221
549.7257,0.028754,0.001312,-0.0238,0.043106,-0.042007,0.998184,1.597975,0.742274,-0.345783,O02_G06_03,2.62384,-1
549.7368,0.028754,0.001312,-0.0238,0.043106,-0.042007,0.998184,1.605512,0.742274,-0.347977,O02_G06_03,2.62384,-1
549.748,0.028756,0.001321,-0.023747,0.051987,-0.054901,0.997131,1.574434,0.742274,-0.35641,O02_G06_03,2.699783,-1
549.759,0.028769,0.001321,-0.023747,0.044128,-0.047638,0.997879,1.605729,0.742274,-0.350576,O02_G06_03,2.676971,-1
549.77,0.028726,0.001342,-0.023702,0.030319,-0.044922,0.99852,1.617751,0.742274,-0.330672,O02_G06_03,2.739761,-1
549.7813,0.028726,0.001342,-0.023702,0.030319,-0.044922,0.99852,1.616688,0.742274,-0.331243,O02_G06_03,2.739761,-1
549.7923,0.028724,0.001331,-0.023726,0.030167,-0.052689,0.998154,1.595057,0.742274,-0.328664,O02_G06_03,2.711823,-1
549.8034,0.028725,0.001304,-0.023718,0.030838,-0.051712,0.998184,1.604944,0.742274,-0.335873,O02_G06_03,2.733826,-1
549.8148,0.028725,0.001304,-0.023718,0.030838,-0.051712,0.998184,1.610745,0.742274,-0.340823,O02_G06_03,2.733826,-1
549.8256,0.028724,0.001288,-0.023735,0.030975,-0.05365,0.998077,1.609096,0.742274,-0.344847,O02_G06_03,2.729385,-1
549.8369,0.028722,0.001253,-0.02375,0.034241,-0.050156,0.998154,1.625236,0.742274,-0.358102,O02_G06_03,2.729111,-1
549.848,0.028722,0.001253,-0.02375,0.034241,-0.050156,0.998154,1.629502,0.742274,-0.362551,O02_G06_03,2.729111,-1
549.8591,0.028712,0.001235,-0.023735,0.030945,-0.061737,0.997604,1.598841,0.742274,-0.353391,O02_G06_03,2.734756,-1
549.8701,0.028731,0.000971,-0.023469,0.030563,-0.041092,0.998673,1.671214,0.742274,-0.376291,O02_G06_03,2.840073,-1
549.8813,0.028731,0.000971,-0.023469,0.030563,-0.041092,0.998673,1.676342,0.742274,-0.38356,O02_G06_03,2.840073,-1
549.8923,0.028714,0.000855,-0.023432,0.031723,-0.04097,0.998642,1.675661,0.742274,-0.391432,O02_G06_03,2.851715,-1
549.9033,0.028692,0.000708,-0.023289,0.032028,-0.042023,0.998596,1.665308,0.742274,-0.395878,O02_G06_03,2.823685,-1
549.9145,0.0287,0.000687,-0.023273,0.028259,-0.055023,0.998077,1.616013,0.742274,-0.381844,O02_G06_03,2.82637,-1
549.9257,0.0287,0.000687,-0.023273,0.028259,-0.055023,0.998077,1.604703,0.742274,-0.384664,O02_G06_03,2.82637,-1
549.9367,0.028722,0.000711,-0.023391,0.024246,-0.048569,0.99852,1.614831,0.742274,-0.386911,O02_G06_03,2.838135,-1
549.9477,0.028749,0.00073,-0.023485,0.018921,-0.047348,0.998688,1.606176,0.742274,-0.381471,O02_G06_03,2.827667,-1
549.959,0.028771,0.00074,-0.023529,0.020081,-0.046188,0.998718,1.594435,0.742274,-0.385823,O02_G06_03,2.834213,-1
549.97,0.028771,0.00074,-0.023529,0.020081,-0.046188,0.998718,1.578936,0.742274,-0.386089,O02_G06_03,2.834213,-1
549.9811,0.028779,0.000749,-0.023537,0.021362,-0.047699,0.998627,1.55657,0.742274,-0.385534,O02_G06_03,2.830338,-1
549.9923,0.028899,0.000835,-0.023567,0.003174,-0.027573,0.999603,1.602551,0.742274,-0.372226,O02_G06_03,2.761475,-1
550.0034,0.028899,0.000835,-0.023567,0.003174,-0.027573,0.999603,1.587652,0.742274,-0.371797,O02_G06_03,2.761475,-1
550.0146,0.028929,0.000876,-0.023547,-0.007202,-0.026932,0.999603,1.579759,0.742274,-0.35627,O02_G06_03,2.703232,5.154907
550.0255,0.028943,0.000887,-0.023547,-0.004456,-0.019485,0.999786,1.589814,0.742274,-0.367631,O02_G06_03,2.671127,-1
550.0367,0.028943,0.000887,-0.023547,-0.004456,-0.019485,0.999786,1.578758,0.742274,-0.367737,O02_G06_03,2.671127,-1
550.0478,0.028952,0.000962,-0.023567,-0.004822,-0.034424,0.99939,1.527205,0.742274,-0.354794,O02_G06_03,2.698288,-1
550.0589,0.028971,0.00102,-0.023604,-0.005814,-0.018463,0.999802,1.558699,0.742274,-0.364883,O02_G06_03,2.701385,-1
550.07,0.028978,0.001034,-0.023612,-0.008713,-0.014542,0.999847,1.557575,0.742274,-0.361798,O02_G06_03,2.698563,-1
550.0811,0.028978,0.001034,-0.023612,-0.008713,-0.014542,0.999847,1.546691,0.742274,-0.360478,O02_G06_03,2.698563,-1
550.0922,0.028992,0.001062,-0.023624,-0.010117,-0.012878,0.999863,1.542418,0.742274,-0.358871,O02_G06_03,2.704529,-1
550.1034,0.029015,0.001101,-0.023672,-0.011337,-0.015198,0.999817,1.530417,0.742274,-0.353997,O02_G06_03,2.702774,-1
550.1145,0.029015,0.001101,-0.023672,-0.011337,-0.015198,0.999817,1.528311,0.742274,-0.353323,O02_G06_03,2.702774,-1
550.1257,0.029039,0.001132,-0.023737,-0.015823,-0.015366,0.999756,1.528873,0.742274,-0.345868,O02_G06_03,2.696167,-1
550.1365,0.029062,0.001163,-0.023774,-0.024735,-0.019974,0.999481,1.524865,0.742274,-0.328923,O02_G06_03,2.681793,-1
550.1477,0.029062,0.001163,-0.023774,-0.024735,-0.019974,0.999481,1.531753,0.742274,-0.329256,O02_G06_03,2.681793,-1
550.1588,0.029073,0.001172,-0.023821,-0.02536,-0.011795,0.999603,1.561578,0.742274,-0.334164,O02_G06_03,2.682846,-1
550.1699,0.029111,0.001269,-0.024018,-0.02742,-0.00621,0.999603,1.583695,0.742274,-0.333897,O02_G06_03,2.671494,-1
550.1811,0.029141,0.001334,-0.024043,-0.02652,-0.002716,0.999634,1.599158,0.742274,-0.33527,O02_G06_03,2.656693,-1
550.1922,0.029141,0.001334,-0.024043,-0.02652,-0.002716,0.999634,1.604242,0.742274,-0.332165,O02_G06_03,2.656693,-1
550.2032,0.029151,0.001334,-0.024074,-0.024445,-0.000793,0.999695,1.613528,0.742274,-0.333638,O02_G06_03,2.646286,4.736221
550.2144,0.029151,0.001334,-0.024094,-0.024582,0.000488,0.999695,1.621193,0.742274,-0.331347,O02_G06_03,2.646179,-1
550.2254,0.029151,0.001334,-0.024094,-0.024582,0.000488,0.999695,1.625576,0.742274,-0.328676,O02_G06_03,2.646179,-1
550.2366,0.029151,0.001334,-0.024142,-0.024902,0.003433,0.99968,1.638221,0.742274,-0.328036,O02_G06_03,2.645966,-1
550.2479,0.029151,0.001334,-0.024108,-0.024033,0.001373,0.999695,1.635954,0.742274,-0.325055,O02_G06_03,2.655853,4.555298
550.2589,0.029151,0.001334,-0.024108,-0.024033,0.001373,0.999695,1.639821,0.742274,-0.322493,O02_G06_03,2.655853,4.555298
550.2698,0.029143,0.001307,-0.024108,-0.022308,0.000122,0.999741,1.640478,0.742274,-0.321602,O02_G06_03,2.651016,-1
550.2809,0.029114,0.001295,-0.024108,-0.018784,0.001282,0.999817,1.64774,0.742274,-0.325822,O02_G06_03,2.659958,5.228271
550.2922,0.029078,0.001272,-0.024108,-0.014969,0.002701,0.999878,1.655204,0.742274,-0.330645,O02_G06_03,2.660446,-1
550.3032,0.029078,0.001272,-0.024108,-0.014969,0.002701,0.999878,1.660479,0.742274,-0.329242,O02_G06_03,2.660446,-1
550.3143,0.029037,0.00125,-0.024042,-0.011841,0.000763,0.999924,1.659745,0.742274,-0.332099,O02_G06_03,2.666443,-1
550.3254,0.029003,0.001217,-0.023955,-0.012939,-0.00145,0.999908,1.660769,0.742274,-0.329381,O02_G06_03,2.667892,-1
550.3365,0.029003,0.001217,-0.023955,-0.012939,-0.00145,0.999908,1.668442,0.742274,-0.33239,O02_G06_03,2.667892,-1
550.3477,0.028987,0.001182,-0.02391,-0.010834,0.002838,0.999924,1.687766,0.742274,-0.343407,O02_G06_03,2.665359,-1
550.3588,0.028968,0.001167,-0.02389,-0.009506,0.004852,0.999939,1.701689,0.742274,-0.353192,O02_G06_03,2.652908,-1
550.3698,0.028937,0.001158,-0.02385,0.001053,0.002045,0.999985,1.698011,0.742274,-0.374173,O02_G06_03,2.647949,-1
550.381,0.028937,0.001158,-0.02385,0.001053,0.002045,0.999985,1.704994,0.742274,-0.382171,O02_G06_03,2.647949,-1
550.3921,0.02891,0.001154,-0.023842,-0.002411,0.001831,0.999985,1.712074,0.742274,-0.383968,O02_G06_03,2.6483,-1
550.4031,0.028846,0.001136,-0.023636,0.002228,-0.00769,0.999954,1.68894,0.742274,-0.39014,O02_G06_03,2.632599,-1
550.4143,0.028846,0.001136,-0.023636,0.002228,-0.00769,0.999954,1.693562,0.742274,-0.397107,O02_G06_03,2.632599,-1
550.4254,0.028828,0.00111,-0.023636,0.003281,-0.006348,0.99997,1.70037,0.742274,-0.406822,O02_G06_03,2.629745,5.371933
550.4367,0.028828,0.001073,-0.023617,0.003342,-0.000626,0.999985,1.7199,0.742274,-0.418652,O02_G06_03,2.61171,5.267761
550.4476,0.028828,0.001073,-0.023611,0.003342,-0.001022,0.999985,1.72319,0.742274,-0.424637,O02_G06_03,2.606033,-1
550.4587,0.028828,0.001073,-0.023611,0.003342,-0.001022,0.999985,1.727526,0.742274,-0.43005,O02_G06_03,2.606033,-1
550.4698,0.028966,0.00112,-0.0237,-0.011536,-0.008163,0.999893,1.720743,0.742274,-0.406194,O02_G06_03,2.659531,-1
550.4819,0.028992,0.001121,-0.023722,-0.018875,-0.007355,0.999786,1.73291,0.742274,-0.400377,O02_G06_03,2.659409,-1
550.4921,0.028992,0.001121,-0.023722,-0.018875,-0.007355,0.999786,1.741225,0.742274,-0.404487,O02_G06_03,2.659409,-1
550.5031,0.029025,0.001132,-0.023739,-0.024735,-0.009842,0.999634,1.745349,0.742274,-0.396473,O02_G06_03,2.671844,-1
550.5142,0.029043,0.001136,-0.023772,-0.024353,-0.01268,0.999619,1.746291,0.742274,-0.397409,O02_G06_03,2.67395,-1
550.5253,0.029043,0.001136,-0.023772,-0.024353,-0.01268,0.999619,1.754411,0.742274,-0.398467,O02_G06_03,2.67395,-1
550.5365,0.029081,0.001143,-0.023816,-0.022903,-0.015427,0.999603,1.753049,0.742274,-0.398722,O02_G06_03,2.672089,-1
550.5475,0.029115,0.001136,-0.023848,-0.020752,-0.012985,0.999695,1.762843,0.742274,-0.402841,O02_G06_03,2.664124,-1
550.5587,0.02914,0.001129,-0.023871,-0.018112,-0.013153,0.999741,1.758226,0.742274,-0.40182,O02_G06_03,2.663376,4.70549
550.5698,0.02914,0.001129,-0.023871,-0.018112,-0.013153,0.999741,1.754881,0.742274,-0.397664,O02_G06_03,2.663376,4.70549
550.5809,0.029254,0.00133,-0.024246,-0.023697,-0.037033,0.999023,1.704262,0.742274,-0.37054,O02_G06_03,2.636185,4.831406
550.5921,0.029274,0.001333,-0.024143,-0.016785,-0.03511,0.999237,1.721933,0.742274,-0.382994,O02_G06_03,2.603424,4.845779
550.6031,0.029274,0.001333,-0.024143,-0.016785,-0.03511,0.999237,1.748144,0.742274,-0.385611,O02_G06_03,2.603424,4.845779
550.6143,0.029259,0.001271,-0.024165,-0.01152,-0.035019,0.999313,1.768202,0.742274,-0.393787,O02_G06_03,2.633621,5.398102
550.6253,0.029242,0.001254,-0.023929,-0.01123,-0.038513,0.999191,1.78504,0.742274,-0.392307,O02_G06_03,2.739273,5.88269
550.6364,0.029242,0.001254,-0.023929,-0.01123,-0.038513,0.999191,1.802769,0.742274,-0.392293,O02_G06_03,2.739273,5.88269
550.6474,0.029219,0.001251,-0.02389,-0.006744,-0.048523,0.998795,1.784155,0.742274,-0.388481,O02_G06_03,2.733719,-1
550.6587,0.029178,0.001153,-0.02401,-0.00589,-0.048798,0.998779,1.780097,0.742274,-0.383376,O02_G06_03,2.687317,-1
550.6698,0.029176,0.000767,-0.023463,0.000534,-0.0616,0.998093,1.744819,0.742274,-0.378406,O02_G06_03,2.526794,-1
550.681,0.029176,0.000767,-0.023463,0.000534,-0.0616,0.998093,1.73876,0.742274,-0.371627,O02_G06_03,2.526794,-1
550.6922,0.029151,0.000648,-0.023537,0.010818,-0.057877,0.998261,1.738375,0.742274,-0.380973,O02_G06_03,2.716507,-1
550.7032,0.029157,0.00055,-0.023778,0.003769,-0.079285,0.996841,1.688003,0.742274,-0.352737,O02_G06_03,2.579956,-1
550.7142,0.029157,0.00055,-0.023778,0.003769,-0.079285,0.996841,1.68307,0.742274,-0.346567,O02_G06_03,2.579956,-1
550.7253,0.029156,0.000511,-0.02374,0.004211,-0.072571,0.997345,1.694945,0.742274,-0.345542,O02_G06_03,2.581818,-1
550.7363,0.02915,0.000583,-0.023767,0.028259,-0.065567,0.997437,1.703228,0.742274,-0.37734,O02_G06_03,2.615921,-1
550.7476,0.029138,0.000596,-0.023623,0.026932,-0.066513,0.997421,1.705858,0.742274,-0.372602,O02_G06_03,2.680511,-1
550.7586,0.029138,0.000596,-0.023623,0.026932,-0.066513,0.997421,1.712955,0.742274,-0.371649,O02_G06_03,2.680511,-1
550.7698,0.029112,0.000596,-0.02361,0.027588,-0.064285,0.997543,1.723692,0.742274,-0.37243,O02_G06_03,2.68129,-1
550.7808,0.029083,0.000607,-0.023649,0.02655,-0.062912,0.99765,1.731908,0.742274,-0.370616,O02_G06_03,2.680862,-1
550.7919,0.029083,0.000607,-0.023649,0.02655,-0.062912,0.99765,1.734859,0.742274,-0.368896,O02_G06_03,2.680862,-1
550.803,0.029066,0.000622,-0.023671,0.025864,-0.063721,0.99762,1.735698,0.742274,-0.365985,O02_G06_03,2.668488,-1
550.8141,0.029052,0.000611,-0.023817,0.047012,-0.072006,0.996292,1.71372,0.742274,-0.387265,O02_G06_03,2.726944,4.756485
550.8253,0.029052,0.000611,-0.023817,0.047012,-0.072006,0.996292,1.717371,0.742274,-0.386008,O02_G06_03,2.726944,4.756485
550.8363,0.029057,0.000505,-0.023823,0.046234,-0.077362,0.995926,1.710057,0.742274,-0.381106,O02_G06_03,2.698303,-1
550.8474,0.029095,0.000484,-0.023937,0.050598,-0.080566,0.995453,1.704667,0.742274,-0.383656,O02_G06_03,2.716293,-1
550.8587,0.029096,0.000491,-0.023957,0.055344,-0.080872,0.995178,1.704773,0.742274,-0.38865,O02_G06_03,2.698257,-1
550.8698,0.029096,0.000491,-0.023957,0.055344,-0.080872,0.995178,1.707005,0.742274,-0.38801,O02_G06_03,2.698257,-1
550.8809,0.029095,0.000521,-0.023957,0.054672,-0.079956,0.995285,1.711769,0.742274,-0.387751,O02_G06_03,2.633713,-1
550.8918,0.029041,0.000553,-0.02391,0.056122,-0.084641,0.994827,1.705272,0.742274,-0.38734,O02_G06_03,2.673752,-1
550.903,0.029041,0.000553,-0.02391,0.056122,-0.084641,0.994827,1.707817,0.742274,-0.387849,O02_G06_03,2.673752,-1
550.9141,0.029024,0.000444,-0.023803,0.062973,-0.085114,0.99437,1.706039,0.742274,-0.396458,O02_G06_03,2.715637,4.488556
550.9251,0.029021,0.000387,-0.023809,0.058731,-0.0914,0.994064,1.696544,0.742274,-0.388323,O02_G06_03,2.627533,-1
550.9363,0.029021,0.000387,-0.023809,0.058731,-0.0914,0.994064,1.69624,0.742274,-0.388518,O02_G06_03,2.627533,-1
550.9476,0.02902,0.000355,-0.023762,0.059769,-0.084946,0.994583,1.708378,0.742274,-0.393749,O02_G06_03,2.76445,-1
550.9586,0.02902,0.000331,-0.023713,0.060196,-0.082352,0.994782,1.714811,0.742274,-0.397504,O02_G06_03,2.769821,-1
550.9697,0.029021,0.000316,-0.023683,0.059372,-0.08255,0.994812,1.717591,0.742274,-0.397949,O02_G06_03,2.766632,-1
550.9807,0.029021,0.000316,-0.023683,0.059372,-0.08255,0.994812,1.721198,0.742274,-0.400091,O02_G06_03,2.766632,-1
550.9918,0.029021,0.000302,-0.023661,0.059265,-0.08168,0.994888,1.727057,0.742274,-0.402531,O02_G06_03,2.764603,-1
551.0029,0.029022,0.000304,-0.023663,0.05899,-0.082779,0.994812,1.728909,0.742274,-0.403406,O02_G06_03,2.758636,-1
551.014,0.029022,0.000304,-0.023663,0.05899,-0.082779,0.994812,1.732366,0.742274,-0.404619,O02_G06_03,2.758636,-1
551.0252,0.029073,0.000397,-0.023837,0.06398,-0.093414,0.993561,1.715241,0.742274,-0.406613,O02_G06_03,2.745285,-1
551.0362,0.029084,0.000413,-0.023837,0.06604,-0.097153,0.993073,1.711718,0.742274,-0.408217,O02_G06_03,2.690033,-1
551.0474,0.029084,0.000413,-0.023837,0.06604,-0.097153,0.993073,1.715366,0.742274,-0.409343,O02_G06_03,2.690033,-1
551.0585,0.029094,0.000413,-0.023845,0.067307,-0.099701,0.992737,1.71346,0.742274,-0.410217,O02_G06_03,2.689499,-1
551.0696,0.029096,0.000351,-0.023787,0.052383,-0.11731,0.991699,1.691535,0.742274,-0.385404,O02_G06_03,2.629913,-1
551.0806,0.029303,0.000394,-0.024066,-0.00621,-0.130722,0.991394,1.689928,0.742274,-0.313205,O02_G06_03,2.539597,-1
551.0919,0.029303,0.000394,-0.024066,-0.00621,-0.130722,0.991394,1.692303,0.742274,-0.313573,O02_G06_03,2.539597,-1
551.1028,0.029762,0.000551,-0.024585,-0.085556,-0.129273,0.9879,1.719353,0.742274,-0.222787,O02_G06_03,2.664612,-1
551.114,0.030058,0.000523,-0.02469,-0.133362,-0.130356,0.982452,1.733008,0.742274,-0.166716,O02_G06_03,2.664047,-1
551.1251,0.030058,0.000523,-0.02469,-0.133362,-0.130356,0.982452,1.735174,0.742274,-0.166393,O02_G06_03,2.664047,-1
551.1361,0.030055,0.000494,-0.024619,-0.130905,-0.145309,0.980682,1.712358,0.742274,-0.166072,O02_G06_03,2.591156,-1
551.1473,0.030045,0.000455,-0.024538,-0.133316,-0.1306,0.982422,1.739325,0.742274,-0.166091,O02_G06_03,2.671173,-1
551.1584,0.030047,0.000455,-0.024522,-0.133743,-0.136185,0.981613,1.733494,0.742274,-0.164508,O02_G06_03,2.665405,-1
551.1697,0.030047,0.000455,-0.024522,-0.133743,-0.136185,0.981613,1.737319,0.742274,-0.164509,O02_G06_03,2.665405,-1
551.1807,0.030048,0.000465,-0.024547,-0.134705,-0.135498,0.981567,1.743387,0.742274,-0.163925,O02_G06_03,2.654907,-1
551.1919,0.030047,0.000483,-0.024574,-0.134033,-0.137756,0.981354,1.745279,0.742274,-0.16496,O02_G06_03,2.653809,-1
551.2028,0.030047,0.000483,-0.024574,-0.134033,-0.137756,0.981354,1.75111,0.742274,-0.165938,O02_G06_03,2.653809,-1
551.2141,0.030045,0.000517,-0.024599,-0.134201,-0.142517,0.980637,1.749284,0.742274,-0.16626,O02_G06_03,2.652954,-1
551.2252,0.030044,0.000547,-0.024615,-0.134079,-0.148331,0.979797,1.744725,0.742274,-0.166688,O02_G06_03,2.651962,-1
551.2362,0.030044,0.000547,-0.024615,-0.134079,-0.148331,0.979797,1.747488,0.742274,-0.169164,O02_G06_03,2.651962,-1
551.2473,0.030007,0.000491,-0.024573,-0.134262,-0.158463,0.97818,1.733755,0.742274,-0.169371,O02_G06_03,2.721024,-1
551.2585,0.029835,0.000352,-0.024352,-0.108048,-0.167069,0.979996,1.713941,0.742274,-0.199634,O02_G06_03,2.550308,-1
551.2695,0.029144,0.000355,-0.024489,-0.011154,-0.17273,0.984894,1.677497,0.742274,-0.30359,O02_G06_03,2.648483,-1
551.2808,0.029144,0.000355,-0.024489,-0.011154,-0.17273,0.984894,1.676811,0.742274,-0.307225,O02_G06_03,2.648483,-1
551.2919,0.028779,0.000241,-0.024166,0.03421,-0.183334,0.982452,1.648354,0.742274,-0.353098,O02_G06_03,2.427231,-1
551.3029,0.028549,0.000217,-0.024153,0.078522,-0.165405,0.983078,1.656487,0.742274,-0.408049,O02_G06_03,2.498428,-1
551.3141,0.028549,0.000217,-0.024153,0.078522,-0.165405,0.983078,1.651775,0.742274,-0.410297,O02_G06_03,2.498428,-1
551.325,0.028603,0.000208,-0.023835,0.066803,-0.171722,0.982864,1.645384,0.742274,-0.397828,O02_G06_03,2.562943,-1
551.3361,0.028691,0.000663,-0.024279,0.062195,-0.16098,0.984985,1.664898,0.742274,-0.401809,O02_G06_03,2.474243,-1
551.3472,0.028691,0.000663,-0.024279,0.062195,-0.16098,0.984985,1.671233,0.742274,-0.406633,O02_G06_03,2.474243,-1
551.3583,0.028744,0.0007,-0.024298,0.069977,-0.163284,0.984085,1.67173,0.742274,-0.41732,O02_G06_03,2.721283,-1
551.3695,0.028732,0.000412,-0.023989,0.05455,-0.18541,0.98114,1.652516,0.742274,-0.394358,O02_G06_03,2.5159,-1
551.3805,0.028743,0.000231,-0.023866,0.064575,-0.180969,0.981354,1.657346,0.742274,-0.40902,O02_G06_03,2.477859,-1
551.3917,0.028743,0.000231,-0.023866,0.064575,-0.180969,0.981354,1.658644,0.742274,-0.410863,O02_G06_03,2.477859,-1
551.4027,0.028741,0.000149,-0.02388,0.071884,-0.162231,0.984116,1.679754,0.742274,-0.428395,O02_G06_03,2.696915,-1
551.4139,0.028711,0.000159,-0.024148,0.060715,-0.179092,0.981949,1.662934,0.742274,-0.411407,O02_G06_03,2.573441,-1
551.425,0.028711,0.000159,-0.024148,0.060715,-0.179092,0.981949,1.665348,0.742274,-0.413649,O02_G06_03,2.573441,-1
551.436,0.028714,0.000191,-0.024484,0.061768,-0.171112,0.983307,1.678512,0.742274,-0.420844,O02_G06_03,2.602448,-1
551.4471,0.028714,0.000175,-0.024429,0.059311,-0.182739,0.981354,1.669407,0.742274,-0.415427,O02_G06_03,2.602264,-1
551.4583,0.028714,0.000175,-0.024429,0.059311,-0.182739,0.981354,1.674192,0.742274,-0.417798,O02_G06_03,2.602264,-1
551.4696,0.028713,0.000167,-0.024288,0.061798,-0.183991,0.980972,1.677083,0.742274,-0.421417,O02_G06_03,2.610291,-1
551.4805,0.028717,0.000227,-0.02412,0.060867,-0.179352,0.981888,1.68811,0.742274,-0.42415,O02_G06_03,2.628769,-1
551.4916,0.028725,0.000208,-0.024,0.052353,-0.202454,0.977875,1.668382,0.742274,-0.4067,O02_G06_03,2.516724,-1
551.5029,0.028725,0.000208,-0.024,0.052353,-0.202454,0.977875,1.673438,0.742274,-0.407763,O02_G06_03,2.516724,-1
551.514,0.028739,0.000047,-0.023846,0.060654,-0.205414,0.976776,1.670717,0.742274,-0.415118,O02_G06_03,2.715897,-1
551.525,0.028764,-0.000074,-0.02403,0.070297,-0.222397,0.972412,1.649525,0.742274,-0.416534,O02_G06_03,2.59436,-1
551.536,0.028764,-0.000074,-0.02403,0.070297,-0.222397,0.972412,1.649889,0.742274,-0.416455,O02_G06_03,2.59436,-1
551.5472,0.028731,-0.000312,-0.024124,0.063583,-0.208191,0.976013,1.666536,0.742274,-0.416259,O02_G06_03,2.654388,-1
551.5582,0.028719,-0.000532,-0.02393,0.058197,-0.205292,0.976959,1.66968,0.742274,-0.412228,O02_G06_03,2.723511,-1
551.5693,0.028725,-0.000606,-0.023878,0.052902,-0.222366,0.973511,1.650273,0.742274,-0.399838,O02_G06_03,2.57872,-1
551.5807,0.028725,-0.000606,-0.023878,0.052902,-0.222366,0.973511,1.649078,0.742274,-0.400277,O02_G06_03,2.57872,-1
551.5916,0.028684,-0.000702,-0.023728,0.057068,-0.199982,0.978119,1.670585,0.742274,-0.414741,O02_G06_03,2.756927,-1
551.6027,0.028684,-0.000702,-0.023729,0.057663,-0.200546,0.977982,1.668542,0.742274,-0.415491,O02_G06_03,2.735733,-1
551.6138,0.028684,-0.000702,-0.023729,0.057663,-0.200546,0.977982,1.66757,0.742274,-0.415975,O02_G06_03,2.735733,-1
551.6249,0.02872,-0.000588,-0.023936,0.063034,-0.211258,0.975388,1.65299,0.742274,-0.416453,O02_G06_03,2.736786,-1
551.6359,0.028726,-0.000541,-0.023965,0.057373,-0.21051,0.975891,1.654682,0.742274,-0.412382,O02_G06_03,2.736526,-1
551.6471,0.028726,-0.000541,-0.023965,0.057373,-0.21051,0.975891,1.653458,0.742274,-0.413251,O02_G06_03,2.736526,-1
551.6583,0.02873,-0.000544,-0.023955,0.050568,-0.208084,0.976791,1.65724,0.742274,-0.409338,O02_G06_03,2.753479,-1
551.6694,0.028726,-0.000562,-0.023936,0.050812,-0.205277,0.977371,1.659115,0.742274,-0.411707,O02_G06_03,2.764526,-1
551.6804,0.028726,-0.000588,-0.023928,0.050079,-0.198975,0.978714,1.665282,0.742274,-0.414537,O02_G06_03,2.776596,-1
551.6915,0.028726,-0.000588,-0.023928,0.050079,-0.198975,0.978714,1.665617,0.742274,-0.41527,O02_G06_03,2.776596,-1
551.7027,0.028752,-0.000601,-0.02383,0.045639,-0.189285,0.98085,1.678459,0.742274,-0.416064,O02_G06_03,2.781158,-1
551.7137,0.028803,-0.00048,-0.024053,0.043854,-0.200943,0.978607,1.667801,0.742274,-0.40962,O02_G06_03,2.77536,-1
551.7248,0.028803,-0.00048,-0.024053,0.043854,-0.200943,0.978607,1.668555,0.742274,-0.409266,O02_G06_03,2.77536,-1
551.736,0.028807,-0.000469,-0.024073,0.04097,-0.202896,0.978333,1.668179,0.742274,-0.405259,O02_G06_03,2.761154,-1
551.7471,0.028812,-0.000458,-0.024098,0.040604,-0.203857,0.978149,1.667423,0.742274,-0.403157,O02_G06_03,2.737549,-1
551.7582,0.028811,-0.00046,-0.024098,0.038208,-0.203369,0.978348,1.668528,0.742274,-0.399789,O02_G06_03,2.737534,-1
551.7692,0.028811,-0.00046,-0.024098,0.038208,-0.203369,0.978348,1.66831,0.742274,-0.398403,O02_G06_03,2.737534,-1
551.7804,0.028807,-0.000471,-0.024073,0.037338,-0.203278,0.978394,1.668651,0.742274,-0.39619,O02_G06_03,2.754318,-1
551.7915,0.028787,-0.000522,-0.023994,0.033585,-0.197342,0.979752,1.676161,0.742274,-0.394187,O02_G06_03,2.763153,-1
551.8025,0.028787,-0.000522,-0.023994,0.033585,-0.197342,0.979752,1.676433,0.742274,-0.393037,O02_G06_03,2.763153,-1
551.8137,0.02877,-0.000559,-0.023974,0.031006,-0.191483,0.981003,1.683897,0.742274,-0.392373,O02_G06_03,2.764374,-1
551.8248,0.02877,-0.000539,-0.024035,0.03154,-0.191208,0.981033,1.684374,0.742274,-0.391931,O02_G06_03,2.762817,-1
551.8359,0.02877,-0.000539,-0.024035,0.03154,-0.191208,0.981033,1.684931,0.742274,-0.390931,O02_G06_03,2.762817,-1
551.847,0.02877,-0.000539,-0.024035,0.033554,-0.191162,0.980972,1.685168,0.742274,-0.39193,O02_G06_03,2.769348,-1
551.8582,0.028769,-0.000539,-0.024035,0.037903,-0.190994,0.98085,1.684516,0.742274,-0.394744,O02_G06_03,2.774292,-1
551.8692,0.028769,-0.000539,-0.024035,0.037903,-0.190994,0.98085,1.684997,0.742274,-0.393899,O02_G06_03,2.774292,-1
551.8802,0.028767,-0.000556,-0.023982,0.03894,-0.191834,0.980652,1.684412,0.742274,-0.393722,O02_G06_03,2.821335,-1
551.8914,0.028759,-0.000539,-0.024035,0.040222,-0.192062,0.980545,1.684016,0.742274,-0.394129,O02_G06_03,2.835785,-1
551.9026,0.028756,-0.000539,-0.024035,0.039993,-0.192047,0.98056,1.684166,0.742274,-0.393288,O02_G06_03,2.841507,-1
551.9136,0.028756,-0.000539,-0.024035,0.039993,-0.192047,0.98056,1.683889,0.742274,-0.39288,O02_G06_03,2.841507,-1
551.9249,0.028749,-0.000539,-0.024035,0.041763,-0.192032,0.980484,1.682782,0.742274,-0.393776,O02_G06_03,2.848404,-1
551.936,0.02882,-0.000542,-0.024142,0.03067,-0.195114,0.980286,1.68244,0.742274,-0.382579,O02_G06_03,2.857941,-1
551.9469,0.02882,-0.000542,-0.024142,0.03067,-0.195114,0.980286,1.6815,0.742274,-0.382009,O02_G06_03,2.857941,-1
551.9581,0.028829,-0.000559,-0.02409,0.024521,-0.19751,0.979981,1.680439,0.742274,-0.374898,O02_G06_03,2.892899,-1
551.9692,0.028829,-0.000555,-0.024098,0.021332,-0.195023,0.98056,1.683613,0.742274,-0.372506,O02_G06_03,2.895386,-1
551.9803,0.028832,-0.00054,-0.024117,0.023529,-0.194061,0.980698,1.683419,0.742274,-0.374087,O02_G06_03,2.894928,-1
551.9913,0.028832,-0.00054,-0.024117,0.023529,-0.194061,0.980698,1.683144,0.742274,-0.373271,O02_G06_03,2.894928,-1
552.0025,0.028838,-0.000522,-0.024106,0.025955,-0.195633,0.980331,1.680108,0.742274,-0.3742,O02_G06_03,2.89534,-1
552.0137,0.028841,-0.000515,-0.024098,0.027893,-0.19693,0.980011,1.677778,0.742274,-0.374724,O02_G06_03,2.895462,-1
552.0247,0.028841,-0.000515,-0.024098,0.027893,-0.19693,0.980011,1.677005,0.742274,-0.374247,O02_G06_03,2.895462,-1
552.0358,0.028841,-0.000514,-0.024098,0.028503,-0.196304,0.980118,1.676577,0.742274,-0.374707,O02_G06_03,2.895493,-1
552.0469,0.028842,-0.000512,-0.024106,0.028793,-0.196228,0.980133,1.675949,0.742274,-0.374613,O02_G06_03,2.895935,-1
552.0582,0.028842,-0.000512,-0.024106,0.028793,-0.196228,0.980133,1.675297,0.742274,-0.374548,O02_G06_03,2.895935,-1
552.0693,0.028842,-0.000512,-0.024121,0.03038,-0.195572,0.980209,1.674417,0.742274,-0.375894,O02_G06_03,2.904495,-1
552.0803,0.028842,-0.000512,-0.024135,0.030457,-0.194641,0.980393,1.674669,0.742274,-0.376228,O02_G06_03,2.921097,-1
552.0914,0.028842,-0.000512,-0.024135,0.030457,-0.194641,0.980393,1.674136,0.742274,-0.376016,O02_G06_03,2.921097,-1
552.1025,0.028843,-0.000512,-0.024142,0.031143,-0.193405,0.980621,1.674689,0.742274,-0.376771,O02_G06_03,2.920624,-1
552.1136,0.028843,-0.00051,-0.024166,0.029938,-0.191773,0.980972,1.676499,0.742274,-0.376203,O02_G06_03,2.91069,-1
552.1246,0.028843,-0.000509,-0.024174,0.02948,-0.191834,0.980972,1.676644,0.742274,-0.375481,O02_G06_03,2.908768,-1
552.136,0.028843,-0.000509,-0.024174,0.02948,-0.191834,0.980972,1.67691,0.742274,-0.375055,O02_G06_03,2.908768,-1
552.1472,0.028844,-0.000509,-0.024185,0.029236,-0.189652,0.9814,1.679575,0.742274,-0.375394,O02_G06_03,2.881378,-1
552.1582,0.029196,0.000463,-0.026849,0.090576,-0.237289,0.967194,1.616216,0.742274,-0.407262,O02_G06_03,2.80336,-1
552.1693,0.029196,0.000463,-0.026849,0.090576,-0.237289,0.967194,1.61665,0.742274,-0.406859,O02_G06_03,2.80336,-1
552.1802,0.029209,0.000481,-0.026889,0.089493,-0.236237,0.96756,1.618426,0.742274,-0.406216,O02_G06_03,2.780258,-1
552.1913,0.029209,0.000483,-0.026934,0.089676,-0.233856,0.968109,1.620899,0.742274,-0.40713,O02_G06_03,2.780884,-1
552.2025,0.029209,0.000483,-0.026934,0.088486,-0.23259,0.968536,1.622625,0.742274,-0.406669,O02_G06_03,2.775177,-1
552.2135,0.029209,0.000483,-0.026934,0.088486,-0.23259,0.968536,1.623188,0.742274,-0.406917,O02_G06_03,2.775177,-1
552.2246,0.029209,0.000483,-0.026934,0.088608,-0.232452,0.968552,1.623968,0.742274,-0.407407,O02_G06_03,2.785828,-1
552.2357,0.029209,0.000469,-0.026882,0.089005,-0.23172,0.968689,1.624941,0.742274,-0.408607,O02_G06_03,2.787003,-1
552.2468,0.029209,0.000469,-0.026882,0.089005,-0.23172,0.968689,1.625153,0.742274,-0.409034,O02_G06_03,2.787003,-1
552.2579,0.029208,0.000453,-0.026719,0.091843,-0.238525,0.966766,1.618099,0.742274,-0.408996,O02_G06_03,2.793488,-1
552.2691,0.028847,-0.000488,-0.024234,0.025253,-0.189423,0.981567,1.684927,0.742274,-0.373966,O02_G06_03,2.852417,-1
552.2802,0.028847,-0.000488,-0.024234,0.025253,-0.189423,0.981567,1.684587,0.742274,-0.374451,O02_G06_03,2.852417,-1
552.2913,0.028838,-0.000496,-0.024228,0.023239,-0.188553,0.981781,1.685988,0.742274,-0.373141,O02_G06_03,2.857025,-1
552.3026,0.028837,-0.000497,-0.024221,0.025589,-0.190903,0.981262,1.682792,0.742274,-0.374262,O02_G06_03,2.872986,-1
552.3137,0.028837,-0.000497,-0.024221,0.02565,-0.192078,0.981033,1.681515,0.742274,-0.373568,O02_G06_03,2.883392,-1
552.3248,0.028837,-0.000497,-0.024221,0.02565,-0.192078,0.981033,1.681664,0.742274,-0.373029,O02_G06_03,2.883392,-1
552.3358,0.028837,-0.000497,-0.024228,0.024826,-0.191773,0.98111,1.682141,0.742274,-0.371669,O02_G06_03,2.8983,-1
552.3468,0.028837,-0.000492,-0.024232,0.022964,-0.193008,0.980927,1.681359,0.742274,-0.368722,O02_G06_03,2.900986,-1
552.3579,0.028837,-0.000492,-0.024232,0.022964,-0.193008,0.980927,1.681165,0.742274,-0.367467,O02_G06_03,2.900986,-1
552.369,0.028842,-0.000488,-0.024243,0.021301,-0.193512,0.98085,1.680986,0.742274,-0.364797,O02_G06_03,2.901093,-1
552.3801,0.02921,0.000472,-0.026947,0.085922,-0.235489,0.968063,1.6211,0.742274,-0.40025,O02_G06_03,2.838394,-1
552.3912,0.02921,0.000472,-0.026947,0.085922,-0.235489,0.968063,1.620675,0.742274,-0.399162,O02_G06_03,2.838394,-1
552.4023,0.029213,0.000478,-0.026951,0.086624,-0.236588,0.967728,1.619188,0.742274,-0.398503,O02_G06_03,2.838394,-1
552.4136,0.029213,0.000485,-0.026979,0.086365,-0.236466,0.967789,1.618912,0.742274,-0.397448,O02_G06_03,2.837585,-1
552.4245,0.029213,0.000485,-0.026979,0.087357,-0.236755,0.967621,1.617864,0.742274,-0.397687,O02_G06_03,2.841797,-1
552.4358,0.029213,0.000485,-0.026979,0.087357,-0.236755,0.967621,1.617585,0.742274,-0.397276,O02_G06_03,2.841797,-1
552.4468,0.029213,0.000479,-0.026971,0.090225,-0.236084,0.967529,1.616979,0.742274,-0.39937,O02_G06_03,2.842468,-1
552.4579,0.029209,0.000472,-0.026947,0.090439,-0.2379,0.967056,1.614808,0.742274,-0.398483,O02_G06_03,2.848679,-1
552.469,0.029209,0.000472,-0.026947,0.090439,-0.2379,0.967056,1.614433,0.742274,-0.39821,O02_G06_03,2.848679,-1
552.4802,0.028833,-0.000523,-0.024224,0.029404,-0.192078,0.980927,1.675661,0.742274,-0.365426,O02_G06_03,2.911255,-1
552.4912,0.028807,-0.000573,-0.024211,0.027328,-0.179932,0.983292,1.687799,0.742274,-0.367999,O02_G06_03,2.912552,-1
552.5023,0.028793,-0.000573,-0.024211,0.029541,-0.17981,0.983246,1.687566,0.742274,-0.369966,O02_G06_03,2.920074,-1
552.5134,0.028793,-0.000573,-0.024211,0.029541,-0.17981,0.983246,1.687803,0.742274,-0.369807,O02_G06_03,2.920074,-1
552.5245,0.028789,-0.000573,-0.024211,0.030472,-0.179794,0.983231,1.688285,0.742274,-0.370403,O02_G06_03,2.913803,-1
552.5357,0.028787,-0.000573,-0.024211,0.033279,-0.177872,0.983475,2.047872,0,-0.552784,Ground,2.920227,-1
552.5468,0.028787,-0.000573,-0.024211,0.033279,-0.177872,0.983475,2.050211,0,-0.551582,Ground,2.920227,-1
552.5578,0.028785,-0.000567,-0.024222,0.033981,-0.178284,0.983383,2.051102,0,-0.550779,Ground,2.925552,-1
552.5688,0.028785,-0.000554,-0.024242,0.03627,-0.178528,0.983261,2.052246,0,-0.552364,Ground,2.927704,-1
552.58,0.028785,-0.000554,-0.024242,0.03627,-0.178528,0.983261,2.054789,0,-0.550588,Ground,2.927704,-1
552.5921,0.028784,-0.000535,-0.02426,0.035782,-0.17981,0.983048,2.055055,0,-0.547133,Ground,2.925034,-1
552.6024,0.028781,-0.000535,-0.02426,0.035965,-0.178665,0.983246,2.05978,0,-0.546175,Ground,2.913101,-1
552.6134,0.028779,-0.000535,-0.02426,0.037567,-0.178436,0.983231,2.063188,0,-0.547756,Ground,2.913376,-1
552.6246,0.028779,-0.000535,-0.02426,0.037567,-0.178436,0.983231,2.065917,0,-0.545844,Ground,2.913376,-1
552.6357,0.028779,-0.000535,-0.02426,0.03833,-0.178452,0.9832,2.068835,0,-0.545662,Ground,2.911209,-1
552.6467,0.028754,-0.000558,-0.02421,0.039017,-0.17627,0.983566,2.076316,0,-0.547178,Ground,2.91243,-1
552.6577,0.028754,-0.000558,-0.02421,0.039017,-0.17627,0.983566,2.08094,0,-0.546137,Ground,2.91243,-1
552.6689,0.028679,-0.000585,-0.024085,0.035172,-0.171433,0.984558,2.096801,0,-0.541914,Ground,2.889526,-1
552.6799,0.028811,-0.000434,-0.024221,0.009903,-0.158905,0.987244,2.140971,0,-0.507237,Ground,2.799576,-1
552.6911,0.029149,-0.000032,-0.024755,-0.059402,-0.118561,0.991165,2.26948,0,-0.414491,Ground,2.66333,-1
552.7023,0.029149,-0.000032,-0.024755,-0.059402,-0.118561,0.991165,2.275403,0,-0.412882,Ground,2.66333,-1
552.7134,0.029584,0.000209,-0.025019,-0.127152,-0.059799,0.990067,2.453869,0,-0.325628,Ground,2.625565,-1
552.7244,0.029839,0.000352,-0.025283,-0.149063,-0.046722,0.987717,2.506308,0,-0.289499,Ground,2.868042,-1
552.7355,0.029839,0.000352,-0.025283,-0.149063,-0.046722,0.987717,2.513495,0,-0.287566,Ground,2.868042,-1
552.7465,0.029857,0.000397,-0.025556,-0.148529,-0.054367,0.987396,2.50149,0,-0.281423,Ground,2.713348,-1
552.7577,0.029923,0.000168,-0.024943,-0.127548,-0.048035,0.990662,2.511952,0,-0.323452,Ground,2.793442,-1
552.7688,0.029923,0.000168,-0.024943,-0.127548,-0.048035,0.990662,2.519528,0,-0.321018,Ground,2.793442,-1
552.78,0.029917,0.000147,-0.024943,-0.131775,-0.045151,0.990234,2.537668,0,-0.312227,Ground,2.794586,-1
552.791,0.02991,0.000168,-0.024953,-0.133789,-0.052338,0.989624,2.528548,0,-0.30136,Ground,2.754684,-1
552.8022,0.0299,0.000187,-0.025054,-0.136322,-0.052002,0.989288,2.538584,0,-0.293633,Ground,2.772003,-1
552.8132,0.0299,0.000187,-0.025054,-0.136322,-0.052002,0.989288,2.545892,0,-0.290791,Ground,2.772003,-1
552.8245,0.02989,0.000212,-0.025188,-0.140076,-0.051224,0.9888,2.557025,0,-0.280831,Ground,2.757507,-1
552.8354,0.029889,0.000217,-0.025244,-0.140991,-0.050095,0.988739,2.566776,0,-0.276339,Ground,2.743164,-1
552.8466,0.029889,0.000217,-0.025244,-0.140991,-0.050095,0.988739,2.572435,0,-0.272914,Ground,2.743164,-1
552.8577,0.029887,0.00021,-0.025244,-0.141037,-0.052795,0.988586,2.570527,0,-0.268159,Ground,2.718307,-1
552.8688,0.029886,0.000198,-0.025211,-0.140884,-0.056931,0.988373,2.563654,0,-0.263009,Ground,2.698822,-1
552.8798,0.029882,0.00019,-0.025202,-0.141586,-0.059158,0.988144,2.561337,0,-0.257177,Ground,2.697311,-1
552.8909,0.029882,0.00019,-0.025202,-0.141586,-0.059158,0.988144,2.563812,0,-0.253355,Ground,2.697311,-1
552.9022,0.029878,0.00019,-0.025202,-0.140839,-0.064575,0.987915,2.551685,0,-0.248428,Ground,2.670044,-1
552.9133,0.02987,0.000138,-0.025146,-0.141388,-0.058289,0.98822,2.570404,0,-0.247023,Ground,2.646545,-1
552.9244,0.02987,0.000138,-0.025146,-0.141388,-0.058289,0.98822,2.570759,0,-0.243031,Ground,2.646545,-1
552.9355,0.029866,0.000127,-0.025146,-0.14119,-0.059113,0.988205,2.56842,0,-0.238841,Ground,2.646057,-1
552.9466,0.029862,0.000101,-0.025045,-0.129318,-0.062012,0.989655,2.551126,0,-0.257733,Ground,2.64296,-1
552.9576,0.029859,0.000091,-0.025027,-0.124466,-0.063721,0.990173,2.539557,0,-0.262454,Ground,2.642288,-1
552.9687,0.029859,0.000091,-0.025027,-0.124466,-0.063721,0.990173,2.535389,0,-0.257573,Ground,2.642288,-1
552.9799,0.029812,0.000053,-0.024945,-0.130631,-0.064224,0.989334,2.531204,0,-0.240103,Ground,2.64476,-1
552.991,0.029792,0.000026,-0.02487,-0.12999,-0.06543,0.989349,2.522035,0,-0.235877,Ground,2.646103,-1
553.0021,0.029792,0.000026,-0.02487,-0.12999,-0.06543,0.989349,2.515718,0,-0.231136,Ground,2.646103,-1
553.0132,0.029728,0.000079,-0.024831,-0.13092,-0.0578,0.9897,2.532978,0,-0.228278,Ground,2.676895,-1
553.0244,0.029798,0.00043,-0.025653,-0.116333,-0.074753,0.990387,2.476886,0,-0.246534,Ground,2.681244,-1
553.0355,0.029792,0.00048,-0.025543,-0.111572,-0.069824,0.991287,2.486672,0,-0.255157,Ground,2.72052,-1
