time,ori_x,ori_y,ori_z,dir_x,dir_y,dir_z,gaze_x,gaze_y,gaze_z,gaze_object,pupil_l,pupil_r
556.826,-0.017747,0.000742,-0.022823,0.166473,0.084808,0.982376,-99999,-99999,-99999,,3.249481,3.336182
556.8373,-0.013777,0.001329,-0.025363,0.125183,0.064117,0.990051,-99999,-99999,-99999,,3.202728,3.241638
556.8482,-0.013777,0.001329,-0.025363,0.125183,0.064117,0.990051,-99999,-99999,-99999,,3.202728,3.241638
556.8595,-0.003751,0.000932,-0.025365,0.125107,0.067337,0.989838,-99999,-99999,-99999,,3.235779,3.208313
556.8702,0.009283,0.000416,-0.025403,0.128372,0.073349,0.988998,-99999,-99999,-99999,,3.248367,3.176483
556.8815,0.009283,0.000416,-0.025403,0.128372,0.073349,0.988998,-99999,-99999,-99999,,3.248367,3.176483
556.8925,0.006495,0.000517,-0.025366,0.128769,0.072891,0.988983,-99999,-99999,-99999,,3.261734,3.176849
556.904,0.004775,0.000581,-0.025344,0.129288,0.071564,0.989014,-99999,-99999,-99999,,3.263718,3.174454
556.9149,0.005072,0.000554,-0.025292,0.130936,0.071838,0.98877,-99999,-99999,-99999,,3.266251,3.174576
556.926,0.005072,0.000554,-0.025292,0.130936,0.071838,0.98877,-99999,-99999,-99999,,3.266251,3.174576
556.937,0.004543,0.000565,-0.025245,0.13147,0.071136,0.988754,-99999,-99999,-99999,,3.266235,3.161789
556.948,0.004241,0.000564,-0.025204,0.133011,0.071732,0.98851,-99999,-99999,-99999,,3.247437,3.17012
556.9592,0.004241,0.000564,-0.025204,0.133011,0.071732,0.98851,-99999,-99999,-99999,,3.247437,3.17012
556.9704,0.005956,0.000448,-0.024966,0.13559,0.069397,0.988327,-99999,-99999,-99999,,3.271851,3.178848
556.9814,0.005137,0.000135,-0.023797,0.154495,0.079712,0.984757,-99999,-99999,-99999,,3.273361,3.252548
556.9926,0.004626,0.000531,-0.024954,0.154953,0.082977,0.984421,-99999,-99999,-99999,,3.283432,3.279327
557.0035,0.004626,0.000531,-0.024954,0.154953,0.082977,0.984421,-99999,-99999,-99999,,3.283432,3.279327
557.0148,-0.018545,0.001068,-0.023232,0.193558,0.08989,0.976944,-99999,-99999,-99999,,3.173981,3.353455
557.0258,-0.025155,0.00127,-0.022981,0.189133,0.091492,0.977676,-99999,-99999,-99999,,3.175507,3.262634
557.037,-0.025155,0.00127,-0.022981,0.189133,0.091492,0.977676,-99999,-99999,-99999,,3.175507,3.262634
557.0481,-0.027376,0.001347,-0.022941,0.188583,0.08902,0.978012,-99999,-99999,-99999,,3.093948,3.269272
557.059,-0.026937,0.001362,-0.02309,0.188751,0.090469,0.977844,-99999,-99999,-99999,,3.101334,3.259109
557.0703,-0.026937,0.001362,-0.02309,0.188751,0.090469,0.977844,-99999,-99999,-99999,,3.101334,3.259109
557.0814,-0.02094,0.001196,-0.023411,0.1884,0.097,0.97728,-99999,-99999,-99999,,3.100677,3.255524
557.0925,0.0011,0.000482,-0.024053,0.196182,0.111847,0.974152,-99999,-99999,-99999,,3.101822,3.255371
557.1035,0.000906,0.000482,-0.024098,0.193268,0.115402,0.97432,-99999,-99999,-99999,,3.101242,3.249588
557.1147,0.000906,0.000482,-0.024098,0.193268,0.115402,0.97432,-99999,-99999,-99999,,3.101242,3.249588
557.1257,0.000819,0.000483,-0.024123,0.190674,0.116745,0.97467,-99999,-99999,-99999,,3.091095,3.243759
557.1368,0.002902,0.000418,-0.024184,0.190445,0.115891,0.974823,-99999,-99999,-99999,,3.081177,3.224945
557.1481,0.002902,0.000418,-0.024184,0.190445,0.115891,0.974823,-99999,-99999,-99999,,3.081177,3.224945
557.1591,0.006782,0.000298,-0.024334,0.190781,0.119293,0.97435,-99999,-99999,-99999,,3.066772,3.199142
557.1712,0.009243,0.000226,-0.024408,0.187439,0.119446,0.974976,-99999,-99999,-99999,,3.046204,3.185928
557.1813,0.009243,0.000226,-0.024408,0.187439,0.119446,0.974976,-99999,-99999,-99999,,3.046204,3.185928
557.1924,0.008551,0.000381,-0.025024,0.186752,0.12587,0.974304,-99999,-99999,-99999,,3.047089,3.153687
557.2034,0.005517,0.00048,-0.02525,0.162506,0.15625,0.974243,-99999,-99999,-99999,,2.974747,3.007263
557.2146,0.021576,-0.000246,-0.025299,0.185562,0.147095,0.971558,-4.495202,0,-49.08089,Ground,3.066177,3.149948
557.2258,0.021576,-0.000246,-0.025299,0.185562,0.147095,0.971558,-3.087034,0,-34.18381,Ground,3.066177,3.149948
557.2369,0.029545,-0.000614,-0.025375,0.196457,0.133774,0.971329,-1.96564,0,-20.6926,Ground,2.98764,3.05751
557.248,0.030198,-0.000686,-0.025216,0.183243,0.138748,0.973221,-1.533113,0,-18.8708,Ground,3.062347,3.103012
557.2591,0.030198,-0.000686,-0.025216,0.183243,0.138748,0.973221,-1.248817,0,-15.94464,Ground,3.062347,3.103012
557.2703,0.028965,-0.000663,-0.025102,0.182037,0.161285,0.969971,-1.404279,0,-17.16267,Ground,3.084167,3.083282
557.2819,0.017125,-0.000247,-0.024792,0.17778,0.170898,0.969101,-1.3158,0,-16.72635,Ground,2.983322,3.147934
557.2923,0.016195,0.000018,-0.024819,0.166382,0.177261,0.969986,-1.123246,0,-16.57414,Ground,3.101151,3.101761
557.3035,0.016195,0.000018,-0.024819,0.166382,0.177261,0.969986,-1.000227,0,-15.09757,Ground,3.101151,3.101761
557.3147,0.028002,-0.000136,-0.02547,0.165268,0.182724,0.969162,-0.994348,0,-14.77377,Ground,3.000137,3.190033
557.3257,0.034442,-0.00017,-0.025627,0.155747,0.223267,0.962219,-1.617928,0,-21.29759,Ground,2.998795,2.96933
557.3368,0.034442,-0.00017,-0.025627,0.155747,0.223267,0.962219,-1.499331,0,-19.23511,Ground,2.998795,2.96933
557.3478,0.034607,-0.000023,-0.025776,0.147797,0.238144,0.959915,-1.724117,0,-21.61713,Ground,3.127884,3.152435
557.359,0.031427,0.000121,-0.025894,0.136765,0.254242,0.957413,-2.064078,0,-25.88897,Ground,3.117218,3.085266
557.3701,0.031427,0.000121,-0.025894,0.136765,0.254242,0.957413,-1.936557,0,-23.33159,Ground,3.117218,3.085266
557.3814,0.012147,0.000314,-0.023827,0.147263,0.250809,0.956757,-1.827005,0,-19.34224,Ground,3.074142,3.2668
557.3924,0.013071,0.000524,-0.02467,0.139099,0.263275,0.954636,-2.091281,0,-21.5646,Ground,2.980759,3.147629
557.4034,0.025794,-0.000054,-0.024717,0.135559,0.281693,0.949875,-2.745154,0,-25.67436,Ground,3.037567,3.317535
557.4147,0.025794,-0.000054,-0.024717,0.135559,0.281693,0.949875,-2.572145,0,-23.27142,Ground,3.037567,3.317535
557.4257,0.030877,-0.000233,-0.025072,0.142304,0.284866,0.947937,-2.612805,0,-21.49996,Ground,3.059723,3.192612
557.4368,0.029683,-0.000214,-0.025129,0.137024,0.299759,0.944107,-3.232497,0,-25.25564,Ground,3.043427,3.200027
557.448,0.029683,-0.000214,-0.025129,0.137024,0.299759,0.944107,-3.148053,0,-23.96122,Ground,3.043427,3.200027
557.4589,0.028323,-0.000148,-0.025137,0.121262,0.308136,0.943573,-3.696515,0,-29.46631,Ground,3.112259,3.243591
557.4702,0.027205,-0.000051,-0.025103,0.119232,0.294083,0.948303,-2.84241,0,-23.74642,Ground,3.05835,3.15361
557.4813,0.027205,-0.000051,-0.025103,0.119232,0.294083,0.948303,-2.890992,0,-23.38571,Ground,3.05835,3.15361
557.4924,0.025447,0.000065,-0.025181,0.117142,0.293915,0.948608,-2.948795,0,-23.48308,Ground,3.18869,3.197098
557.5034,0.013945,0.000405,-0.024631,0.098862,0.287598,0.952622,-2.630688,0,-24.01266,Ground,3.165619,3.324997
557.5145,0.000307,0.000922,-0.024432,0.093033,0.280411,0.955353,-2.364364,0,-22.67248,Ground,3.09935,3.318085
557.5255,0.000307,0.000922,-0.024432,0.093033,0.280411,0.955353,-2.443587,0,-22.69836,Ground,3.09935,3.318085
557.5366,-0.013179,0.001363,-0.023874,0.091248,0.272995,0.957672,-2.21636,0,-21.02737,Ground,3.225815,3.320068
557.5479,-0.013682,0.001333,-0.023876,0.092468,0.277557,0.956238,-2.481976,0,-22.21988,Ground,3.22731,3.28569
557.5589,-0.013682,0.001333,-0.023876,0.092468,0.277557,0.956238,-2.551596,0,-22.30238,Ground,3.22731,3.28569
557.5699,-0.005753,0.00106,-0.024238,0.090118,0.278793,0.956101,-2.648163,0,-23.01928,Ground,3.200333,3.268311
557.5813,0.011144,0.000456,-0.024832,0.090286,0.287155,0.953613,-3.18081,0,-26.02149,Ground,3.010132,3.281387
557.5922,0.011144,0.000456,-0.024832,0.090286,0.287155,0.953613,-3.154695,0,-25.62584,Ground,3.010132,3.281387
557.6033,0.024549,-0.000011,-0.025438,0.084732,0.281799,0.955719,-2.871983,0,-24.63496,Ground,2.976974,3.278656
557.6146,0.025355,-0.000025,-0.025583,0.080444,0.282257,0.955948,-2.9298,0,-25.7116,Ground,3.012421,3.293457
557.6256,0.006852,0.000613,-0.024862,0.077225,0.268158,0.960266,-2.282215,0,-21.83642,Ground,3.006424,3.257874
557.6366,0.006852,0.000613,-0.024862,0.077225,0.268158,0.960266,-2.316786,0,-22.04748,Ground,3.006424,3.257874
557.6478,-0.01044,0.001131,-0.024163,0.069107,0.256561,0.964035,-1.880567,0,-20.37997,Ground,2.994553,3.250549
557.6589,-0.014069,0.001225,-0.024019,0.065537,0.252747,0.965302,-1.753553,0,-20.08481,Ground,2.977783,3.250824
557.67,-0.014069,0.001225,-0.024019,0.065537,0.252747,0.965302,-1.76409,0,-20.23515,Ground,2.977783,3.250824
557.6812,-0.012167,0.001121,-0.024088,0.068665,0.262497,0.962479,-2.136513,0,-22.54714,Ground,2.993027,3.266083
557.6923,-0.010991,0.00108,-0.02409,0.068451,0.260559,0.963013,-2.065311,0,-22.18071,Ground,3.006577,3.287811
557.7033,-0.010991,0.00108,-0.02409,0.068451,0.260559,0.963013,-2.07851,0,-22.41704,Ground,3.006577,3.287811
557.7145,-0.01005,0.000954,-0.023884,0.065933,0.26767,0.961243,-2.386199,0,-25.44768,Ground,3.03125,3.292343
557.7258,-0.004116,0.000772,-0.024131,0.066452,0.267548,0.961243,-2.425763,0,-25.86161,Ground,3.031708,3.292114
557.7368,0.002774,0.000558,-0.024423,0.060944,0.26651,0.961899,-2.384508,0,-27.15479,Ground,3.027435,3.278732
557.7478,0.002774,0.000558,-0.024423,0.060944,0.26651,0.961899,-2.447181,0,-28.01401,Ground,3.027435,3.278732
557.7591,0.004566,0.000499,-0.02449,0.059448,0.265411,0.962296,-2.444037,0,-28.7266,Ground,3.026184,3.278564
557.7699,0.004517,0.000495,-0.024476,0.05838,0.267578,0.961762,-2.626355,0,-31.04001,Ground,3.04129,3.269485
557.781,0.004517,0.000495,-0.024476,0.05838,0.267578,0.961762,-2.701738,0,-32.15716,Ground,3.04129,3.269485
557.7922,0.004345,0.000496,-0.024449,0.058365,0.265991,0.962189,-2.663038,0,-32.30872,Ground,3.054276,3.264786
557.8032,0.004921,0.000477,-0.024468,0.058243,0.265808,0.96225,-2.70328,0,-33.17062,Ground,3.054321,3.259491
557.8145,0.001802,0.000632,-0.024438,0.058334,0.257843,0.964417,-2.266683,0,-29.5855,Ground,3.057053,3.229416
557.8256,0.001802,0.000632,-0.024438,0.058334,0.257843,0.964417,-2.303918,0,-30.36366,Ground,3.057053,3.229416
557.8366,0.000282,0.000707,-0.024452,0.058853,0.253937,0.965424,-2.12818,0,-28.98144,Ground,3.053406,3.197876
557.8478,0.003445,0.000601,-0.024568,0.059952,0.254395,0.965225,-2.178914,0,-29.56164,Ground,3.053787,3.193405
557.8588,0.003445,0.000601,-0.024568,0.059952,0.254395,0.965225,-2.175464,0,-30.00292,Ground,3.053787,3.193405
557.8699,0.005027,0.000548,-0.024626,0.060989,0.252731,0.965607,-2.096005,0,-29.41078,Ground,3.044327,3.180603
557.8811,0.008863,0.000421,-0.024774,0.061783,0.249222,0.966461,-1.910333,0,-27.78976,Ground,3.042557,3.177979
557.8923,0.008863,0.000421,-0.024774,0.061783,0.249222,0.966461,-1.890073,0,-27.99542,Ground,3.042557,3.177979
557.9032,0.010828,0.000286,-0.024729,0.061462,0.256317,0.96463,-2.204737,0,-31.70283,Ground,3.042526,3.192978
557.9145,0.010922,0.000255,-0.024735,0.063339,0.260346,0.963425,-2.426515,0,-33.83038,Ground,3.04071,3.196579
557.9255,0.010401,0.000263,-0.024712,0.064545,0.262039,0.962891,-2.495691,0,-34.53807,Ground,3.037384,3.186142
557.9365,0.010401,0.000263,-0.024712,0.064545,0.262039,0.962891,-2.463037,0,-34.62585,Ground,3.037384,3.186142
557.9479,0.009627,0.000282,-0.024678,0.064316,0.255219,0.964737,-2.024126,0,-30.4523,Ground,3.028931,3.177872
557.9588,0.006825,0.000361,-0.024543,0.066391,0.252747,0.965241,-1.883602,0,-28.6546,Ground,3.030228,3.174164
557.9699,0.006825,0.000361,-0.024543,0.066391,0.252747,0.965241,-1.852058,0,-28.66256,Ground,3.030228,3.174164
557.9811,0.004502,0.000429,-0.02445,0.069443,0.25235,0.965134,-1.822863,0,-27.66592,Ground,3.020386,3.174286
557.9921,0.003466,0.000458,-0.024404,0.071762,0.252716,0.964859,-1.832408,0,-27.29206,Ground,3.021652,3.174988
558.0032,0.005086,0.00041,-0.02446,0.07605,0.251526,0.964844,-1.804166,0,-26.06245,Ground,3.018585,3.148392
558.0143,0.005086,0.00041,-0.02446,0.07605,0.251526,0.964844,-1.781194,0,-26.20303,Ground,3.018585,3.148392
558.0255,0.004434,0.000432,-0.024419,0.076736,0.250519,0.965057,-1.741253,0,-26.00883,Ground,3.004318,3.147202
558.0365,0.003902,0.000448,-0.024386,0.078857,0.25029,0.964951,-1.739817,0,-26.2226,Ground,3.001419,3.147354
558.0476,0.003902,0.000448,-0.024386,0.078857,0.25029,0.964951,-1.718803,0,-27.22801,Ground,3.001419,3.147354
558.0587,0.005771,0.000392,-0.02447,0.080826,0.253098,0.96405,-1.853579,0,-30.04678,Ground,2.965622,3.132141
558.0699,0.012009,0.000266,-0.024878,0.079361,0.248596,0.965332,-1.635006,0,-30.63299,Ground,2.966339,3.112305
558.081,0.012009,0.000266,-0.024878,0.079361,0.248596,0.965332,-1.632954,0,-35.05181,Ground,2.966339,3.112305
558.0921,0.025422,-0.000113,-0.025347,0.096222,0.249313,0.963623,-1.979222,0,-36.88824,Ground,2.888214,3.08342
558.1031,0.028084,-0.000192,-0.025403,0.099121,0.255264,0.961762,-99999,-99999,-99999,,2.928696,3.093643
558.1143,0.028084,-0.000192,-0.025403,0.099121,0.255264,0.961762,-99999,-99999,-99999,,2.928696,3.093643
558.1254,0.032113,-0.000225,-0.025849,0.101791,0.240143,0.965378,-99999,-99999,-99999,,3.03746,3.18396
558.1365,0.030728,-0.000264,-0.025684,0.114929,0.24884,0.961685,-99999,-99999,-99999,,3.077606,3.225433
558.1476,0.016474,0.000176,-0.02501,0.131149,0.2426,0.961212,-99999,-99999,-99999,,2.982819,3.131531
558.1587,0.016474,0.000176,-0.02501,0.131149,0.2426,0.961212,-99999,-99999,-99999,,2.982819,3.131531
558.17,0.009665,0.00053,-0.025094,0.1483,0.230194,0.961762,-99999,-99999,-99999,,2.993469,3.081741
558.1809,0.014216,0.000476,-0.025371,0.09787,0.235382,0.96695,-99999,-99999,-99999,,3.112213,3.203094
558.1922,0.014216,0.000476,-0.025371,0.09787,0.235382,0.96695,-99999,-99999,-99999,,3.112213,3.203094
558.2031,0,0,0,0,0,1,-99999,-99999,-99999,,3.321274,3.701065
558.2144,0,0,0,0,0,1,-99999,-99999,-99999,,2.527374,-1
558.2253,0,0,0,0,0,1,-99999,-99999,-99999,,-1,-1
558.2365,0,0,0,0,0,1,-99999,-99999,-99999,,-1,-1
558.2476,-0.026669,-0.000403,-0.022404,0.031937,0.1185,0.992432,-99999,-99999,-99999,,-1,4.892334
558.2587,0,0,0,0,0,1,-99999,-99999,-99999,,-1,-1
558.2698,0,0,0,0,0,1,-99999,-99999,-99999,,-1,-1
558.2809,0,0,0,0,0,1,-99999,-99999,-99999,,-1,-1
558.2921,0,0,0,0,0,1,-99999,-99999,-99999,,-1,-1
558.303,0,0,0,0,0,1,-99999,-99999,-99999,,-1,-1
558.3142,0,0,0,0,0,1,-99999,-99999,-99999,,-1,-1
558.3254,0,0,0,0,0,1,-99999,-99999,-99999,,-1,-1
558.3364,0,0,0,0,0,1,-99999,-99999,-99999,,-1,-1
558.3475,0,0,0,0,0,1,-99999,-99999,-99999,,-1,-1
558.3586,0,0,0,0,0,1,-99999,-99999,-99999,,-1,-1
558.3696,0,0,0,0,0,1,-99999,-99999,-99999,,-1,-1
558.3808,0,0,0,0,0,1,-99999,-99999,-99999,,-1,-1
558.392,0,0,0,0,0,1,-99999,-99999,-99999,,-1,-1
558.4031,0,0,0,0,0,1,-99999,-99999,-99999,,-1,-1
558.4141,0,0,0,0,0,1,-99999,-99999,-99999,,-1,-1
558.4254,0,0,0,0,0,1,-99999,-99999,-99999,,-1,-1
558.4365,0,0,0,0,0,1,-99999,-99999,-99999,,-1,-1
558.4474,0,0,0,0,0,1,-99999,-99999,-99999,,-1,-1
558.4585,0,0,0,0,0,1,-99999,-99999,-99999,,-1,-1
558.4697,0,0,0,0,0,1,-99999,-99999,-99999,,-1,-1
558.4808,0,0,0,0,0,1,-99999,-99999,-99999,,-1,-1
558.492,0,0,0,0,0,1,-99999,-99999,-99999,,-1,-1
558.5029,-0.026647,-0.003295,-0.014998,0.489746,-0.192047,0.850433,9.989937,0,-3.776277,Ground,-1,3.338074
558.5142,-0.027072,-0.003401,-0.014371,0.418274,0.11348,0.901199,-99999,-99999,-99999,,-1,4.067322
558.5253,-0.027072,-0.003401,-0.014371,0.418274,0.11348,0.901199,-99999,-99999,-99999,,-1,4.067322
558.5363,-0.029039,0.021286,-0.099821,0.082916,-0.21051,0.97406,9.38012,0,1.981347,Ground,-1,1.115845
558.5475,-0.024436,0.005443,-0.042676,-0.016678,-0.232605,0.972412,7.705745,0,2.820051,Ground,-1,2.863068
558.5585,-0.024436,0.005443,-0.042676,-0.016678,-0.232605,0.972412,7.266828,0,2.995672,Ground,-1,2.863068
558.5696,-0.024953,-0.000511,-0.021353,-0.227295,-0.017609,0.973663,-99999,-99999,-99999,,2.919037,3.172943
558.5809,-0.025466,0.003698,-0.035493,-0.120606,-0.060944,0.990814,27.8695,0,17.60645,Ground,2.757172,2.853683
558.5919,-0.0263,0.000097,-0.022294,-0.247116,0.034988,0.968338,-99999,-99999,-99999,,2.94632,3.12941
558.6031,-0.0263,0.000097,-0.022294,-0.247116,0.034988,0.968338,-99999,-99999,-99999,,2.94632,3.12941
558.6142,0.004759,0.001367,-0.028919,-0.122833,0.00351,0.992416,-99999,-99999,-99999,,2.932144,2.960083
558.6252,0.004842,0.002199,-0.031283,-0.091507,0.002579,0.995789,-99999,-99999,-99999,,3.035172,2.989899
558.6362,0.004842,0.002199,-0.031283,-0.091507,0.002579,0.995789,-99999,-99999,-99999,,3.035172,2.989899
558.6475,-0.022643,0.001487,-0.025382,-0.246307,-0.001114,0.969177,-99999,-99999,-99999,,2.922943,2.991653
558.6584,-0.025544,0.012881,-0.066426,-0.05249,-0.144196,0.988144,8.378233,0,6.618061,Ground,3.000732,2.150055
558.6696,-0.025544,0.012881,-0.066426,-0.05249,-0.144196,0.988144,8.104171,0,6.631775,Ground,3.000732,2.150055
558.6809,-0.024737,0.002081,-0.02816,-0.359528,-0.048737,0.931854,28.30709,0,44.88435,Ground,3.202728,3.184479
558.6918,-0.024733,0.001917,-0.027663,-0.3396,-0.052765,0.939072,22.49303,0,35.05834,Ground,3.294006,3.08284
558.7029,-0.023597,0.004539,-0.036835,-0.195664,-0.112732,0.974167,9.000369,0,10.59012,Ground,3.182953,2.562378
558.7142,-0.023597,0.004539,-0.036835,-0.195664,-0.112732,0.974167,8.742702,0,10.48478,Ground,3.182953,2.562378
558.7252,-0.023013,0.000634,-0.023544,-0.377274,-0.020447,0.925858,-99999,-99999,-99999,,3.279434,3.272919
558.7363,0.020827,-0.000386,-0.026097,-0.348007,-0.026733,0.937103,-99999,-99999,-99999,,3.261337,3.056198
558.7474,0.020827,-0.000386,-0.026097,-0.348007,-0.026733,0.937103,-99999,-99999,-99999,,3.261337,3.056198
558.7585,0.032543,-0.0006,-0.026965,-0.326019,-0.020325,0.945129,-99999,-99999,-99999,,3.238586,3.296753
558.7698,0.035259,-0.000687,-0.027058,-0.321808,-0.022202,0.946533,-99999,-99999,-99999,,3.190002,2.96907
558.7808,0.035259,-0.000687,-0.027058,-0.321808,-0.022202,0.946533,-99999,-99999,-99999,,3.190002,2.96907
558.7917,0.03629,-0.000716,-0.027143,-0.304932,-0.012421,0.952286,-99999,-99999,-99999,,3.340485,3.069138
558.8029,0.037109,-0.00108,-0.026185,-0.307892,0.004089,0.951401,-99999,-99999,-99999,,3.001465,3.225021
558.814,0.036196,-0.001009,-0.026323,-0.310989,-0.002579,0.950394,-99999,-99999,-99999,,3.362671,3.126602
558.8251,0.036196,-0.001009,-0.026323,-0.310989,-0.002579,0.950394,-99999,-99999,-99999,,3.362671,3.126602
558.8362,0.022576,-0.000541,-0.025852,-0.270798,-0.012939,0.96254,25.09674,0,41.84142,Ground,3.140961,3.217194
558.8474,-0.002907,0.000557,-0.025654,-0.247803,-0.002625,0.968796,30.35059,0,48.90139,Ground,3.260223,3.21817
558.8583,-0.002907,0.000557,-0.025654,-0.247803,-0.002625,0.968796,28.0435,0,46.22047,Ground,3.260223,3.21817
558.8694,-0.009247,0.000855,-0.025673,-0.246506,0.002609,0.969132,-99999,-99999,-99999,,3.278076,-1
558.8807,-0.007114,0.000432,-0.024391,-0.248886,0.013443,0.96843,-99999,-99999,-99999,,3.30275,3.372314
558.8917,-0.009056,0.000419,-0.023972,-0.223785,0.024155,0.974335,-99999,-99999,-99999,,3.335907,3.240631
558.903,-0.009056,0.000419,-0.023972,-0.223785,0.024155,0.974335,-99999,-99999,-99999,,3.335907,3.240631
558.9141,-0.008079,0.000409,-0.024,-0.213348,0.01796,0.976807,-99999,-99999,-99999,,3.269989,3.173553
558.9252,-0.005386,0.000359,-0.024219,-0.210663,0.019669,0.977356,-99999,-99999,-99999,,3.362808,3.278748
558.9362,-0.005386,0.000359,-0.024219,-0.210663,0.019669,0.977356,-99999,-99999,-99999,,3.362808,3.278748
558.9473,-0.0036,0.000249,-0.0241,-0.192322,0.034103,0.980728,-99999,-99999,-99999,,3.253326,3.327164
558.9584,0.010986,0.00029,-0.026488,-0.202713,0.017365,0.97908,24.09228,0,46.63702,Ground,3.278458,3.269714
558.9695,0.010986,0.00029,-0.026488,-0.202713,0.017365,0.97908,22.40149,0,44.90297,Ground,3.278458,3.269714
558.9807,0.001458,-0.000091,-0.023873,-0.367874,0.028015,0.929443,-99999,-99999,-99999,,3.223007,3.337921
558.9918,0,0,0,0,0,1,-99999,-99999,-99999,,-1,3.450439
559.0028,0,0,0,0,0,1,-99999,-99999,-99999,,-1,-1
559.014,0,0,0,0,0,1,-99999,-99999,-99999,,-1,-1
559.025,0.039262,-0.001102,-0.026676,-0.551544,0.036499,0.833328,-99999,-99999,-99999,,3.510788,-1
559.0361,-0.028308,0.00131,-0.02068,0.067535,0.283279,0.95665,-99999,-99999,-99999,,-1,3.374741
559.0473,-0.028308,0.00131,-0.02068,0.067535,0.283279,0.95665,-99999,-99999,-99999,,-1,3.374741
559.0583,0.00761,-0.00025,-0.024144,-0.486023,0.053574,0.872284,-99999,-99999,-99999,,3.623016,3.592529
559.0695,0.038814,-0.000776,-0.027051,-0.462753,0.056473,0.884674,-99999,-99999,-99999,,3.211288,-1
559.0806,0.007358,-0.000296,-0.023867,-0.476181,0.062195,0.877136,-99999,-99999,-99999,,3.395264,3.39093
559.0917,0.007358,-0.000296,-0.023867,-0.476181,0.062195,0.877136,-99999,-99999,-99999,,3.395264,3.39093
559.1027,0.007303,-0.000229,-0.02398,-0.431335,0.093018,0.897369,-99999,-99999,-99999,,3.024277,3.437653
559.1139,0.007162,-0.000193,-0.024027,-0.415268,0.093979,0.904816,-99999,-99999,-99999,,3.156052,3.51152
559.1251,0.007162,-0.000193,-0.024027,-0.415268,0.093979,0.904816,-99999,-99999,-99999,,3.156052,3.51152
559.136,0.038509,-0.000887,-0.026463,-0.412399,0.061874,0.90889,-99999,-99999,-99999,,3.327209,3.447632
559.1473,0.038395,-0.000649,-0.027049,-0.368561,0.085266,0.925674,-99999,-99999,-99999,,2.884232,2.859299
559.1583,0.038395,-0.000649,-0.027049,-0.368561,0.085266,0.925674,-99999,-99999,-99999,,2.884232,2.859299
559.1694,-0.003726,0.0004,-0.023983,-0.348801,0.08075,0.933701,-99999,-99999,-99999,,3.038773,3.423431
559.1805,0.023448,-0.00014,-0.026306,-0.33934,0.082443,0.937027,-99999,-99999,-99999,,3.183151,3.361526
559.1917,0.030658,-0.000184,-0.027201,-0.327911,0.072311,0.941925,-99999,-99999,-99999,,3.164871,3.03949
559.2026,0.030658,-0.000184,-0.027201,-0.327911,0.072311,0.941925,-99999,-99999,-99999,,3.164871,3.03949
559.2137,0.027611,-0.000116,-0.026957,-0.326233,0.075241,0.942276,-99999,-99999,-99999,,3.127426,3.263885
559.2249,0.025149,-0.000369,-0.025803,-0.337143,0.070602,0.938797,-99999,-99999,-99999,,3.187149,3.215179
559.236,0.025149,-0.000369,-0.025803,-0.337143,0.070602,0.938797,-99999,-99999,-99999,,3.187149,3.215179
559.2472,0.01918,-0.000316,-0.025068,-0.328796,0.072723,0.941589,-99999,-99999,-99999,,3.140991,3.087967
559.2583,0.009888,-0.000165,-0.024166,-0.329453,0.076157,0.941086,-99999,-99999,-99999,,3.112534,3.100128
559.2695,0.009888,-0.000165,-0.024166,-0.329453,0.076157,0.941086,-99999,-99999,-99999,,3.112534,3.100128
559.2806,-0.007524,0.00026,-0.022869,-0.316788,0.091721,0.944046,-99999,-99999,-99999,,3.091446,3.434982
559.2916,-0.010876,0.000329,-0.022542,-0.301376,0.070038,0.950913,-99999,-99999,-99999,,3.196411,3.071671
559.3027,-0.010876,0.000329,-0.022542,-0.301376,0.070038,0.950913,-99999,-99999,-99999,,3.196411,3.071671
559.314,-0.013876,0.00042,-0.022365,-0.311966,0.091782,0.945633,-99999,-99999,-99999,,2.907578,3.326797
559.325,-0.003171,0.000232,-0.023297,-0.307358,0.097534,0.946564,-99999,-99999,-99999,,3.092621,3.328903
559.336,0.01189,-0.000002,-0.024732,-0.290207,0.100937,0.951614,-99999,-99999,-99999,,2.988434,3.303024
559.3471,0.01189,-0.000002,-0.024732,-0.290207,0.100937,0.951614,-99999,-99999,-99999,,2.988434,3.303024
559.3581,0.023291,-0.000054,-0.026101,-0.276169,0.079666,0.957794,-99999,-99999,-99999,,3.097549,3.239243
559.3693,0.026211,0.000079,-0.026574,-0.167191,0.070007,0.983429,-99999,-99999,-99999,,3.132584,3.217834
559.3804,0.026211,0.000079,-0.026574,-0.167191,0.070007,0.983429,-99999,-99999,-99999,,3.132584,3.217834
559.3915,0.004186,0.000748,-0.024909,0.008789,0.074493,0.997177,23.19176,0,48.86141,Ground,3.098785,3.09404
559.4027,0.003796,0.000791,-0.024989,0.065903,0.071671,0.995239,20.32578,0,36.82482,Ground,3.148499,3.153412
559.4138,0.003796,0.000791,-0.024989,0.065903,0.071671,0.995239,20.76759,0,37.08514,Ground,3.148499,3.153412
559.4249,0.00356,0.000564,-0.023884,0.137848,0.086411,0.986664,29.97851,0,44.72946,Ground,3.234436,3.291428
559.4362,0.002774,0.00157,-0.027522,0.174316,0.082565,0.981216,26.15382,0,35.56122,Ground,3.089935,2.92128
559.447,0.002344,0.001429,-0.026998,0.264084,0.10173,0.959106,43.81436,0,48.36208,Ground,3.285782,3.059158
559.4581,0.002344,0.001429,-0.026998,0.264084,0.10173,0.959106,45.20745,0,49.00565,Ground,3.285782,3.059158
559.4693,0.00201,0.001194,-0.026256,0.338196,0.110642,0.93454,-99999,-99999,-99999,,3.336655,3.028641
559.4803,0.001785,0.001233,-0.02641,0.376297,0.112076,0.919678,-99999,-99999,-99999,,3.38829,3.098053
559.4918,0.001785,0.001233,-0.02641,0.376297,0.112076,0.919678,-99999,-99999,-99999,,3.38829,3.098053
559.5027,-0.028229,0.002819,-0.027548,0.313065,0.074722,0.946777,23.06566,0,20.73745,Ground,3.472549,3.195892
559.5137,-0.021512,0.002362,-0.026939,0.318634,0.080643,0.944428,26.8793,0,23.24475,Ground,3.347794,3.088989
559.5248,-0.021512,0.002362,-0.026939,0.318634,0.080643,0.944428,27.8932,0,23.51569,Ground,3.347794,3.088989
559.536,-0.020403,0.002313,-0.026906,0.302719,0.087692,0.949036,34.95036,0,29.65047,Ground,3.40918,3.182068
559.5471,-0.026371,0.002598,-0.027017,0.281357,0.075546,0.956619,27.24276,0,23.60643,Ground,3.284256,3.136581
559.5582,-0.025434,0.002442,-0.026646,0.261185,0.07933,0.962006,31.39295,0,27.60121,Ground,3.175354,3.259995
559.5692,-0.025434,0.002442,-0.026646,0.261185,0.07933,0.962006,33.01771,0,28.26687,Ground,3.175354,3.259995
559.5803,-0.025154,0.002445,-0.026702,0.259796,0.082779,0.962097,38.38464,0,32.05902,Ground,3.320847,3.181931
559.5914,-0.023222,0.002359,-0.026694,0.247025,0.074677,0.96611,32.5582,0,27.26534,Ground,3.344437,3.145676
559.6025,-0.023222,0.002359,-0.026694,0.247025,0.074677,0.96611,34.33032,0,28.03271,Ground,3.344437,3.145676
559.6138,-0.02139,0.002254,-0.026614,0.241867,0.078156,0.967148,40.54505,0,32.64927,Ground,3.310242,3.185883
559.6248,-0.017692,0.002169,-0.02687,0.225525,0.077591,0.97113,43.05611,0,35.07626,Ground,3.225067,3.17543
559.6359,-0.019477,0.00114,-0.02295,0.272415,0.091751,0.957779,-99999,-99999,-99999,,3.253983,3.190063
559.647,-0.019477,0.00114,-0.02295,0.272415,0.091751,0.957779,-99999,-99999,-99999,,3.253983,3.190063
559.658,-0.018067,0.00117,-0.023572,0.24881,0.10524,0.962814,-99999,-99999,-99999,,3.326508,3.277451
559.6692,-0.014948,0.000833,-0.022815,0.245819,0.093445,0.964798,-99999,-99999,-99999,,3.278488,3.259109
559.6805,-0.014948,0.000833,-0.022815,0.245819,0.093445,0.964798,-99999,-99999,-99999,,3.278488,3.259109
559.6915,-0.010976,0.000922,-0.023956,0.224075,0.094284,0.969986,-99999,-99999,-99999,,3.302902,3.191681
559.7025,-0.005878,0.000771,-0.0243,0.204926,0.088715,0.974731,-99999,-99999,-99999,,3.275604,3.188019
559.7136,-0.005878,0.000771,-0.0243,0.204926,0.088715,0.974731,-99999,-99999,-99999,,3.275604,3.188019
559.7249,-0.008746,0.000802,-0.023888,0.199616,0.083496,0.976303,-99999,-99999,-99999,,3.249725,3.324188
559.7358,-0.007822,0.000692,-0.02367,0.197739,0.080109,0.976975,-99999,-99999,-99999,,3.251205,3.212448
559.7469,-0.011358,0.000825,-0.023596,0.190353,0.078674,0.978546,-99999,-99999,-99999,,3.165939,3.207169
559.7581,-0.011358,0.000825,-0.023596,0.190353,0.078674,0.978546,-99999,-99999,-99999,,3.165939,3.207169
559.7691,-0.013354,0.001021,-0.023933,0.178833,0.071045,0.981308,-99999,-99999,-99999,,3.155334,3.19278
559.7802,-0.013906,0.000817,-0.023218,0.180862,0.077209,0.980469,-99999,-99999,-99999,,3.146301,3.1633
559.7914,-0.013906,0.000817,-0.023218,0.180862,0.077209,0.980469,-99999,-99999,-99999,,3.146301,3.1633
559.8026,-0.007333,0.001167,-0.025671,0.246429,0.068802,0.966705,46.44123,0,27.50845,Ground,3.31958,2.939636
559.8137,-0.028345,0.002609,-0.027425,0.303146,0.056503,0.951248,32.06117,0,16.24914,Ground,3.329453,3.077667
559.8247,-0.028345,0.002609,-0.027425,0.303146,0.056503,0.951248,32.37389,0,16.08464,Ground,3.329453,3.077667
559.836,0.00176,0.001356,-0.02742,0.370453,0.069016,0.92627,42.69333,0,17.0783,Ground,3.182098,3.048996
559.847,0.001797,0.001204,-0.02694,0.377853,0.072647,0.923004,47.62452,0,18.17061,Ground,3.2789,3.135712
559.8581,0.001797,0.001204,-0.02694,0.377853,0.072647,0.923004,48.0023,0,17.89473,Ground,3.2789,3.135712
559.8693,-0.029095,0.002519,-0.027081,0.334702,0.060394,0.940369,35.90553,0,15.01673,Ground,3.219513,2.999054
559.8802,-0.021626,0.002149,-0.026883,0.332443,0.063354,0.940979,38.85168,0,16.00072,Ground,3.242035,3.07373
559.8913,-0.021317,0.002095,-0.026762,0.316895,0.062241,0.946411,38.27183,0,16.16125,Ground,3.207016,3.074722
559.9024,-0.021317,0.002095,-0.026762,0.316895,0.062241,0.946411,38.11059,0,15.75103,Ground,3.207016,3.074722
559.9136,-0.025097,0.002248,-0.026766,0.309845,0.064804,0.948563,40.95747,0,16.90234,Ground,3.299316,3.096344
559.9246,-0.023384,0.002123,-0.026613,0.306778,0.064316,0.9496,40.13787,0,16.36366,Ground,3.285873,3.059311
559.9358,-0.023384,0.002123,-0.026613,0.306778,0.064316,0.9496,39.85125,0,15.88798,Ground,3.285873,3.059311
559.947,-0.018193,0.001483,-0.025071,0.32663,0.072998,0.942322,49.96596,0,18.25009,Ground,3.296814,3.081482
559.9579,-0.012087,0.001574,-0.026298,0.309784,0.059021,0.948959,34.24775,0,12.94333,Ground,3.211212,3.020554
559.969,-0.001953,0.000762,-0.025152,0.327652,0.08551,0.940903,-99999,-99999,-99999,,3.262054,3.028275
559.9802,-0.001953,0.000762,-0.025152,0.327652,0.08551,0.940903,-99999,-99999,-99999,,3.262054,3.028275
559.9913,-0.002852,0.000954,-0.02561,0.310349,0.084763,0.946823,-99999,-99999,-99999,,3.242447,3.018188
560.0023,-0.009673,0.001378,-0.026003,0.284256,0.07074,0.956131,45.79834,0,17.07409,Ground,3.107361,2.991928
560.0135,-0.009673,0.001378,-0.026003,0.284256,0.07074,0.956131,45.46325,0,16.557,Ground,3.107361,2.991928
560.0245,-0.013898,0.001661,-0.026306,0.269302,0.072464,0.960312,48.3263,0,18.04598,Ground,3.166107,3.003387
560.0356,-0.016249,0.001766,-0.026304,0.257278,0.06218,0.964325,36.92274,0,14.04657,Ground,3.087646,2.975525
560.0469,-0.016249,0.001766,-0.026304,0.257278,0.06218,0.964325,37.17213,0,13.84899,Ground,3.087646,2.975525
560.0579,-0.013106,0.001621,-0.026246,0.257263,0.070313,0.963776,46.83102,0,17.05704,Ground,3.224167,2.93718
560.0691,-0.012289,0.001559,-0.026149,0.257294,0.067993,0.963928,44.51242,0,15.8864,Ground,3.151611,2.969604
560.0802,-0.007224,0.00126,-0.025899,0.246735,0.074677,0.966187,-99999,-99999,-99999,,3.121506,2.933578
560.0913,-0.007224,0.00126,-0.025899,0.246735,0.074677,0.966187,-99999,-99999,-99999,,3.121506,2.933578
560.1025,-0.006906,0.001142,-0.025566,0.241272,0.074234,0.967606,-99999,-99999,-99999,,3.180267,2.945587
560.1134,-0.009342,0.000506,-0.02289,0.279953,0.088669,0.955902,-99999,-99999,-99999,,3.175858,3.111908
560.1251,-0.009342,0.000506,-0.02289,0.279953,0.088669,0.955902,-99999,-99999,-99999,,3.175858,3.111908
560.1359,-0.010501,0.000493,-0.02269,0.275955,0.080246,0.957809,-99999,-99999,-99999,,3.094131,2.968353
560.1469,-0.00789,0.000436,-0.022867,0.269318,0.080322,0.959686,-99999,-99999,-99999,,3.121719,3.015945
560.1579,-0.00789,0.000436,-0.022867,0.269318,0.080322,0.959686,-99999,-99999,-99999,,3.121719,3.015945
560.1689,-0.005306,0.000293,-0.022807,0.257919,0.087936,0.962143,-99999,-99999,-99999,,2.999954,3.141556
560.1802,-0.006443,0.000282,-0.022722,0.261017,0.089966,0.961121,-99999,-99999,-99999,,3.200516,3.083893
560.1912,-0.006443,0.000282,-0.022722,0.261017,0.089966,0.961121,-99999,-99999,-99999,,3.200516,3.083893
560.2024,-0.001484,0.000208,-0.023261,0.249039,0.091019,0.964203,-99999,-99999,-99999,,3.083298,3.077087
560.2134,0.004669,0.000033,-0.023649,0.241318,0.093002,0.965973,-99999,-99999,-99999,,3.058884,3.111115
560.2245,0.011897,-0.000227,-0.023874,0.234283,0.096085,0.967407,-99999,-99999,-99999,,3.093643,3.135742
560.2357,0.011897,-0.000227,-0.023874,0.234283,0.096085,0.967407,-99999,-99999,-99999,,3.093643,3.135742
560.2469,0.011,-0.000137,-0.024027,0.228134,0.093781,0.969086,-99999,-99999,-99999,,3.082443,3.132889
560.258,0.004871,0.000106,-0.023894,0.22113,0.092804,0.97081,-99999,-99999,-99999,,3.077164,3.132919
560.2691,0.004871,0.000106,-0.023894,0.22113,0.092804,0.97081,-99999,-99999,-99999,,3.077164,3.132919
560.2801,-0.004653,0.000504,-0.023781,0.211685,0.086014,0.973541,-99999,-99999,-99999,,3.072083,3.11113
560.2913,-0.00331,0.000483,-0.023864,0.207077,0.083344,0.974762,-99999,-99999,-99999,,3.081192,3.122238
560.3023,-0.002318,0.000679,-0.024805,0.188324,0.074951,0.979233,-99999,-99999,-99999,,2.979614,3.120636
560.3134,-0.002318,0.000679,-0.024805,0.188324,0.074951,0.979233,-99999,-99999,-99999,,2.979614,3.120636
560.3252,-0.007856,0.000374,-0.023174,0.236481,0.062531,0.969605,37.71378,0,10.64573,Ground,3.136398,3.068268
560.3355,-0.008208,0.000428,-0.023554,0.238159,0.040573,0.970367,24.93016,0,6.963665,Ground,3.097412,3.065109
560.3469,-0.008208,0.000428,-0.023554,0.238159,0.040573,0.970367,25.20843,0,6.984851,Ground,3.097412,3.065109
560.3578,-0.010235,0.000478,-0.023394,0.236038,0.040787,0.970871,25.41914,0,7.052805,Ground,3.095596,3.070724
560.3688,-0.009631,0.000458,-0.023423,0.237289,0.039764,0.970612,25.13046,0,6.888996,Ground,3.088562,3.075348
560.3801,-0.009631,0.000458,-0.023423,0.237289,0.039764,0.970612,25.1187,0,6.836645,Ground,3.088562,3.075348
560.3912,-0.00551,0.000297,-0.023519,0.237106,0.040878,0.970612,25.63347,0,6.936827,Ground,3.096344,3.072235
560.4024,-0.009524,0.000439,-0.023401,0.234924,0.038666,0.971237,24.79133,0,6.732395,Ground,3.082535,3.068985
560.4133,-0.002195,0.000145,-0.023547,0.237106,0.04364,0.97049,26.67858,0,7.135133,Ground,3.081299,3.053528
560.4246,-0.002195,0.000145,-0.023547,0.237106,0.04364,0.97049,26.58505,0,7.074042,Ground,3.081299,3.053528
560.4357,0.004076,-0.000099,-0.023705,0.23793,0.047302,0.970123,27.99353,0,7.384606,Ground,3.108231,3.029785
560.4467,0.00256,0.000014,-0.023892,0.229721,0.047058,0.972107,27.68015,0,7.520203,Ground,3.103897,3.012787
560.4578,0.00256,0.000014,-0.023892,0.229721,0.047058,0.972107,27.21661,0,7.368967,Ground,3.103897,3.012787
560.4688,-0.001718,0.000235,-0.024014,0.221634,0.04512,0.974075,26.13654,0,7.285203,Ground,3.102493,2.999924
560.4801,-0.009266,0.000573,-0.023886,0.199966,0.03717,0.979096,23.00956,0,6.962285,Ground,3.048767,3.004745
560.4911,-0.009266,0.000573,-0.023886,0.199966,0.03717,0.979096,22.70736,0,6.849003,Ground,3.048767,3.004745
560.5022,-0.020588,0.001449,-0.024921,0.133057,0.034088,0.990509,22.15581,0,8.34154,Ground,3.097137,2.980698
560.5133,-0.019891,0.001136,-0.023724,0.143692,0.056534,0.987991,32.14285,0,11.64037,Ground,2.948685,3.018875
560.5245,-0.01682,0.00094,-0.023353,0.139099,0.047333,0.989136,26.91624,0,9.893727,Ground,2.96048,2.998962
560.5356,-0.01682,0.00094,-0.023353,0.139099,0.047333,0.989136,26.83114,0,9.85503,Ground,2.96048,2.998962
560.5467,-0.014237,0.000855,-0.023467,0.136215,0.051041,0.989349,28.73306,0,10.6372,Ground,2.980255,3.046692
560.5577,0.000485,0.00036,-0.024057,0.131973,0.058105,0.989533,33.17452,0,12.42746,Ground,2.977127,2.986374
560.5688,0.000485,0.00036,-0.024057,0.131973,0.058105,0.989533,33.42629,0,12.53239,Ground,2.977127,2.986374
560.58,0.005392,0.000191,-0.024238,0.130707,0.059555,0.989624,34.55737,0,13.02368,Ground,2.953674,2.992523
560.591,0.005662,0.000177,-0.024214,0.130463,0.058548,0.989716,33.87035,0,12.80464,Ground,2.977478,2.993103
560.6022,0.005662,0.000177,-0.024214,0.130463,0.058548,0.989716,33.93168,0,12.85705,Ground,2.977478,2.993103
560.6133,0.00361,0.000246,-0.02412,0.131302,0.05838,0.989609,33.77805,0,12.81692,Ground,2.998138,2.986893
560.6245,0.004087,0.00023,-0.02414,0.1306,0.057983,0.989731,33.51091,0,12.79753,Ground,3.003799,2.98291
560.6356,0.004019,0.000232,-0.024133,0.130646,0.057449,0.989761,33.04241,0,12.68316,Ground,2.998932,2.982681
560.6467,0.004019,0.000232,-0.024133,0.130646,0.057449,0.989761,33.00874,0,12.73929,Ground,2.998932,2.982681
560.6578,0.004047,0.000229,-0.024126,0.130966,0.056885,0.989746,32.48271,0,12.61531,Ground,3.003738,2.982895
560.6687,0.004714,0.000199,-0.024142,0.131088,0.05864,0.989624,33.86616,0,13.22817,Ground,3.009506,2.984634
560.6799,0.004714,0.000199,-0.024142,0.131088,0.05864,0.989624,33.88584,0,13.34877,Ground,3.009506,2.984634
560.6912,0.004834,0.000193,-0.024147,0.130966,0.059021,0.989624,34.22125,0,13.58898,Ground,3.010437,2.978729
560.7022,0.004266,0.000209,-0.02411,0.131073,0.058929,0.989609,34.38501,0,13.7561,Ground,3.011368,2.968704
560.7133,0.003099,0.000243,-0.024042,0.131302,0.059296,0.989563,35.41839,0,14.27469,Ground,2.992752,2.95845
560.7251,0.003099,0.000243,-0.024042,0.131302,0.059296,0.989563,35.71782,0,14.51787,Ground,2.992752,2.95845
560.7355,0.001087,0.000312,-0.023964,0.132126,0.059799,0.989426,36.60349,0,14.96808,Ground,2.981552,2.95726
560.7465,-0.00092,0.00038,-0.023858,0.138229,0.059097,0.988632,36.17862,0,14.66036,Ground,2.968475,2.958206
560.7576,-0.00092,0.00038,-0.023858,0.138229,0.059097,0.988632,36.21257,0,14.81159,Ground,2.968475,2.958206
560.7687,0.000646,0.000319,-0.023851,0.137405,0.058105,0.9888,35.65251,0,14.76528,Ground,2.938766,2.942337
560.7799,0.002951,0.000242,-0.023937,0.139298,0.059631,0.988449,36.91662,0,15.36014,Ground,2.926697,2.942139
560.791,0.002951,0.000242,-0.023937,0.139298,0.059631,0.988449,36.71143,0,15.44542,Ground,2.926697,2.942139
560.8021,0.005362,0.000157,-0.024026,0.142166,0.062286,0.987869,38.94894,0,16.43807,Ground,2.877472,2.939896
560.8132,0.007054,0.00009,-0.02407,0.146393,0.063507,0.987183,39.55426,0,16.68394,Ground,2.865631,2.943359
560.8243,0.00418,0.0002,-0.024007,0.150925,0.06221,0.986572,37.83723,0,15.94846,Ground,2.861816,2.938004
560.8354,0.00418,0.0002,-0.024007,0.150925,0.06221,0.986572,37.43513,0,15.98427,Ground,2.861816,2.938004
560.8465,-0.001049,0.000388,-0.023817,0.153076,0.058136,0.986496,33.47211,0,14.39026,Ground,2.862534,2.937851
560.8575,-0.009611,0.000806,-0.024118,0.133408,0.05278,0.989639,29.72797,0,13.66278,Ground,2.749634,2.78891
560.8688,-0.009611,0.000806,-0.024118,0.133408,0.05278,0.989639,29.17332,0,13.57913,Ground,2.749634,2.78891
560.88,-0.022566,0.001251,-0.023447,0.050125,0.051086,0.997421,28.73831,0,16.61286,Ground,2.874374,2.823792
560.8909,-0.01487,0.000905,-0.023288,0.007156,0.056839,0.998352,32.80157,0,21.10241,Ground,2.914185,2.937164
560.902,-0.01487,0.000905,-0.023288,0.007156,0.056839,0.998352,32.0211,0,20.83189,Ground,2.914185,2.937164
560.9132,-0.000525,0.000361,-0.023762,0.008331,0.056793,0.998337,31.08635,0,20.39361,Ground,2.993896,2.879623
560.9242,0.014392,-0.000251,-0.02418,0.009171,0.071472,0.997391,44.42401,0,29.36988,Ground,2.873795,2.849854
560.9355,0.020842,-0.000469,-0.024396,0.017929,0.075531,0.996979,48.47231,0,31.76848,Ground,2.949417,2.871674
560.9465,0.020842,-0.000469,-0.024396,0.017929,0.075531,0.996979,46.60414,0,30.87083,Ground,2.949417,2.871674
560.9577,0.011786,-0.000059,-0.024315,0.024673,0.064545,0.997604,32.49864,0,21.43424,Ground,2.878738,2.850845
560.9686,0.001523,0.000339,-0.024048,0.031342,0.066727,0.997269,32.95455,0,21.62649,Ground,2.943222,2.840714
560.9799,0.001523,0.000339,-0.024048,0.031342,0.066727,0.997269,31.60207,0,20.92879,Ground,2.943222,2.840714
560.991,-0.003738,0.00054,-0.023931,0.031998,0.061356,0.997589,27.04754,0,18.06996,Ground,2.901932,2.840652
561.002,-0.001805,0.000471,-0.023989,0.032684,0.062042,0.997528,26.3291,0,17.70535,Ground,2.918549,2.842148
561.0132,0.004414,0.000245,-0.024169,0.034332,0.064484,0.997315,26.62714,0,17.98517,Ground,2.903137,2.835648
561.0243,0.004414,0.000245,-0.024169,0.034332,0.064484,0.997315,25.76989,0,17.54274,Ground,2.903137,2.835648
561.0355,-0.005776,0.000633,-0.023921,0.03894,0.062058,0.997299,23.87855,0,16.21107,Ground,2.889801,2.83638
561.0464,-0.012089,0.000824,-0.023259,0.048889,0.04744,0.997665,18.56184,0,12.44013,Ground,2.7742,2.822052
561.0576,-0.012089,0.000824,-0.023259,0.048889,0.04744,0.997665,18.25994,0,12.31215,Ground,2.7742,2.822052
561.0686,-0.00878,0.000718,-0.023404,0.05986,0.051666,0.996857,19.07807,0,12.63562,Ground,2.740845,2.802231
561.0799,0.001219,0.000387,-0.02382,0.054092,0.060654,0.996689,21.64631,0,14.57882,Ground,2.726578,2.802216
561.0909,0.001219,0.000387,-0.02382,0.054092,0.060654,0.996689,21.48283,0,14.53637,Ground,2.726578,2.802216
561.1021,0.005134,0.000253,-0.023973,0.060959,0.067215,0.995865,23.78342,0,15.9178,Ground,2.746078,2.788986
561.1132,-0.002207,0.000505,-0.023684,0.064133,0.066208,0.995728,23.28272,0,15.54049,Ground,2.747787,2.789978
561.1242,0.000263,0.000457,-0.023904,0.073166,0.073944,0.994568,26.67874,0,17.51348,Ground,2.74913,2.790329
561.1353,0.000263,0.000457,-0.023904,0.073166,0.073944,0.994568,26.75431,0,17.61206,Ground,2.74913,2.790329
561.1465,0.00089,0.00045,-0.023951,0.070908,0.073395,0.994766,26.50795,0,17.59809,Ground,2.766953,2.791641
561.1575,0.004635,0.000336,-0.024092,0.074249,0.075089,0.9944,27.28732,0,18.02337,Ground,2.807098,2.791412
561.1686,0.004635,0.000336,-0.024092,0.074249,0.075089,0.9944,27.19891,0,18.0132,Ground,2.807098,2.791412
561.1796,0.006371,0.000306,-0.024325,0.071365,0.079834,0.994247,29.95868,0,19.99061,Ground,2.807114,2.784973
561.1907,0.005861,0.000396,-0.02443,0.071487,0.072449,0.994797,25.6058,0,17.12773,Ground,2.814163,2.778961
561.202,0.005861,0.000396,-0.02443,0.071487,0.072449,0.994797,25.48509,0,17.07093,Ground,2.814163,2.778961
561.213,0.00499,0.000432,-0.024419,0.076096,0.072479,0.994461,25.21429,0,16.74451,Ground,2.834473,2.789398
561.2241,0.003904,0.000475,-0.0244,0.080017,0.072662,0.994141,25.00423,0,16.47804,Ground,2.840637,2.789932
561.2352,0.004699,0.000462,-0.024417,0.084763,0.070374,0.993912,23.72848,0,15.50212,Ground,2.849762,2.790298
561.2465,0.004699,0.000462,-0.024417,0.084763,0.070374,0.993912,23.49236,0,15.36346,Ground,2.849762,2.790298
561.2575,0.005364,0.000434,-0.024429,0.086304,0.072388,0.993622,23.99676,0,15.65184,Ground,2.850204,2.794632
561.2686,0.003855,0.000492,-0.024396,0.090714,0.072021,0.993256,23.45047,0,15.15742,Ground,2.833908,2.782074
561.2798,0.003855,0.000492,-0.024396,0.090714,0.072021,0.993256,23.1456,0,14.97344,Ground,2.833908,2.782074
561.2908,0.003127,0.00052,-0.024377,0.092194,0.071762,0.993149,22.80413,0,14.72477,Ground,2.835129,2.766068
561.3019,0.003569,0.000499,-0.024383,0.091339,0.073441,0.993103,23.14871,0,14.98451,Ground,2.839935,2.820663
561.3129,0.003603,0.000496,-0.02438,0.091919,0.073944,0.993012,23.0573,0,14.92272,Ground,2.840424,2.820801
561.3242,0.003603,0.000496,-0.02438,0.091919,0.073944,0.993012,22.73825,0,14.73245,Ground,2.840424,2.820801
561.3354,0.004266,0.000465,-0.024384,0.092133,0.074997,0.992905,22.9216,0,14.86008,Ground,2.832794,2.787827
561.3463,0.005277,0.000417,-0.024386,0.093582,0.076508,0.992661,23.35671,0,15.11151,Ground,2.832428,2.784241
561.3574,0.005277,0.000417,-0.024386,0.093582,0.076508,0.992661,23.25866,0,15.06605,Ground,2.832428,2.784241
561.3684,0.005754,0.000399,-0.024382,0.095886,0.076721,0.992416,23.24867,0,15.00609,Ground,2.805557,2.789932
561.3797,0.004916,0.00043,-0.024356,0.096909,0.077545,0.992264,23.41457,0,15.09571,Ground,2.806427,2.785339
561.3907,-0.005263,0.000845,-0.023989,0.058823,0.077209,0.99527,23.1955,0,16.26344,Ground,2.759232,2.839569
561.4019,-0.005263,0.000845,-0.023989,0.058823,0.077209,0.99527,23.23717,0,16.32177,Ground,2.759232,2.839569
561.4129,-0.024881,0.00158,-0.023234,-0.010239,0.062332,0.998001,18.46128,0,15.00811,Ground,2.822647,2.818283
561.4241,-0.025445,0.001471,-0.022312,-0.078247,0.05658,0.995316,16.95533,0,15.84337,Ground,2.862793,2.910004
561.4352,-0.025445,0.001471,-0.022312,-0.078247,0.05658,0.995316,16.92689,0,15.86195,Ground,2.862793,2.910004
561.4464,-0.02619,-0.001878,-0.019724,-0.221939,0.17308,0.959564,-99999,-99999,-99999,,2.31575,3.040054
561.4575,0,0,0,0,0,1,-99999,-99999,-99999,,-1,-1
561.4684,0,0,0,0,0,1,-99999,-99999,-99999,,-1,-1
561.4797,0,0,0,0,0,1,-99999,-99999,-99999,,-1,-1
561.4907,0,0,0,0,0,1,-99999,-99999,-99999,,-1,-1
561.5019,0,0,0,0,0,1,-99999,-99999,-99999,,-1,-1
561.5128,0,0,0,0,0,1,-99999,-99999,-99999,,-1,-1
561.524,0,0,0,0,0,1,-99999,-99999,-99999,,-1,-1
561.5352,0,0,0,0,0,1,-99999,-99999,-99999,,-1,-1
561.5463,0,0,0,0,0,1,-99999,-99999,-99999,,-1,-1
561.5574,0,0,0,0,0,1,-99999,-99999,-99999,,-1,-1
561.5684,0,0,0,0,0,1,-99999,-99999,-99999,,-1,-1
561.5795,0,0,0,0,0,1,-99999,-99999,-99999,,-1,-1
561.5906,0,0,0,0,0,1,-99999,-99999,-99999,,-1,-1
561.6019,0,0,0,0,0,1,-99999,-99999,-99999,,-1,-1
561.6129,0,0,0,0,0,1,-99999,-99999,-99999,,-1,-1
561.624,0,0,0,0,0,1,-99999,-99999,-99999,,-1,-1
561.6353,-0.026359,-0.004062,-0.00972,0.658142,0.270691,0.70253,-99999,-99999,-99999,,-1,4.337921
561.6462,-0.02731,-0.003581,-0.003422,0.740326,-0.343964,0.57756,3.550062,0,-0.189644,Ground,-1,4.674835
561.6574,-0.02731,-0.003581,-0.003422,0.740326,-0.343964,0.57756,3.564479,0,-0.119808,Ground,-1,4.674835
561.6683,-0.026593,-0.002191,-0.004442,0.524933,-0.241287,0.816208,4.342314,0,1.475924,Ground,2.99147,5.438324
561.6796,-0.029445,0.005001,-0.040305,-0.093811,0.109818,0.989502,-99999,-99999,-99999,,-1,2.97702
561.6906,-0.029445,0.005001,-0.040305,-0.093811,0.109818,0.989502,-99999,-99999,-99999,,-1,2.97702
561.7018,-0.029016,0.000422,-0.022386,0.032928,0.13591,0.990158,-99999,-99999,-99999,,2.723816,3.659241
561.7128,-0.029016,0.001386,-0.025593,0.057022,0.123886,0.990646,-99999,-99999,-99999,,-1,3.582474
561.7239,0.038752,-0.000068,-0.028716,-0.406052,0.057724,0.912018,-99999,-99999,-99999,,2.744812,-1
561.7351,0.038752,-0.000068,-0.028716,-0.406052,0.057724,0.912018,-99999,-99999,-99999,,2.744812,-1
561.7463,0.007164,0.00061,-0.026035,-0.360123,0.07225,0.9301,-99999,-99999,-99999,,2.610397,3.008728
561.7573,0.007101,0.00032,-0.024949,-0.35643,0.074905,0.931305,-99999,-99999,-99999,,2.595917,3.154526
561.7683,0.007101,0.00032,-0.024949,-0.35643,0.074905,0.931305,-99999,-99999,-99999,,2.595917,3.154526
561.7794,0.005548,-0.000916,-0.021856,-0.148697,0.245911,0.957809,-99999,-99999,-99999,,2.670013,4.358719
561.7905,-0.02438,0.001098,-0.022922,-0.338272,0.057022,0.939301,-99999,-99999,-99999,,2.625076,3.078934
561.8016,-0.02438,0.001098,-0.022922,-0.338272,0.057022,0.939301,-99999,-99999,-99999,,2.625076,3.078934
561.8127,-0.023764,0.001035,-0.022783,-0.370789,0.035767,0.928009,-99999,-99999,-99999,,2.872086,2.799225
561.824,0,0,0,0,0,1,-99999,-99999,-99999,,3.134842,-1
561.835,-0.028639,0.001466,-0.022201,0.110306,-0.165543,0.980011,2.888684,0,5.981079,Ground,-1,4.21489
561.8461,-0.028639,0.001466,-0.022201,0.110306,-0.165543,0.980011,2.782367,0,6.106064,Ground,-1,4.21489
561.8572,0,0,0,0,0,1,-99999,-99999,-99999,,-1,-1
561.8682,-0.029077,0.019397,-0.090088,-0.061234,0.009964,0.998062,6.970432,0,31.90046,Ground,-1,1.96228
561.8795,-0.029077,0.019397,-0.090088,-0.061234,0.009964,0.998062,6.746436,0,34.40031,Ground,-1,1.96228
561.8906,0,0,0,0,0,1,-99999,-99999,-99999,,-1,-1
561.9018,0,0,0,0,0,1,-99999,-99999,-99999,,-1,-1
561.9127,-0.026369,-0.004352,0.002299,0.77626,0.144241,0.613678,-99999,-99999,-99999,,-1,3.160645
561.9239,-0.026369,-0.004352,0.002299,0.77626,0.144241,0.613678,-99999,-99999,-99999,,-1,3.160645
561.935,0,0,0,0,0,1,-99999,-99999,-99999,,3.141937,-1
561.946,0.038987,-0.000344,-0.028594,-0.44664,0.047028,0.893463,-99999,-99999,-99999,,2.871643,-1
561.9572,0.038987,-0.000344,-0.028594,-0.44664,0.047028,0.893463,-99999,-99999,-99999,,2.871643,-1
561.9683,0.007436,0.000188,-0.025498,-0.402329,0.022675,0.915207,-99999,-99999,-99999,,2.845093,2.598724
561.9794,0.007334,0.000123,-0.02518,-0.399216,0.018753,0.916657,-99999,-99999,-99999,,3.125183,3.133972
561.9905,0.038604,0.000078,-0.029937,-0.299957,0.114761,0.947022,-99999,-99999,-99999,,2.231247,3.149521
562.0018,0.038604,0.000078,-0.029937,-0.299957,0.114761,0.947022,-99999,-99999,-99999,,2.231247,3.149521
562.0127,0.038508,-0.000308,-0.028687,-0.342041,0.03154,0.939148,-99999,-99999,-99999,,3.098541,3.010406
562.0237,0.0384,-0.000678,-0.02736,-0.333069,0.010712,0.942841,-99999,-99999,-99999,,2.983414,2.90564
562.035,0.0384,-0.000678,-0.02736,-0.333069,0.010712,0.942841,-99999,-99999,-99999,,2.983414,2.90564
562.046,0.038213,-0.000396,-0.028117,-0.303848,0.01712,0.95256,-99999,-99999,-99999,,3.132721,3.913208
562.0571,0.038289,-0.000553,-0.027692,-0.312363,0.042587,0.949005,-99999,-99999,-99999,,2.992905,3.677261
562.0684,0.038289,-0.000553,-0.027692,-0.312363,0.042587,0.949005,-99999,-99999,-99999,,2.992905,3.677261
562.0795,-0.028672,0.003394,-0.031727,-0.022781,0.351135,0.936035,-99999,-99999,-99999,,-1,3.464325
562.0904,0.039185,-0.000591,-0.027924,-0.519424,-0.009903,0.854446,-99999,-99999,-99999,,3.199844,-1
562.1016,0,0,0,0,0,1,-99999,-99999,-99999,,-1,-1
562.1127,0,0,0,0,0,1,-99999,-99999,-99999,,-1,-1
562.1238,0,0,0,0,0,1,-99999,-99999,-99999,,-1,-1
562.135,0,0,0,0,0,1,-99999,-99999,-99999,,-1,-1
562.146,0,0,0,0,0,1,-99999,-99999,-99999,,-1,-1
562.157,0,0,0,0,0,1,-99999,-99999,-99999,,-1,-1
562.1682,0,0,0,0,0,1,-99999,-99999,-99999,,-1,-1
562.1793,-0.028401,0.001983,-0.022031,0.10202,0.23465,0.966705,-99999,-99999,-99999,,-1,2.876877
562.1903,-0.028401,0.001983,-0.022031,0.10202,0.23465,0.966705,-99999,-99999,-99999,,-1,2.876877
562.2015,-0.023942,0.000197,-0.021354,-0.468277,0.027618,0.883133,-99999,-99999,-99999,,-1,3.396942
562.2125,-0.024136,0.000081,-0.020852,-0.461624,0.028992,0.886597,-99999,-99999,-99999,,3.028671,3.249115
562.2237,-0.024136,0.000081,-0.020852,-0.461624,0.028992,0.886597,-99999,-99999,-99999,,3.028671,3.249115
562.235,0,0,0,0,0,1,-99999,-99999,-99999,,-1,-1
562.246,-0.024484,0.000653,-0.022291,-0.386917,0.04245,0.921127,-99999,-99999,-99999,,3.024155,3.103088
562.257,-0.024484,0.000653,-0.022291,-0.386917,0.04245,0.921127,-99999,-99999,-99999,,3.024155,3.103088
562.2682,0.006986,-0.000241,-0.024033,-0.411606,-0.159714,0.897247,-7.00129,0,7.380673,Ground,2.164871,3.36467
562.2794,0.006888,-0.000089,-0.024272,-0.343353,0.04805,0.937973,-99999,-99999,-99999,,2.970383,3.071472
562.2904,0.006888,-0.000089,-0.024272,-0.343353,0.04805,0.937973,-99999,-99999,-99999,,2.970383,3.071472
562.3015,0.006779,0.000069,-0.024563,-0.321671,0.046936,0.945679,-99999,-99999,-99999,,3.281723,3.281342
562.3127,0.006664,-0.000046,-0.024086,-0.313431,0.046387,0.948471,-99999,-99999,-99999,,3.203995,2.933472
562.3237,-0.024851,0.000548,-0.021179,-0.291794,0.027649,0.95607,-99999,-99999,-99999,,3.217728,2.827423
562.335,-0.024851,0.000548,-0.021179,-0.291794,0.027649,0.95607,-99999,-99999,-99999,,3.217728,2.827423
562.346,-0.024964,0.000715,-0.021625,-0.279587,0.056763,0.958435,-99999,-99999,-99999,,3.085266,3.089951
562.357,-0.016989,0.000936,-0.023461,-0.246689,0.064713,0.966919,-99999,-99999,-99999,,2.978333,3.288101
562.3682,-0.016989,0.000936,-0.023461,-0.246689,0.064713,0.966919,-99999,-99999,-99999,,2.978333,3.288101
562.3792,-0.021935,0.000774,-0.022136,-0.248505,0.082153,0.965134,-99999,-99999,-99999,,2.988586,3.279617
562.3903,-0.016419,0.000321,-0.02137,-0.243988,0.096329,0.964966,-99999,-99999,-99999,,3.199615,3.315063
562.4016,-0.016419,0.000321,-0.02137,-0.243988,0.096329,0.964966,-99999,-99999,-99999,,3.199615,3.315063
562.4126,-0.013687,0.000532,-0.022421,-0.207108,0.093262,0.973846,-99999,-99999,-99999,,3.057404,3.368576
562.4236,0.003491,0.000093,-0.023925,-0.249374,0.080811,0.965012,-99999,-99999,-99999,,3.117233,3.135437
562.4348,0.028753,-0.000318,-0.02694,-0.374283,0.100113,0.92189,-99999,-99999,-99999,,2.862167,3.407959
562.4459,0.028753,-0.000318,-0.02694,-0.374283,0.100113,0.92189,-99999,-99999,-99999,,2.862167,3.407959
562.457,0.039029,-0.000989,-0.026992,-0.491516,-0.100281,0.865067,-11.77409,0,5.009412,Ground,3.820847,-1
562.4681,-0.030073,0.00221,-0.024462,0.293533,0.177368,0.939346,-99999,-99999,-99999,,-1,2.891968
562.4791,-0.030073,0.00221,-0.024462,0.293533,0.177368,0.939346,-99999,-99999,-99999,,-1,2.891968
562.4902,-0.026817,-0.002025,-0.008856,0.09198,-0.120453,0.988434,-4.760705,0,6.537045,Ground,-1,3.755112
562.5015,0.039408,-0.000656,-0.028404,-0.405289,-0.044617,0.913086,-16.07692,0,7.046945,Ground,3.739639,-1
562.5125,0.039408,-0.000656,-0.028404,-0.405289,-0.044617,0.913086,-15.56702,0,6.414116,Ground,3.739639,-1
562.5236,0.035192,0.020693,-0.100267,-0.145874,-0.388474,0.909821,-2.700747,0,1.929708,Ground,0.871216,-1
562.5347,-0.028142,0.003558,-0.027927,0.17688,0.308395,0.934662,-99999,-99999,-99999,,-1,3.416855
562.5458,0.00753,-0.000199,-0.024469,-0.468475,0.065186,0.881058,-99999,-99999,-99999,,2.831055,3.473099
562.5569,0.00753,-0.000199,-0.024469,-0.468475,0.065186,0.881058,-99999,-99999,-99999,,2.831055,3.473099
562.568,0.038726,-0.000999,-0.026576,-0.485489,0.047867,0.87291,-99999,-99999,-99999,,3.320541,-1
562.5792,0.005101,0.001535,-0.027896,-0.064758,0.244171,0.96756,-99999,-99999,-99999,,2.887207,3.116165
562.5903,0.005101,0.001535,-0.027896,-0.064758,0.244171,0.96756,-99999,-99999,-99999,,2.887207,3.116165
562.6014,0.006991,0.000007,-0.024538,-0.396652,0.098541,0.912659,-99999,-99999,-99999,,2.85611,3.203629
562.6125,0.038232,-0.00062,-0.026985,-0.347229,0.11322,0.930908,-99999,-99999,-99999,,3.102219,3.338547
562.6237,0.038232,-0.00062,-0.026985,-0.347229,0.11322,0.930908,-99999,-99999,-99999,,3.102219,3.338547
562.6347,0.038084,-0.000136,-0.028177,-0.353989,0.110352,0.928711,-99999,-99999,-99999,,3.390671,3.431488
562.6458,0.037936,-0.000337,-0.027166,-0.309906,0.123337,0.942719,-99999,-99999,-99999,,3.162857,3.455322
562.657,0.037741,0.000153,-0.028244,-0.291306,0.104813,0.950851,-99999,-99999,-99999,,3.269775,3.536026
562.6679,0.037741,0.000153,-0.028244,-0.291306,0.104813,0.950851,-99999,-99999,-99999,,3.269775,3.536026
562.6792,-0.002588,0.000628,-0.023847,-0.271195,0.130402,0.953644,-99999,-99999,-99999,,3.144424,3.410751
562.6901,-0.017501,0.000548,-0.021342,-0.288452,0.17067,0.942154,-99999,-99999,-99999,,3.310486,3.550812
562.7014,-0.017501,0.000548,-0.021342,-0.288452,0.17067,0.942154,-99999,-99999,-99999,,3.310486,3.550812
562.7126,-0.021543,0.0006,-0.020875,-0.257767,0.174225,0.950363,-99999,-99999,-99999,,3.486633,3.396393
562.7234,-0.01408,0.0003,-0.021176,-0.30368,0.176971,0.936173,-99999,-99999,-99999,,3.384842,3.378601
562.7348,-0.01408,0.0003,-0.021176,-0.30368,0.176971,0.936173,-99999,-99999,-99999,,3.384842,3.378601
562.7458,-0.001907,0.000472,-0.023625,-0.363449,0.137299,0.921433,-99999,-99999,-99999,,3.324066,3.446625
562.7568,-0.009938,0.000853,-0.023552,-0.330338,0.135361,0.934097,-99999,-99999,-99999,,3.319061,3.250748
562.768,-0.009938,0.000853,-0.023552,-0.330338,0.135361,0.934097,-99999,-99999,-99999,,3.319061,3.250748
562.779,-0.000088,0.000646,-0.02424,-0.333893,0.140198,0.932114,-99999,-99999,-99999,,3.257736,3.468613
562.7902,0.0065,0.000631,-0.024985,-0.310745,0.135651,0.94075,-99999,-99999,-99999,,3.313934,3.488174
562.8013,-0.010684,0.00089,-0.023178,-0.286362,0.155518,0.945404,-99999,-99999,-99999,,3.36557,3.34671
562.8124,-0.010684,0.00089,-0.023178,-0.286362,0.155518,0.945404,-99999,-99999,-99999,,3.36557,3.34671
562.8235,-0.018807,0.001898,-0.025309,-0.213684,0.135513,0.967453,-99999,-99999,-99999,,3.436493,3.256897
562.8346,-0.013129,0.00074,-0.022266,-0.277054,0.168228,0.945999,-99999,-99999,-99999,,3.257401,3.46431
562.8456,-0.013129,0.00074,-0.022266,-0.277054,0.168228,0.945999,-99999,-99999,-99999,,3.257401,3.46431
562.8568,-0.009287,0.000453,-0.021953,-0.254868,0.176895,0.950638,-99999,-99999,-99999,,3.441284,3.465103
562.868,0.001108,-0.000037,-0.021748,-0.275009,0.184738,0.943512,-99999,-99999,-99999,,3.453735,3.42897
562.879,0.006803,0.000734,-0.02501,-0.203583,0.148422,0.967728,-99999,-99999,-99999,,3.370346,3.196259
562.8903,0.006803,0.000734,-0.02501,-0.203583,0.148422,0.967728,-99999,-99999,-99999,,3.370346,3.196259
562.9014,0.006878,0.000271,-0.02372,-0.217697,0.163681,0.962189,-99999,-99999,-99999,,3.484314,3.287979
562.9124,-0.004045,0.001102,-0.024989,-0.176743,0.149323,0.972855,-99999,-99999,-99999,,3.332001,3.224945
562.9237,-0.004045,0.001102,-0.024989,-0.176743,0.149323,0.972855,-99999,-99999,-99999,,3.332001,3.224945
562.9346,-0.011042,-0.000067,-0.0203,-0.248627,0.192108,0.949341,-99999,-99999,-99999,,3.408157,3.404327
562.9458,-0.006918,0.000199,-0.022249,-0.191101,0.175339,0.965775,-99999,-99999,-99999,,3.342194,3.204163
562.9567,-0.006918,0.000199,-0.022249,-0.191101,0.175339,0.965775,-99999,-99999,-99999,,3.342194,3.204163
562.968,-0.011479,0.000336,-0.022496,-0.175461,0.182465,0.967423,-99999,-99999,-99999,,3.25705,3.259766
562.9791,-0.017646,0.000534,-0.022193,-0.158188,0.194351,0.968079,-99999,-99999,-99999,,3.288574,3.197281
562.9901,-0.018674,0.000623,-0.021881,-0.17244,0.209015,0.962585,-99999,-99999,-99999,,3.437057,3.164795
563.0013,-0.018674,0.000623,-0.021881,-0.17244,0.209015,0.962585,-44.69835,0,1.911447,Ground,3.437057,3.164795
563.0125,-0.020332,0.000775,-0.021887,-0.162262,0.217987,0.962357,-39.88988,0,1.969665,Ground,3.379135,3.286819
563.0234,-0.017008,0.000927,-0.022612,-0.134384,0.209396,0.968536,-25.42692,0,1.888295,Ground,3.246536,3.324814
563.0346,-0.017008,0.000927,-0.022612,-0.134384,0.209396,0.968536,-21.30938,0,1.511622,Ground,3.246536,3.324814
563.0458,-0.026609,0.00016,-0.016973,-0.182541,0.107529,0.977295,-8.604769,0,0.157382,Ground,3.055328,3.210938
563.0567,0,0,0,0,0,1,-99999,-99999,-99999,,-1,-1
563.0677,0,0,0,0,0,1,-99999,-99999,-99999,,-1,-1
563.079,0,0,0,0,0,1,-99999,-99999,-99999,,-1,-1
563.0901,0,0,0,0,0,1,-99999,-99999,-99999,,-1,-1
563.1011,0,0,0,0,0,1,-99999,-99999,-99999,,-1,-1
563.1124,0,0,0,0,0,1,-99999,-99999,-99999,,-1,-1
563.1234,0,0,0,0,0,1,-99999,-99999,-99999,,-1,-1
563.1345,-0.02738,-0.002397,-0.013188,0.1008,0.080597,0.991623,-5.883834,0,1.656014,Ground,-1,3.74411
563.1456,-0.02738,-0.002397,-0.013188,0.1008,0.080597,0.991623,-5.885144,0,1.627777,Ground,-1,3.74411
563.1567,-0.026433,-0.004785,-0.0047,0.918778,-0.078888,0.386795,-1.425821,0,6.954298,Ground,1.550827,5.782654
563.1678,-0.027136,-0.001927,-0.017962,0.269653,0.231567,0.934692,-14.60178,0,6.757973,Ground,2.748154,3.680161
563.1788,-0.027136,-0.001927,-0.017962,0.269653,0.231567,0.934692,-14.49926,0,6.643188,Ground,2.748154,3.680161
563.19,-0.02611,-0.000595,-0.021956,0.07991,0.003174,0.996796,-4.527915,0,1.067331,Ground,3.176941,4.245987
563.2012,0,0,0,0,0,1,-99999,-99999,-99999,,3.347153,3.136627
563.2122,0.00492,0.00075,-0.026365,-0.125916,0.026077,0.991684,-5.076349,0,0.052263,Ground,3.34433,2.901398
563.2234,0.00492,0.00075,-0.026365,-0.125916,0.026077,0.991684,-5.034871,0,0.029617,Ground,3.34433,2.901398
563.2346,0.036262,-0.001623,-0.02385,-0.12851,-0.034637,0.991089,-4.142098,0,-0.022904,Ground,3.237885,2.993164
563.2454,-0.019008,0.000632,-0.023186,-0.093796,-0.053314,0.994156,-3.859644,0,0.098575,Ground,3.218536,3.140991
563.2568,-0.019008,0.000632,-0.023186,-0.093796,-0.053314,0.994156,-3.810675,0,0.081181,Ground,3.218536,3.140991
563.2679,-0.025742,0.000868,-0.023091,-0.093887,-0.055573,0.994019,-3.723183,0,0.064864,Ground,3.304428,3.142181
563.2789,-0.021183,0.000612,-0.023177,-0.091293,-0.042786,0.994888,-3.767443,0,0.067517,Ground,3.247955,3.127625
563.29,0.006668,-0.000792,-0.02332,-0.087082,-0.023911,0.995911,-3.864144,0,0.079021,Ground,3.107025,3.12793
563.3022,0.006668,-0.000792,-0.02332,-0.087082,-0.023911,0.995911,-3.746121,0,0.065643,Ground,3.107025,3.12793
563.3124,0.012467,-0.00127,-0.021206,-0.021881,-0.106415,0.994064,-2.941904,0,0.233518,Ground,3.172729,3.251434
563.3232,0.007714,-0.001125,-0.02191,-0.074493,-0.062668,0.995239,-3.16775,0,0.072702,Ground,3.206009,3.181992
563.3345,0.007714,-0.001125,-0.02191,-0.074493,-0.062668,0.995239,-3.053087,0,0.064273,Ground,3.206009,3.181992
563.3456,0.021025,-0.001601,-0.023464,-0.096237,-0.005707,0.995331,-3.342852,0,0.002109,Ground,3.14415,3.121597
563.3565,0.016678,-0.001618,-0.023444,-0.08345,-0.044312,0.995514,-2.902816,0,0.030047,Ground,3.185242,3.194
563.3677,0.016678,-0.001618,-0.023444,-0.08345,-0.044312,0.995514,-2.750998,0,0.025604,Ground,3.185242,3.194
563.3788,-0.026639,-0.000198,-0.023519,-0.065674,-0.165619,0.983994,-2.039263,0,0.040693,Ground,2.702469,3.192627
563.3899,0.004372,-0.002335,-0.02314,-0.054626,-0.448975,0.891861,-1.112904,0,0.002299,Ground,4.494049,4.235077
563.4011,0.004372,-0.002335,-0.02314,-0.054626,-0.448975,0.891861,-1.052629,0,0.004336,Ground,4.494049,4.235077
563.4121,-0.026649,-0.001176,-0.023705,-0.091858,-0.442093,0.892242,-1.015151,0,-0.059385,Ground,-1,4.598038
563.4232,0,0,0,0,0,1,-99999,-99999,-99999,,-1,-1
563.4344,0,0,0,0,0,1,-99999,-99999,-99999,,-1,-1
563.4454,0,0,0,0,0,1,-99999,-99999,-99999,,-1,-1
563.4565,0,0,0,0,0,1,-99999,-99999,-99999,,-1,-1
563.4678,0,0,0,0,0,1,-99999,-99999,-99999,,-1,-1
563.4788,0,0,0,0,0,1,-99999,-99999,-99999,,-1,-1
563.49,0,0,0,0,0,1,-99999,-99999,-99999,,-1,-1
563.501,0,0,0,0,0,1,-99999,-99999,-99999,,-1,-1
563.5121,0,0,0,0,0,1,-99999,-99999,-99999,,-1,-1
563.5233,0,0,0,0,0,1,-99999,-99999,-99999,,-1,-1
563.5345,0,0,0,0,0,1,-99999,-99999,-99999,,-1,-1
563.5454,0,0,0,0,0,1,-99999,-99999,-99999,,-1,-1
563.5565,0,0,0,0,0,1,-99999,-99999,-99999,,-1,-1
563.5677,0,0,0,0,0,1,-99999,-99999,-99999,,-1,-1
563.5787,-0.028341,-0.001237,-0.010478,0.020142,0.724136,0.689346,-8.742167,0,1.158293,Ground,-1,6.338089
563.5898,-0.028341,-0.001237,-0.010478,0.020142,0.724136,0.689346,-7.733221,0,1.039065,Ground,-1,6.338089
563.601,0,0,0,0,0,1,-99999,-99999,-99999,,-1,-1
563.6122,0,0,0,0,0,1,-99999,-99999,-99999,,-1,-1
563.6232,0,0,0,0,0,1,-99999,-99999,-99999,,-1,-1
563.6344,0,0,0,0,0,1,-99999,-99999,-99999,,-1,-1
563.6462,-0.026698,-0.002054,-0.025647,0.061432,-0.510849,0.857468,-0.048977,0,0.129465,Ground,-1,4.574005
563.6564,0,0,0,0,0,1,-99999,-99999,-99999,,-1,-1
563.6675,0,0,0,0,0,1,-99999,-99999,-99999,,-1,-1
563.6786,0,0,0,0,0,1,-99999,-99999,-99999,,-1,-1
563.6898,0,0,0,0,0,1,-99999,-99999,-99999,,-1,-1
563.7009,0,0,0,0,0,1,-99999,-99999,-99999,,-1,-1
563.7121,0,0,0,0,0,1,-99999,-99999,-99999,,-1,-1
563.7231,0,0,0,0,0,1,-99999,-99999,-99999,,-1,-1
563.7343,-0.026727,-0.001539,-0.026125,-0.005234,-0.516129,0.856491,0.08839,0,0.022491,Ground,-1,4.52565
563.7454,-0.026727,-0.001539,-0.026125,-0.005234,-0.516129,0.856491,0.103109,0,0.023537,Ground,-1,4.52565
563.7565,-0.026651,-0.001539,-0.026477,0.019638,-0.494064,0.869186,0.08448,0,0.064501,Ground,-1,4.614609
563.7676,-0.026641,-0.00154,-0.026548,0.01889,-0.498001,0.866959,0.103204,0,0.063416,Ground,-1,4.61795
563.7786,-0.026641,-0.00154,-0.026548,0.01889,-0.498001,0.866959,0.114451,0,0.063691,Ground,-1,4.61795
563.7897,-0.026621,-0.001591,-0.026554,0.023346,-0.487671,0.872696,0.106573,0,0.072854,Ground,-1,4.68895
563.8009,0.004457,-0.002712,-0.027595,-0.17009,-0.57251,0.802048,0.242433,0,-0.231739,Ground,4.895721,4.735962
563.812,-0.026616,-0.001595,-0.026608,0.023331,-0.472122,0.88121,0.093485,0,0.076213,Ground,4.704407,4.646194
563.8231,-0.026616,-0.001595,-0.026608,0.023331,-0.472122,0.88121,0.098116,0,0.076472,Ground,4.704407,4.646194
563.8351,-0.026616,-0.001607,-0.026586,0.02182,-0.478653,0.877731,0.111268,0,0.073017,Ground,4.696564,4.73378
563.8453,0.035402,-0.003555,-0.028905,-0.063034,-0.495438,0.866333,0.125899,0,-0.053238,Ground,4.708099,-1
563.8566,0.035402,-0.003555,-0.028905,-0.063034,-0.495438,0.866333,0.126516,0,-0.053308,Ground,4.708099,-1
563.8676,0.004398,-0.002593,-0.027665,-0.011841,-0.48114,0.876541,0.109682,0,0.023507,Ground,4.524719,4.900772
563.8786,0.004392,-0.002615,-0.027616,-0.00769,-0.470383,0.882416,0.091164,0,0.031573,Ground,4.523315,5.005569
563.8898,0.004392,-0.002615,-0.027616,-0.00769,-0.470383,0.882416,0.088087,0,0.031641,Ground,4.523315,5.005569
563.9008,0.004397,-0.002624,-0.02743,-0.010925,-0.481903,0.876144,0.103318,0,0.025172,Ground,4.598587,4.986038
563.9119,0.035453,-0.003737,-0.02828,-0.032928,-0.471191,0.881409,0.076546,0,-0.004075,Ground,4.601501,4.985214
563.923,0.035453,-0.003737,-0.028197,-0.040695,-0.494721,0.868088,0.108951,0,-0.019703,Ground,4.633621,4.994034
563.9343,0.035453,-0.003737,-0.028197,-0.040695,-0.494721,0.868088,0.102855,0,-0.019763,Ground,4.633621,4.994034
563.9454,0.02594,-0.003421,-0.027898,-0.032257,-0.501633,0.864471,0.108702,0,-0.00886,Ground,4.66922,4.990158
563.9564,-0.019919,-0.001783,-0.026767,0.005722,-0.509979,0.860153,0.122098,0,0.044219,Ground,4.600632,4.989334
563.9675,-0.019919,-0.001783,-0.026767,0.005722,-0.509979,0.860153,0.112546,0,0.044305,Ground,4.600632,4.989334
563.9786,-0.013398,-0.002038,-0.026931,-0.000214,-0.503464,0.863998,0.089675,0,0.037138,Ground,4.599335,4.9888
563.9896,-0.026669,-0.001544,-0.0266,0.005508,-0.511734,0.859116,0.092612,0,0.043834,Ground,4.600708,4.975266
564.0007,-0.026669,-0.001544,-0.0266,0.005508,-0.511734,0.859116,0.079119,0,0.044109,Ground,4.600708,4.975266
564.0118,-0.026673,-0.001544,-0.0266,0.0047,-0.510452,0.859879,0.060252,0,0.043464,Ground,4.606461,4.934036
564.0229,0.035482,-0.003504,-0.026875,0.016922,-0.496384,0.867935,0.021388,0,0.063966,Ground,4.599655,4.217819
564.0342,0.03354,0.01977,-0.099579,-0.114883,-0.482941,0.868073,-0.040631,0,-0.122008,Ground,1.368073,-1
564.0453,0.03354,0.01977,-0.099579,-0.114883,-0.482941,0.868073,-0.061453,0,-0.122138,Ground,1.368073,-1
564.0564,0,0,0,0,0,1,-99999,-99999,-99999,,-1,-1
564.0674,0,0,0,0,0,1,-99999,-99999,-99999,,-1,-1
564.0786,0,0,0,0,0,1,-99999,-99999,-99999,,-1,-1
564.0897,0,0,0,0,0,1,-99999,-99999,-99999,,2.620209,-1
564.1007,0,0,0,0,0,1,-99999,-99999,-99999,,2.867706,2.649017
564.1119,0,0,0,0,0,1,-99999,-99999,-99999,,3.236725,2.773972
564.1229,0,0,0,0,0,1,-99999,-99999,-99999,,3.236725,2.773972
564.1341,-0.026855,0.000615,-0.022251,-0.025223,0.361221,0.932129,-2.050162,0,0.258639,Ground,3.785477,3.278
564.1452,-0.026327,0.000881,-0.023549,0.093521,0.41066,0.906967,-2.362038,0,0.622512,Ground,-1,3.433044
564.1564,-0.026327,0.000881,-0.023549,0.093521,0.41066,0.906967,-2.46452,0,0.64963,Ground,-1,3.433044
564.1674,-0.027421,0.002253,-0.023641,-0.165222,0.190033,0.967773,-1.703786,0,-0.078509,Ground,3.540649,3.595306
564.1784,-0.027046,0.004408,-0.031243,-0.049408,0.128326,0.990494,-1.560702,0,0.150271,Ground,3.394241,3.123703
564.1896,-0.027046,0.004408,-0.031243,-0.049408,0.128326,0.990494,-1.621395,0,0.160249,Ground,3.394241,3.123703
564.2007,0.031902,-0.005775,-0.013812,-0.074585,0.852188,0.517883,-99999,-99999,-99999,,5.164902,3.285233
564.2118,0.008716,0.000075,-0.025906,-0.030808,0.482071,0.87558,-3.809881,0,0.509329,Ground,3.138763,3.290207
564.2229,-0.005535,0.000602,-0.025375,-0.025742,0.471283,0.881592,-3.907382,0,0.551697,Ground,3.018463,3.177704
564.2355,-0.005535,0.000602,-0.025375,-0.025742,0.471283,0.881592,-99999,-99999,-99999,,3.018463,3.177704
564.2451,-0.000643,0.000482,-0.025668,-0.026016,0.475205,0.879471,-99999,-99999,-99999,,3.048813,3.200928
564.2562,0.015547,-0.000047,-0.026445,-0.031799,0.453812,0.890518,-99999,-99999,-99999,,3.204086,3.17804
564.2673,0.015547,-0.000047,-0.026445,-0.031799,0.453812,0.890518,-99999,-99999,-99999,,3.204086,3.17804
564.2784,0.030555,-0.000658,-0.026928,-0.034241,0.43541,0.899567,-99999,-99999,-99999,,3.109833,3.070801
564.2897,0.033619,-0.000637,-0.027526,-0.029221,0.405304,0.913696,-99999,-99999,-99999,,2.790604,3.139404
564.3007,0.033619,-0.000637,-0.027526,-0.029221,0.405304,0.913696,-99999,-99999,-99999,,2.790604,3.139404
564.3119,0.030142,-0.000753,-0.026828,-0.031555,0.38446,0.922592,-99999,-99999,-99999,,2.990738,3.067657
564.3228,0.005754,0.000197,-0.026269,-0.038315,0.334992,0.941437,-99999,-99999,-99999,,3.01532,2.963058
564.3342,-0.012779,0.001006,-0.025392,-0.02301,0.329086,0.944016,-99999,-99999,-99999,,2.943954,3.094208
564.3452,-0.012779,0.001006,-0.025392,-0.02301,0.329086,0.944016,-99999,-99999,-99999,,2.943954,3.094208
564.3563,0.006524,0.000763,-0.026255,-0.000931,0.379944,0.925003,-99999,-99999,-99999,,2.73558,2.995422
564.3674,-0.004098,0.001549,-0.026218,-0.012466,0.397553,0.917481,-99999,-99999,-99999,,2.872818,3.011459
564.3784,-0.004098,0.001549,-0.026218,-0.012466,0.397553,0.917481,-99999,-99999,-99999,,2.872818,3.011459
564.3896,-0.007129,0.001364,-0.025287,-0.026978,0.458466,0.88829,-99999,-99999,-99999,,3.032257,2.919189
564.4008,-0.010023,0.002279,-0.026941,-0.034225,0.434082,0.900208,-99999,-99999,-99999,,2.797623,2.877579
564.412,-0.010023,0.002279,-0.026941,-0.034225,0.434082,0.900208,-99999,-99999,-99999,,2.797623,2.877579
564.4231,-0.006373,0.002018,-0.026279,-0.019608,0.44548,0.895065,-99999,-99999,-99999,,2.792587,3.046997
564.4341,-0.005063,0.00199,-0.026267,-0.024612,0.46695,0.883926,-99999,-99999,-99999,,2.764664,3.05658
564.4451,-0.023344,0.00249,-0.025303,-0.029907,0.459518,0.88765,-99999,-99999,-99999,,3.000549,3.055222
564.4562,-0.023344,0.00249,-0.025303,-0.029907,0.459518,0.88765,-99999,-99999,-99999,,3.000549,3.055222
564.4672,-0.024912,0.00217,-0.024399,-0.04129,0.450913,0.891602,-99999,-99999,-99999,,3.092361,2.941879
564.4783,-0.019402,0.001802,-0.024408,-0.028,0.433289,0.900803,-99999,-99999,-99999,,2.951294,2.974426
564.4896,-0.019402,0.001802,-0.024408,-0.028,0.433289,0.900803,-99999,-99999,-99999,,2.951294,2.974426
564.5005,-0.006819,0.0012,-0.024564,-0.033875,0.417236,0.908157,-99999,-99999,-99999,,2.95842,3.012207
564.5118,-0.005144,0.001182,-0.024793,-0.042557,0.386734,0.921188,-99999,-99999,-99999,,2.747849,3.040665
564.5228,-0.005144,0.001182,-0.024793,-0.042557,0.386734,0.921188,-99999,-99999,-99999,,2.747849,3.040665
564.5339,-0.020493,0.001486,-0.023814,-0.044724,0.364044,0.930298,-99999,-99999,-99999,,2.845459,3.03064
564.545,-0.023107,0.001244,-0.023057,-0.039566,0.350113,0.935867,-99999,-99999,-99999,,2.923248,2.978867
564.5563,-0.018212,0.00131,-0.023918,-0.038269,0.323731,0.945358,-99999,-99999,-99999,,2.848953,2.852585
564.5672,-0.018212,0.00131,-0.023918,-0.038269,0.323731,0.945358,-99999,-99999,-99999,,2.848953,2.852585
564.5782,0.008909,0.000505,-0.025513,-0.048965,0.280518,0.958588,-99999,-99999,-99999,,2.780792,2.95813
564.5895,0.010307,0.000172,-0.025134,-0.0401,0.277496,0.959885,-99999,-99999,-99999,,2.713547,3.047043
564.6006,0.010307,0.000172,-0.025134,-0.0401,0.277496,0.959885,-99999,-99999,-99999,,2.713547,3.047043
564.6117,-0.009688,0.000756,-0.024426,-0.038116,0.262436,0.964188,-99999,-99999,-99999,,2.933655,2.842224
564.6227,-0.001738,0.00043,-0.024761,-0.033951,0.242172,0.969635,-99999,-99999,-99999,,2.688019,2.903702
564.6339,-0.001738,0.00043,-0.024761,-0.033951,0.242172,0.969635,-99999,-99999,-99999,,2.688019,2.903702
564.6448,0.01478,-0.000248,-0.025056,-0.039871,0.231628,0.97197,-99999,-99999,-99999,,2.82637,2.900604
564.6559,0.01486,-0.000352,-0.025062,-0.030853,0.213516,0.97644,-99999,-99999,-99999,,2.948776,2.868759
564.6671,0.010367,-0.000315,-0.024836,-0.027481,0.20253,0.978882,-99999,-99999,-99999,,2.891022,2.737549
564.6783,0.010367,-0.000315,-0.024836,-0.027481,0.20253,0.978882,-99999,-99999,-99999,,2.891022,2.737549
564.6895,0.01298,-0.000385,-0.025024,-0.023422,0.185806,0.9823,-99999,-99999,-99999,,2.986465,2.75029
564.7008,0.019024,-0.000629,-0.025188,-0.020248,0.175674,0.984238,-99999,-99999,-99999,,2.892609,2.756577
564.7117,0.019024,-0.000629,-0.025188,-0.020248,0.175674,0.984238,-99999,-99999,-99999,,2.892609,2.756577
564.7227,0.017095,-0.000571,-0.025105,-0.019196,0.172058,0.984894,-99999,-99999,-99999,,2.892883,2.750305
564.7338,0.010146,-0.000328,-0.024857,-0.017044,0.165207,0.986099,-99999,-99999,-99999,,2.886795,2.766586
564.7449,0.006246,-0.000186,-0.024717,-0.015076,0.159103,0.987137,-1.968039,1.618474,0.243599,K01_EastWall_03,2.856384,2.765762
564.7563,0.006246,-0.000186,-0.024717,-0.015076,0.159103,0.987137,-1.968039,1.628601,0.241391,K01_EastWall_03,2.856384,2.765762
564.7673,0.005269,-0.000147,-0.024684,-0.014557,0.155655,0.987701,-1.968039,1.631232,0.239589,K01_EastWall_03,2.83017,2.771973
564.7783,0.006563,-0.000038,-0.024788,-0.010117,0.127091,0.991837,-1.968039,1.587393,0.243134,K01_EastWall_03,2.746246,2.770966
564.7895,0.006563,-0.000038,-0.024788,-0.010117,0.127091,0.991837,-1.968039,1.596515,0.24247,K01_EastWall_03,2.746246,2.770966
564.8008,0.002401,0.00012,-0.024635,-0.008789,0.129089,0.991592,-1.968039,1.609603,0.244593,K01_EastWall_03,2.874649,2.771759
564.8118,-0.004425,0.000314,-0.024369,-0.004883,0.132736,0.991135,-1.968039,1.625041,0.252826,K01_EastWall_03,2.876419,2.786896
564.8228,-0.004425,0.000314,-0.024369,-0.004883,0.132736,0.991135,-1.968039,1.633198,0.253695,K01_EastWall_03,2.876419,2.786896
564.8339,-0.002578,0.000275,-0.024414,-0.002731,0.125229,0.992111,-1.968039,1.626007,0.257939,K01_EastWall_03,2.92569,2.787354
564.845,0.005621,-0.000021,-0.024523,-0.001205,0.104691,0.994492,-1.968039,1.593618,0.259165,K01_EastWall_03,2.903366,2.792389
564.8562,0.016309,-0.000364,-0.025004,0.011475,0.096222,0.995285,-1.968039,1.580509,0.282579,K01_EastWall_03,2.980164,2.793427
564.8672,0.016309,-0.000364,-0.025004,0.011475,0.096222,0.995285,-1.968039,1.582864,0.284042,K01_EastWall_03,2.980164,2.793427
564.8782,0.016937,-0.000392,-0.025047,0.004868,0.093887,0.99556,-1.968039,1.581588,0.272435,K01_EastWall_03,2.817841,2.801849
564.8892,0.016113,-0.000386,-0.025051,0.012985,0.09285,0.99559,-1.968039,1.579936,0.287993,K01_EastWall_03,2.848862,2.801605
564.9016,0.016113,-0.000386,-0.025051,0.012985,0.09285,0.99559,-1.968039,1.582029,0.288744,K01_EastWall_03,2.848862,2.801605
564.9118,0.010723,-0.000314,-0.024628,0.00943,0.084839,0.996338,-1.968039,1.570315,0.281458,K01_EastWall_03,3.022842,2.802887
564.9226,-0.009987,0.000527,-0.024308,0.002014,0.064941,0.997879,-1.968039,1.537483,0.265491,K01_EastWall_03,2.916885,2.878998
564.9338,-0.009987,0.000527,-0.024308,0.002014,0.064941,0.997879,-1.968039,1.541624,0.265122,K01_EastWall_03,2.916885,2.878998
564.9451,-0.014736,0.00066,-0.024237,0.000748,0.065491,0.997849,-1.968039,1.547018,0.262485,K01_EastWall_03,2.875809,2.909286
564.9562,-0.012103,0.000538,-0.024278,-0.000305,0.061523,0.998093,-1.968039,1.544561,0.259494,K01_EastWall_03,2.90625,2.932846
564.9671,-0.012103,0.000538,-0.024278,-0.000305,0.061523,0.998093,-1.968039,1.54864,0.259528,K01_EastWall_03,2.90625,2.932846
564.9782,-0.002794,0.000069,-0.02422,0.00032,0.070999,0.997467,-1.968039,1.569411,0.262001,K01_EastWall_03,2.903122,2.944122
564.9894,0.002696,-0.000163,-0.024297,0.000885,0.069305,0.997589,-1.968039,1.56958,0.263247,K01_EastWall_03,2.902527,2.947357
565.0005,0.001621,-0.000129,-0.024267,0.0009,0.068405,0.99765,-1.968039,1.569533,0.263798,K01_EastWall_03,2.907822,2.946747
565.0117,0.001621,-0.000129,-0.024267,0.0009,0.068405,0.99765,-1.968039,1.570969,0.264351,K01_EastWall_03,2.907822,2.946747
565.0227,0.000346,-0.000085,-0.024226,0.001007,0.065567,0.997833,-1.968039,1.564868,0.264756,K01_EastWall_03,2.907639,2.941895
565.0338,0.004495,-0.000374,-0.024191,0.006851,0.061905,0.998047,-1.968039,1.554716,0.275326,K01_EastWall_03,2.911118,2.730026
565.0449,0.004495,-0.000374,-0.024191,0.006851,0.061905,0.998047,-1.968039,1.551146,0.27502,K01_EastWall_03,2.911118,2.730026
565.0561,0.008517,-0.000587,-0.024568,-0.002991,0.047989,0.99884,-1.968039,1.520979,0.254458,K01_EastWall_03,2.96698,2.97084
565.0671,0.033229,-0.002187,-0.024472,-0.112793,-0.064835,0.991486,-1.964404,1.324762,0.03391,K01_EastWall_01,2.953369,2.77153
565.0783,-0.025485,-0.000607,-0.022366,-0.19017,-0.244919,0.950699,-1.903389,0.995209,-0.153191,K01_L11_03,-1,3.051361
565.0892,-0.025485,-0.000607,-0.022366,-0.19017,-0.244919,0.950699,-1.901539,0.984969,-0.157067,K01_L11_03,-1,3.051361
565.1005,-0.025483,-0.0008,-0.022068,-0.226257,-0.197479,0.953827,-1.918891,1.065889,-0.217391,K01_L11_03,-1,3.581497
565.1116,0.036899,-0.002377,-0.026578,-0.271561,-0.474823,0.837128,-1.202284,0.886198,-0.257124,K01_G01_05,4.226379,-1
565.1226,0.036899,-0.002377,-0.026578,-0.271561,-0.474823,0.837128,-1.184324,0.880224,-0.258564,K01_G01_05,4.226379,-1
565.1339,0.005642,-0.001222,-0.025764,-0.247711,-0.388687,0.887436,-1.378166,0.886198,-0.242087,K01_G01_05,3.282944,5.268631
565.145,-0.025588,-0.001072,-0.021759,-0.250671,-0.405457,0.879059,-1.288469,0.886198,-0.238988,K01_G01_05,-1,4.585327
565.156,-0.025588,-0.001072,-0.021759,-0.250671,-0.405457,0.879059,-1.242858,0.886198,-0.234712,K01_G01_05,-1,4.585327
565.1672,0,0,0,0,0,1,-99999,-99999,-99999,,-1,-1
565.1782,-0.025553,-0.000965,-0.022077,-0.205292,-0.225845,0.952271,-1.703087,0.886198,-0.204174,K01_G01_05,-1,3.375076
565.1891,0.00563,-0.001697,-0.024315,-0.223785,-0.307907,0.924713,-1.354834,0.886198,-0.206501,K01_G01_05,4.472137,2.961319
565.2005,0.00563,-0.001697,-0.024315,-0.223785,-0.307907,0.924713,-1.295728,0.886198,-0.201669,K01_G01_05,4.472137,2.961319
565.2115,0.005589,-0.0019,-0.023474,-0.149109,-0.305496,0.94043,-1.239375,0.886198,-0.095324,K01_G01_05,3.7715,3.930115
565.2225,0.005567,-0.001934,-0.02287,-0.201447,-0.117279,0.972443,-1.798426,0.886198,-0.217834,K01_G01_05,2.863281,2.778931
565.2338,0.005567,-0.001934,-0.02287,-0.201447,-0.117279,0.972443,-1.697253,0.886198,-0.213444,K01_G01_05,2.863281,2.778931
565.2449,0.036939,-0.001276,-0.029041,-0.062332,-0.647492,0.759506,-1.06532,0.00527,-0.067771,K01_Floor,3.377274,-1
565.256,0,0,0,0,0,1,-99999,-99999,-99999,,-1,-1
565.267,0,0,0,0,0,1,-99999,-99999,-99999,,-1,-1
565.2791,0,0,0,0,0,1,-99999,-99999,-99999,,-1,-1
565.2892,-0.027702,0.02173,-0.098154,0.135315,-0.11087,0.984573,-1.357919,0.896603,0.260582,K01_G06_01,-1,2.096771
565.3004,0,0,0,0,0,1,-99999,-99999,-99999,,-1,-1
565.3115,0,0,0,0,0,1,-99999,-99999,-99999,,-1,-1
565.3227,0,0,0,0,0,1,-99999,-99999,-99999,,-1,-1
565.3336,0,0,0,0,0,1,-99999,-99999,-99999,,-1,-1
565.3448,0,0,0,0,0,1,-99999,-99999,-99999,,-1,-1
565.356,0.004585,0.001108,-0.027931,-0.179611,0.112305,0.977295,-1.964404,1.06281,-0.335031,K01_EastWall_01,2.722015,4.414917
565.3671,0.005182,0.000028,-0.025449,-0.0728,0.105591,0.99173,-1.915737,1.061028,-0.143326,K01_L11_03,2.604904,3.802689
565.3781,0.005182,0.000028,-0.025449,-0.0728,0.105591,0.99173,-1.917268,1.066208,-0.161221,K01_L11_03,2.604904,3.802689
565.3893,0.038296,0.000876,-0.030865,-0.37265,0.052078,0.926498,-1.748171,1.048006,-0.728347,K01_L07_07,2.414017,-1
565.4003,0.007151,0.001101,-0.026951,-0.352173,0.077087,0.932739,-1.822999,1.074337,-0.728168,K01_L07_07,2.645004,2.894714
565.4127,-0.024104,0.001425,-0.023501,-0.340286,0.086517,0.936325,-1.846772,1.087591,-0.728207,K01_L07_07,2.782196,2.878098
565.4225,-0.024104,0.001425,-0.023501,-0.340286,0.086517,0.936325,-1.807964,1.101736,-0.728842,K01_L07_07,2.782196,2.878098
565.4335,-0.024278,0.001023,-0.022588,-0.356934,0.10318,0.928406,-1.708995,1.165416,-0.731001,K01_L07_07,2.852661,2.949036
565.4448,-0.024349,0.0014,-0.024223,-0.324219,0.077713,0.942764,-1.804221,1.085771,-0.728565,K01_L07_07,2.980331,2.894409
565.4557,-0.024349,0.0014,-0.024223,-0.324219,0.077713,0.942764,-1.771333,1.09504,-0.72905,K01_L07_07,2.980331,2.894409
565.4669,0.037934,-0.000583,-0.027875,-0.300568,0.112351,0.947113,-1.872376,1.131188,-0.728821,K01_L07_07,2.629272,2.666168
565.4781,-0.021329,0.000418,-0.022128,-0.344498,0.096405,0.933807,-1.685351,1.154981,-0.7529,K01_L07_07,2.828384,2.996811
565.4891,-0.021329,0.000418,-0.022128,-0.344498,0.096405,0.933807,-1.685403,1.153024,-0.764528,K01_L07_07,2.828384,2.996811
565.5004,-0.005886,-0.000029,-0.023239,-0.293366,0.093308,0.951431,-1.814309,1.10262,-0.728801,K01_L07_07,2.40007,2.881012
565.5114,0.009302,-0.000353,-0.024555,-0.30867,0.090744,0.946823,-1.722863,1.123329,-0.730051,K01_L07_07,2.80484,2.954758
565.5225,0.000131,-0.000187,-0.023755,-0.285034,0.095032,0.953781,-1.812105,1.099397,-0.728758,K01_L07_07,2.511414,3.00238
565.5335,0.000131,-0.000187,-0.023755,-0.285034,0.095032,0.953781,-1.795385,1.100264,-0.72893,K01_L07_07,2.511414,3.00238
565.5447,-0.020586,0.0002,-0.021957,-0.318573,0.108597,0.94165,-1.685352,1.155416,-0.751568,K01_L07_07,2.783752,3.140488
565.5556,-0.02377,0.000373,-0.022014,-0.315079,0.10994,0.942673,-1.685261,1.152972,-0.750362,K01_L07_07,2.744873,3.019135
565.5668,-0.02377,0.000373,-0.022014,-0.315079,0.10994,0.942673,-1.685145,1.147697,-0.756063,K01_L07_07,2.744873,3.019135
565.578,-0.021567,0.000457,-0.022614,-0.31337,0.105087,0.943787,-1.684701,1.133353,-0.758563,K01_L07_07,2.687851,3.204865
565.589,-0.006155,0.00029,-0.02428,-0.284241,0.096741,0.953842,-1.735942,1.095615,-0.729389,K01_L07_07,2.788498,3.158844
565.6002,0.00957,0.000017,-0.02568,-0.258881,0.104919,0.96019,-1.845913,1.071149,-0.727894,K01_L07_07,2.895279,3.153625
565.6115,0.00957,0.000017,-0.02568,-0.258881,0.104919,0.96019,-1.835653,1.068273,-0.727933,K01_L07_07,2.895279,3.153625
565.6224,0.021122,0.000067,-0.02752,-0.230484,0.094193,0.968491,-1.964404,0.998613,-0.725045,K01_EastWall_01,2.93396,3.116608
565.6337,0.026015,0.000496,-0.028371,-0.187363,0.013611,0.982193,-1.667791,0.945406,-0.543404,K01_L10_06,2.727097,3.014359
565.6447,0.026015,0.000496,-0.028371,-0.187363,0.013611,0.982193,-1.667455,0.940839,-0.546554,K01_L10_06,2.727097,3.014359
565.6558,0.024931,0.000383,-0.027475,-0.176666,-0.031158,0.983765,-1.595796,0.886198,-0.512533,K01_G01_05,2.651459,3.057419
565.6668,-0.028407,-0.000273,-0.024277,-0.039078,0.128586,0.990921,-1.964404,1.059883,-0.342379,K01_EastWall_01,2.117523,2.727234
565.678,-0.028407,-0.000273,-0.024277,-0.039078,0.128586,0.990921,-1.964404,1.057299,-0.347799,K01_EastWall_01,2.117523,2.727234
565.6891,0,0,0,0,0,1,-99999,-99999,-99999,,-1,-1
565.7002,0,0,0,0,0,1,-99999,-99999,-99999,,-1,-1
565.7114,0,0,0,0,0,1,-99999,-99999,-99999,,-1,-1
565.7224,0,0,0,0,0,1,-99999,-99999,-99999,,-1,-1
565.7334,0,0,0,0,0,1,-99999,-99999,-99999,,-1,-1
565.7446,-0.027014,0.021835,-0.099103,-0.068085,-0.170792,0.982941,-1.191052,0.886198,-0.268619,K01_G01_05,2.777863,1.067398
565.7559,-0.027014,0.021835,-0.099103,-0.068085,-0.170792,0.982941,-1.188886,0.886198,-0.272029,K01_G01_05,2.777863,1.067398
565.7669,-0.029194,0.021098,-0.097776,-0.087219,-0.083389,0.992691,-1.40927,0.886198,-0.357246,K01_G01_05,3.039078,1.305176
565.7782,-0.024922,0.001607,-0.024979,-0.270584,0.110245,0.95636,-1.683061,1.079091,-0.772081,K01_L07_07,2.947693,3.386414
565.789,-0.024922,0.001607,-0.024979,-0.270584,0.110245,0.95636,-1.683046,1.077411,-0.77609,K01_L07_07,2.947693,3.386414
565.8002,0.006254,0.000648,-0.026719,-0.248505,0.124924,0.960526,-1.683509,1.10465,-0.73288,K01_L07_07,2.918716,3.41571
565.8112,0.037486,0.00022,-0.030078,-0.219254,0.106308,0.969849,-1.790872,1.033255,-0.727663,K01_L07_07,3.187622,3.472473
565.8223,0.03747,0.000088,-0.029699,-0.218201,0.098053,0.970963,-1.787808,1.014971,-0.727335,K01_L07_07,3.103882,3.43576
565.8334,0.03747,0.000088,-0.029699,-0.218201,0.098053,0.970963,-1.7811,1.013654,-0.727371,K01_L07_07,3.103882,3.43576
565.8446,0.037435,-0.000259,-0.028702,-0.215454,0.109909,0.970291,-1.794304,1.028746,-0.727544,K01_L07_07,2.941406,3.460785
565.8557,0.004335,0.000117,-0.025343,-0.255066,0.133789,0.957611,-1.68377,1.10554,-0.756321,K01_L07_07,3.020126,3.527618
565.8668,0.004335,0.000117,-0.025343,-0.255066,0.133789,0.957611,-1.683659,1.101683,-0.757932,K01_L07_07,3.020126,3.527618
565.8779,0.000014,0.000094,-0.024782,-0.260178,0.140656,0.955246,-1.684019,1.109378,-0.768846,K01_L07_07,3.217255,3.566528
565.8889,0.00639,-0.000042,-0.025342,-0.25679,0.145264,0.955475,-1.684128,1.114298,-0.763581,K01_L07_07,3.12851,3.506348
565.9,0.00639,-0.000042,-0.025342,-0.25679,0.145264,0.955475,-1.684027,1.110564,-0.765766,K01_L07_07,3.12851,3.506348
565.9114,0.005465,-0.000054,-0.025177,-0.257462,0.138062,0.95636,-1.683533,1.093921,-0.770806,K01_L07_07,3.105972,3.542877
565.9222,-0.007375,-0.000025,-0.023341,-0.282959,0.160385,0.945618,-1.685325,1.132695,-0.823821,K01_L07_07,3.349777,3.516266
565.9336,-0.020267,0.000345,-0.022418,-0.349579,0.147018,0.925293,-1.685923,1.104226,-0.97828,K01_L07_07,3.459366,3.532425
565.9446,-0.020267,0.000345,-0.022418,-0.349579,0.147018,0.925293,-1.685904,1.102486,-0.982101,K01_L07_07,3.459366,3.532425
565.9557,-0.015256,0.000232,-0.02267,-0.363113,0.157593,0.918304,-1.797515,1.088608,-1.089676,K01_L19_21,3.392899,3.477859
565.9667,-0.008007,0.000194,-0.023569,-0.340576,0.140579,0.929642,-1.685332,1.0883,-0.971141,K01_L07_07,3.042999,3.457245
565.9778,-0.008007,0.000194,-0.023569,-0.340576,0.140579,0.929642,-1.685367,1.088037,-0.97554,K01_L07_07,3.042999,3.457245
565.9889,-0.002951,0.000117,-0.024139,-0.340927,0.15332,0.92749,-1.686206,1.112827,-0.978426,K01_L07_07,3.308289,3.538269
566.0001,0.008963,-0.000105,-0.025215,-0.33403,0.149933,0.930542,-1.685873,1.105979,-0.967382,K01_L07_07,3.330719,3.532166
566.0112,0.008963,-0.000105,-0.025215,-0.33403,0.149933,0.930542,-1.685914,1.106035,-0.971406,K01_L07_07,3.330719,3.532166
566.0222,-0.000145,0.000038,-0.024302,-0.340744,0.151566,0.927841,-1.862322,1.053483,-1.103886,K01_L19_21,3.341644,3.547424
566.0334,0.000932,0.000015,-0.024403,-0.340469,0.151962,0.927887,-1.860497,1.054232,-1.106168,K01_L19_21,3.346756,3.548523
566.0444,0.007779,-0.000175,-0.024861,-0.34404,0.15799,0.925552,-1.803905,1.084099,-1.081659,K01_L19_21,3.396515,3.5327
566.0555,0.007779,-0.000175,-0.024861,-0.34404,0.15799,0.925552,-1.801611,1.083396,-1.084502,K01_L19_21,3.396515,3.5327
566.0667,0.012758,-0.000327,-0.025189,-0.335342,0.157394,0.928848,-1.861501,1.061662,-1.105034,K01_L19_21,3.521118,3.529785
566.0777,0.003135,-0.00008,-0.024583,-0.334244,0.147995,0.930786,-1.859127,1.038675,-1.107629,K01_L19_21,3.389069,3.533295
566.089,0.003135,-0.00008,-0.024583,-0.334244,0.147995,0.930786,-1.856781,1.036187,-1.110509,K01_L19_21,3.389069,3.533295
566.1,-0.00421,0.000106,-0.024087,-0.32811,0.147995,0.932968,-1.685531,1.088805,-0.989622,K01_L07_07,3.400406,3.532791
566.1111,-0.002964,0.00007,-0.024193,-0.329193,0.149262,0.932373,-1.859303,1.029796,-1.107273,K01_L19_21,3.481552,3.534515
566.1222,-0.002964,0.00007,-0.024193,-0.329193,0.149262,0.932373,-1.857177,1.025977,-1.109859,K01_L19_21,3.481552,3.534515
566.1333,0.007577,-0.000107,-0.025191,-0.323364,0.144257,0.935196,-1.862176,1.007618,-1.103355,K01_L19_21,3.515594,3.516693
566.1445,0.011894,-0.000238,-0.025445,-0.325974,0.141693,0.934692,-1.85607,0.998241,-1.110804,K01_L19_21,3.505188,3.513107
566.1556,0.009061,-0.000175,-0.025242,-0.320038,0.14592,0.936081,-1.684635,1.061618,-0.988839,K01_L07_07,3.5233,3.512253
566.1667,0.009061,-0.000175,-0.025242,-0.320038,0.14592,0.936081,-1.860703,0.994137,-1.104977,K01_L19_21,3.5233,3.512253
566.1777,0.021207,-0.000485,-0.026335,-0.313553,0.159744,0.93602,-1.685063,1.078214,-0.9773,K01_L07_07,3.518509,3.517578
566.1887,0.014173,-0.000226,-0.026092,-0.310501,0.159851,0.937027,-1.684855,1.073001,-0.973497,K01_L07_07,3.436142,3.511017
566.2,0.014173,-0.000226,-0.026092,-0.310501,0.159851,0.937027,-1.684696,1.067024,-0.977167,K01_L07_07,3.436142,3.511017
566.211,0.010366,-0.000078,-0.026021,-0.296448,0.158051,0.941864,-1.684133,1.058297,-0.949013,K01_L07_07,3.392761,3.510391
566.222,-0.000227,0.000166,-0.025294,-0.314194,0.171951,0.93364,-1.861373,1.019508,-1.104539,K01_L19_21,3.405457,3.518555
566.2333,-0.000227,0.000166,-0.025294,-0.314194,0.171951,0.93364,-1.858742,1.013099,-1.107712,K01_L19_21,3.405457,3.518555
566.2444,-0.010512,0.000398,-0.024611,-0.3051,0.175858,0.935928,-1.684944,1.074197,-0.978462,K01_L07_07,3.359909,3.52243
566.2555,-0.017152,0.000321,-0.022962,-0.327454,0.166504,0.930069,-1.784831,1.013757,-1.104291,K01_L19_21,3.439514,3.553864
566.2665,-0.017746,0.000008,-0.021791,-0.345154,0.180374,0.921036,-1.761376,1.046656,-1.133976,K01_L19_21,3.225113,3.617569
566.2777,-0.017746,0.000008,-0.021791,-0.345154,0.180374,0.921036,-1.759261,1.042912,-1.136549,K01_L19_21,3.225113,3.617569
566.2887,-0.014298,-0.000003,-0.022238,-0.339462,0.1828,0.922669,-1.76549,1.041552,-1.12878,K01_L19_21,3.326675,3.611359
566.2999,-0.008318,-0.00003,-0.022991,-0.32869,0.185043,0.926117,-1.778767,1.038659,-1.112221,K01_L19_21,3.249054,3.614258
566.311,-0.008318,-0.00003,-0.022991,-0.32869,0.185043,0.926117,-1.776991,1.035456,-1.11438,K01_L19_21,3.249054,3.614258
566.3221,-0.000157,-0.000056,-0.024057,-0.320053,0.187363,0.92868,-1.787479,1.033893,-1.101311,K01_L19_21,3.369446,3.619537
566.3334,0.007327,0.000135,-0.025604,-0.305862,0.174454,0.935944,-1.802854,0.997733,-1.081624,K01_L19_21,3.368454,3.578323
566.3444,0.00084,0.00022,-0.024902,-0.308884,0.183929,0.933136,-1.799444,1.01715,-1.086168,K01_L19_21,3.358994,3.583679
566.3556,0.00084,0.00022,-0.024902,-0.308884,0.183929,0.933136,-1.798593,1.01506,-1.087193,K01_L19_21,3.358994,3.583679
566.3666,-0.001145,0.000238,-0.024669,-0.307388,0.188461,0.932724,-1.80072,1.022344,-1.084661,K01_L19_21,3.238998,3.576813
566.3777,-0.009905,0.000329,-0.023671,-0.307526,0.195084,0.93132,-1.80083,1.035059,-1.084722,K01_L19_21,3.240494,3.524292
566.3887,-0.009905,0.000329,-0.023671,-0.307526,0.195084,0.93132,-1.800653,1.033198,-1.084913,K01_L19_21,3.240494,3.524292
566.3999,-0.008169,0.000313,-0.023863,-0.303696,0.201202,0.931274,-1.857103,1.025837,-1.109948,K01_L19_21,3.244141,3.480881
566.4111,0.001978,0.000216,-0.025002,-0.28894,0.203552,0.93544,-1.685165,1.085259,-0.964335,K01_L07_07,3.259659,3.471329
566.4222,0.003541,0.000204,-0.025189,-0.287338,0.205032,0.935608,-1.685116,1.085146,-0.959739,K01_L07_07,3.264969,3.470169
566.4332,0.003541,0.000204,-0.025189,-0.287338,0.205032,0.935608,-1.68496,1.080874,-0.958022,K01_L07_07,3.264969,3.470169
566.4443,0.005931,0.000222,-0.025501,-0.274506,0.204285,0.939621,-1.684483,1.075382,-0.928032,K01_L07_07,3.273727,3.34256
566.4554,-0.004335,-0.000472,-0.021995,-0.310776,0.23996,0.919678,-1.85647,1.090342,-1.111737,K01_L19_21,3.453094,3.672302
566.4666,-0.004335,-0.000472,-0.021995,-0.310776,0.23996,0.919678,-1.857731,1.08325,-1.110058,K01_L19_21,3.453094,3.672302
566.4777,-0.006831,-0.000419,-0.022036,-0.268417,0.246964,0.931091,-1.686292,1.13886,-0.90115,K01_L07_07,3.635727,3.529633
566.4886,-0.01901,0.000142,-0.022052,-0.258698,0.236252,0.936615,-1.685144,1.110408,-0.879178,K01_L07_07,3.499039,3.54245
566.4999,-0.01901,0.000142,-0.022052,-0.258698,0.236252,0.936615,-1.684833,1.101693,-0.876482,K01_L07_07,3.499039,3.54245
566.511,-0.020229,0.000199,-0.022056,-0.258164,0.237915,0.93634,-1.684631,1.096647,-0.872712,K01_L07_07,3.491638,3.498703
566.5221,-0.018697,0.000659,-0.023579,-0.242386,0.22908,0.942734,-1.683467,1.071597,-0.837795,K01_L07_07,3.364319,3.457489
566.5333,-0.009913,0.001754,-0.027957,-0.180389,0.182419,0.966522,-1.707326,0.968087,-0.727165,K01_L07_07,3.269531,3.414795
566.5442,-0.009913,0.001754,-0.027957,-0.180389,0.182419,0.966522,-1.712176,0.958704,-0.726937,K01_L07_07,3.269531,3.414795
566.5555,0,0,0,0,0,1,-99999,-99999,-99999,,3.248322,-1
566.5665,-0.026476,-0.007077,-0.003604,-0.510223,0.698807,0.501297,-1.857111,2.442697,-1.790601,K01_NorthWall,3.084488,3.719467
566.5776,-0.026476,-0.007077,-0.003604,-0.510223,0.698807,0.501297,-1.860337,2.435824,-1.790601,K01_NorthWall,3.084488,3.719467
566.5886,-0.02761,-0.003128,-0.015328,0.26564,0.433746,0.860977,-1.964404,1.433652,0.049257,K01_EastWall_01,-1,4.369736
566.5998,-0.027374,-0.00445,-0.011346,0.399033,0.081039,0.91333,-1.623509,0.913658,0.316516,K01_G06_01,2.142517,4.674713
566.611,-0.027374,-0.00445,-0.011346,0.399033,0.081039,0.91333,-1.62218,0.913623,0.319455,K01_G06_01,2.142517,4.674713
566.622,0,0,0,0,0,1,-99999,-99999,-99999,,-1,-1
566.6332,-0.037173,-0.011144,-0.011795,-0.433807,0.268951,0.859909,-1.964405,1.02853,-1.49374,K01_EastWall_01,-1,7.525116
566.6443,0,0,0,0,0,1,-99999,-99999,-99999,,-1,-1
566.6553,0,0,0,0,0,1,-99999,-99999,-99999,,-1,-1
566.6664,0,0,0,0,0,1,-99999,-99999,-99999,,-1,-1
566.6775,-0.026894,-0.004213,-0.010684,0.493729,0.080917,0.86583,-1.691649,0.914699,0.542208,K01_G06_01,-1,4.087936
566.6886,-0.026894,-0.004213,-0.010684,0.493729,0.080917,0.86583,-1.691028,0.914677,0.545891,K01_G06_01,-1,4.087936
566.6998,-0.026788,-0.004345,-0.009899,0.263626,0.243164,0.933456,-1.964404,1.052091,0.105198,K01_EastWall_01,-1,3.594025
566.7108,-0.027318,-0.003323,-0.010709,0.194672,0.059616,0.97905,-1.496848,0.886198,0.009033,K01_G01_05,-1,3.522217
566.722,-0.027318,-0.003323,-0.010709,0.194672,0.059616,0.97905,-1.498371,0.886198,0.012019,K01_G01_05,-1,3.522217
566.7332,-0.027681,-0.002825,-0.013365,0.14682,0.144257,0.978577,-1.803139,0.886198,-0.083633,K01_G01_05,-1,3.478821
566.7442,-0.027448,-0.002689,-0.014825,0.337738,0.318848,0.885574,-1.964404,1.232106,0.250488,K01_EastWall_01,-1,3.248978
566.7554,0,0,0,0,0,1,-99999,-99999,-99999,,2.801682,-1
566.7665,0,0,0,0,0,1,-99999,-99999,-99999,,2.801682,-1
566.7775,0,0,0,0,0,1,-99999,-99999,-99999,,3.116074,-1
566.7885,0,0,0,0,0,1,-99999,-99999,-99999,,3.328476,-1
566.7999,0,0,0,0,0,1,-99999,-99999,-99999,,3.328476,-1
566.8109,-0.024956,0.006313,-0.039413,-0.089462,0.115051,0.989319,-1.615337,0.886198,-0.438678,K01_G01_05,3.10849,2.841721
566.822,0.037353,0.000125,-0.028181,-0.234528,0.263321,0.935761,-1.711054,1.115817,-0.730014,K01_L07_07,3.219162,-1
566.833,0.037404,0.000143,-0.02841,-0.223068,0.2677,0.937317,-1.770877,1.109635,-0.72934,K01_L07_07,3.211319,-1
566.8442,0.037404,0.000143,-0.02841,-0.223068,0.2677,0.937317,-1.782098,1.109983,-0.729242,K01_L07_07,3.211319,-1
566.8554,-0.011647,0.003767,-0.033195,-0.163956,0.16716,0.972183,-1.669397,0.961985,-0.572054,K01_L10_06,3.014511,3.037201
566.8663,0.017888,0.000778,-0.027686,-0.239639,0.248047,0.938629,-1.724618,1.094839,-0.729479,K01_L07_07,3.103577,3.220749
566.8775,0.017888,0.000778,-0.027686,-0.239639,0.248047,0.938629,-1.733156,1.094941,-0.729402,K01_L07_07,3.103577,3.220749
566.8886,0.027059,0.000221,-0.027412,-0.241379,0.263931,0.933838,-1.739958,1.126117,-0.729948,K01_L07_07,3.036133,3.315308
566.8997,0.012869,0.000788,-0.027007,-0.254959,0.238739,0.937012,-1.683753,1.096915,-0.729898,K01_L07_07,3.152237,3.285553
566.9107,0.012869,0.000788,-0.027007,-0.254959,0.238739,0.937012,-1.690951,1.096193,-0.729817,K01_L07_07,3.152237,3.285553
566.9219,-0.016229,0.001365,-0.02455,-0.267746,0.248596,0.930847,-1.684101,1.118202,-0.747975,K01_L07_07,3.070129,3.283981
566.933,-0.019821,0.001581,-0.024708,-0.262817,0.236237,0.935471,-1.683258,1.096097,-0.735841,K01_L07_07,3.281967,3.209167
566.9442,-0.019423,0.001558,-0.024706,-0.264313,0.229935,0.936615,-1.682915,1.085247,-0.736975,K01_L07_07,3.391785,3.179016
566.9552,-0.019423,0.001558,-0.024706,-0.264313,0.229935,0.936615,-1.68293,1.086423,-0.734618,K01_L07_07,3.391785,3.179016
566.9663,-0.01915,0.001453,-0.024402,-0.269241,0.23085,0.934982,-1.683089,1.088779,-0.742943,K01_L07_07,3.347382,3.204636
566.9774,-0.011441,0.000492,-0.022844,-0.325028,0.281189,0.902924,-1.687398,1.187125,-0.853573,K01_L07_07,3.288727,3.487228
566.9885,-0.011441,0.000492,-0.022844,-0.325028,0.281189,0.902924,-1.687405,1.187671,-0.852498,K01_L07_07,3.288727,3.487228
566.9997,-0.00041,0.000154,-0.023526,-0.323654,0.286469,0.901749,-1.687696,1.197848,-0.848259,K01_L07_07,3.306747,3.492722
567.0107,0.009065,-0.000025,-0.024424,-0.31517,0.283417,0.905716,-1.687316,1.191772,-0.829887,K01_L07_07,3.31163,3.478241
567.0219,0.006758,0.000091,-0.024407,-0.312958,0.278,0.908157,-1.686937,1.181506,-0.825572,K01_L07_07,3.34288,3.46785
567.0331,0.006758,0.000091,-0.024407,-0.312958,0.278,0.908157,-1.686947,1.181799,-0.82553,K01_L07_07,3.34288,3.46785
567.044,0.005304,0.000124,-0.024294,-0.313339,0.276886,0.908371,-1.686911,1.18043,-0.82644,K01_L07_07,3.340195,3.463074
567.0552,0.006742,0.000141,-0.024562,-0.306778,0.271042,0.912354,-1.686427,1.169708,-0.812956,K01_L07_07,3.337387,3.450638
567.0663,0.006742,0.000141,-0.024562,-0.306778,0.271042,0.912354,-1.686467,1.170822,-0.813295,K01_L07_07,3.337387,3.450638
567.0774,0.007227,0.000205,-0.024981,-0.295151,0.25769,0.920029,-1.685444,1.146364,-0.790724,K01_L07_07,3.330811,3.470291
567.0884,0.010678,0.000303,-0.026125,-0.273422,0.238358,0.931885,-1.683851,1.110574,-0.747909,K01_L07_07,3.363907,3.23616
567.0996,0.010678,0.000303,-0.026125,-0.273422,0.238358,0.931885,-1.683895,1.111725,-0.748574,K01_L07_07,3.363907,3.23616
567.1107,0.01336,-0.000477,-0.024223,-0.310257,0.24614,0.918228,-1.685201,1.128311,-0.825737,K01_L07_07,3.440445,3.538589
567.1218,0.010233,-0.000326,-0.024211,-0.298492,0.239227,0.923935,-1.684573,1.116388,-0.801695,K01_L07_07,3.354904,3.532272
567.1328,0.003042,-0.00007,-0.023951,-0.295685,0.237763,0.925217,-1.68447,1.114794,-0.79652,K01_L07_07,3.356781,3.470642
567.1441,0.003042,-0.00007,-0.023951,-0.295685,0.237763,0.925217,-1.68452,1.116287,-0.796668,K01_L07_07,3.356781,3.470642
567.1552,0.006826,-0.000225,-0.024075,-0.298309,0.239365,0.92395,-1.684732,1.121065,-0.802351,K01_L07_07,3.36322,3.529373
567.1661,0.008352,-0.000211,-0.024368,-0.295059,0.231751,0.926941,-1.684253,1.108145,-0.796542,K01_L07_07,3.263092,3.531754
567.1774,0.008352,-0.000211,-0.024368,-0.295059,0.231751,0.926941,-1.684293,1.109189,-0.797168,K01_L07_07,3.263092,3.531754
567.1884,0.007165,0.000042,-0.024998,-0.286758,0.224442,0.93132,-1.683717,1.0964,-0.781203,K01_L07_07,3.238754,3.521881
567.1996,0.008259,0.000251,-0.02587,-0.274628,0.216583,0.936829,-1.683028,1.082534,-0.757404,K01_L07_07,3.180038,3.538498
567.2108,0.008259,0.000251,-0.02587,-0.274628,0.216583,0.936829,-1.683079,1.083874,-0.758069,K01_L07_07,3.180038,3.538498
567.2218,0.006086,0.000269,-0.025616,-0.277863,0.21579,0.936066,-1.683134,1.083213,-0.765802,K01_L07_07,3.210678,3.536102
567.2329,0.004634,0.000286,-0.025438,-0.278122,0.21199,0.936844,-1.682951,1.077142,-0.767409,K01_L07_07,3.210175,3.5289
567.2441,0.003449,0.000291,-0.02534,-0.278015,0.214203,0.936371,-1.683108,1.081669,-0.768328,K01_L07_07,3.201996,3.501099
567.2551,0.003449,0.000291,-0.02534,-0.278015,0.214203,0.936371,-1.683141,1.082213,-0.7698,K01_L07_07,3.201996,3.501099
567.2662,0.003966,0.000277,-0.025389,-0.277542,0.20929,0.937622,-1.682839,1.072409,-0.771651,K01_L07_07,3.188461,3.496689
567.2773,-0.00079,0.00032,-0.024873,-0.279205,0.212723,0.936356,-1.683087,1.078531,-0.776486,K01_L07_07,3.170563,3.487656
567.2883,-0.00079,0.00032,-0.024873,-0.279205,0.212723,0.936356,-1.683091,1.077984,-0.778736,K01_L07_07,3.170563,3.487656
567.2996,-0.00194,0.000327,-0.024747,-0.279434,0.212814,0.936264,-1.683093,1.077143,-0.781771,K01_L07_07,3.176926,3.458481
567.3107,0.001412,0.000249,-0.025016,-0.277496,0.209488,0.937592,-1.682839,1.069624,-0.780923,K01_L07_07,3.146042,3.450241
567.3217,0.001412,0.000249,-0.025016,-0.277496,0.209488,0.937592,-1.682841,1.068612,-0.784446,K01_L07_07,3.146042,3.450241
567.3327,0.003675,0.000188,-0.025181,-0.277329,0.206131,0.938385,-1.682615,1.060746,-0.78759,K01_L07_07,3.132156,3.450073
567.3441,0.004796,0.00015,-0.025258,-0.275971,0.20311,0.939453,-1.682386,1.053448,-0.788496,K01_L07_07,3.110535,3.439102
567.355,0.002742,0.000178,-0.025052,-0.276794,0.202332,0.939377,-1.682343,1.050397,-0.794309,K01_L07_07,3.080063,3.411072
567.3662,0.002742,0.000178,-0.025052,-0.276794,0.202332,0.939377,-1.682335,1.048942,-0.798288,K01_L07_07,3.080063,3.411072
567.3774,0.001913,0.00019,-0.024967,-0.276444,0.200592,0.93985,-1.682198,1.043581,-0.802116,K01_L07_07,3.065887,3.407288
567.3882,0.001725,0.000237,-0.025084,-0.272354,0.19751,0.941696,-1.681915,1.036093,-0.798287,K01_L07_07,2.970108,3.40448
567.3996,0.001725,0.000237,-0.025084,-0.272354,0.19751,0.941696,-1.681894,1.033933,-0.803257,K01_L07_07,2.970108,3.40448
567.4106,0.000223,0.000256,-0.024979,-0.281494,0.199249,0.938629,-1.682173,1.035241,-0.827129,K01_L07_07,3.076981,3.395081
567.4218,0.001217,0.000251,-0.025106,-0.280975,0.199493,0.938736,-1.682158,1.033347,-0.831896,K01_L07_07,3.060013,3.386627
567.4327,0.00284,0.000011,-0.024602,-0.28952,0.206009,0.934723,-1.682733,1.043823,-0.855411,K01_L07_07,3.12915,3.358932
567.4441,0.00284,0.000011,-0.024602,-0.28952,0.206009,0.934723,-1.68272,1.0415,-0.861695,K01_L07_07,3.12915,3.358932
567.4551,0.002027,-0.000186,-0.023904,-0.29718,0.217102,0.929794,-1.683576,1.061123,-0.883485,K01_L07_07,3.192474,3.327454
567.4661,-0.004914,-0.00063,-0.021696,-0.321274,0.247635,0.914017,-1.686035,1.119291,-0.939825,K01_L07_07,3.12529,3.246689
567.4772,-0.004914,-0.00063,-0.021696,-0.321274,0.247635,0.914017,-1.686027,1.116791,-0.947238,K01_L07_07,3.12529,3.246689
567.4883,-0.004483,-0.000626,-0.022042,-0.309952,0.233719,0.92157,-1.684875,1.086552,-0.930734,K01_L07_07,3.099792,3.349579
567.4994,-0.003253,0.000256,-0.025165,-0.258087,0.179047,0.949371,-1.680359,0.97871,-0.830493,K01_L07_07,2.935257,3.220886
567.5106,-0.003253,0.000256,-0.025165,-0.258087,0.179047,0.949371,-1.680356,0.976384,-0.83787,K01_L07_07,2.935257,3.220886
567.5216,0.005158,-0.000076,-0.02538,-0.268738,0.179672,0.946289,-1.680586,0.974193,-0.868382,K01_L07_07,2.915466,3.195023
567.5327,0.016427,-0.001183,-0.023675,-0.298294,0.201935,0.932861,-1.682578,1.013803,-0.938844,K01_L07_07,3.137741,3.220291
567.5439,0.016473,-0.001098,-0.023902,-0.283188,0.200424,0.937882,-1.68217,1.009488,-0.911912,K01_L07_07,3.109024,3.147018
567.555,0.016473,-0.001098,-0.023902,-0.283188,0.200424,0.937882,-1.682161,1.006998,-0.919213,K01_L07_07,3.109024,3.147018
567.5661,0.020842,-0.001153,-0.024351,-0.280396,0.199188,0.93898,-1.681995,1.001802,-0.919574,K01_L07_07,3.139038,3.073639
567.5771,0.021617,-0.000158,-0.027436,-0.23494,0.155258,0.959518,-1.678329,0.916361,-0.83121,K01_L07_07,2.977768,3.08371
567.5884,0.021617,-0.000158,-0.027436,-0.23494,0.155258,0.959518,-1.678295,0.913479,-0.837318,K01_L07_07,2.977768,3.08371
567.5994,0.015977,-0.000329,-0.025997,-0.244614,0.169983,0.95459,-1.679391,0.939508,-0.862185,K01_L07_07,2.84996,3.169403
567.6105,0.011641,-0.000758,-0.024043,-0.273636,0.187515,0.943359,-1.681035,0.969093,-0.930571,K01_L07_07,2.943497,3.163864
567.6216,0.011641,-0.000758,-0.024043,-0.273636,0.187515,0.943359,-1.681015,0.966778,-0.9362,K01_L07_07,2.943497,3.163864
567.6326,0.006909,-0.001102,-0.022307,-0.297653,0.210693,0.931122,-1.964404,0.904287,-1.17699,K01_EastWall_01,3.196091,3.119339
567.6442,-0.002406,-0.000803,-0.021833,-0.298065,0.211319,0.930847,-1.964404,0.904553,-1.18357,K01_EastWall_01,3.003799,3.107315
567.6549,-0.009186,-0.000551,-0.021586,-0.289856,0.213501,0.932938,-1.683031,1.013708,-0.984964,K01_L07_07,2.99617,3.089645
567.6661,-0.009186,-0.000551,-0.021586,-0.289856,0.213501,0.932938,-1.964404,0.908929,-1.170547,K01_EastWall_01,2.99617,3.089645
567.6771,-0.013147,-0.000222,-0.022061,-0.279877,0.203964,0.93811,-1.682273,0.99485,-0.970626,K01_L07_07,3.02446,3.074081
567.6883,-0.014203,0.000003,-0.022651,-0.272263,0.198746,0.941452,-1.681804,0.984698,-0.956772,K01_L07_07,3.023682,3.05426
567.6993,-0.014203,0.000003,-0.022651,-0.272263,0.198746,0.941452,-1.68183,0.984593,-0.95974,K01_L07_07,3.023682,3.05426
567.7105,-0.013715,0.001972,-0.02887,-0.173126,0.151627,0.973145,-1.677196,0.905876,-0.75144,K01_L07_07,2.799774,2.750885
567.7217,-0.013661,0.000488,-0.023787,-0.258179,0.210495,0.942871,-1.682378,1.009805,-0.931852,K01_L07_07,3.085464,3.038315
567.7327,-0.007515,0.000581,-0.025016,-0.246735,0.206665,0.946777,-1.681945,1.003375,-0.909343,K01_L07_07,3.19841,2.944199
567.7438,-0.007515,0.000581,-0.025016,-0.246735,0.206665,0.946777,-1.681978,1.003523,-0.912139,K01_L07_07,3.19841,2.944199
567.755,-0.00692,0.000588,-0.025154,-0.247223,0.207748,0.946411,-1.682091,1.005921,-0.915615,K01_L07_07,3.201981,2.950073
567.7659,-0.001258,0.000311,-0.025131,-0.251663,0.210388,0.944656,-1.68236,1.010497,-0.927705,K01_L07_07,3.181152,2.955521
567.7771,-0.001258,0.000311,-0.025131,-0.251663,0.210388,0.944656,-1.682376,1.010199,-0.93033,K01_L07_07,3.181152,2.955521
567.7882,0.003074,0.000058,-0.024978,-0.256302,0.214859,0.942398,-1.682781,1.018818,-0.942772,K01_L07_07,3.183273,2.964828
567.7993,0.001061,0.000151,-0.024973,-0.253677,0.212448,0.943665,-1.682557,1.012928,-0.939658,K01_L07_07,3.169174,2.972214
567.8104,0.001061,0.000151,-0.024973,-0.253677,0.212448,0.943665,-1.682548,1.011869,-0.942202,K01_L07_07,3.169174,2.972214
567.8215,0.002472,-0.000673,-0.022599,-0.298981,0.246689,0.921814,-1.779932,1.045271,-1.110875,K01_L19_21,3.161484,3.103638
567.8326,0.001971,-0.000714,-0.022396,-0.299637,0.248261,0.921173,-1.777965,1.047856,-1.113361,K01_L19_21,3.16214,3.104034
567.8437,0.004667,-0.000777,-0.022665,-0.296417,0.250778,0.921539,-1.781695,1.050833,-1.108767,K01_L19_21,3.164139,3.095566
567.855,0.004667,-0.000777,-0.022665,-0.296417,0.250778,0.921539,-1.780646,1.049911,-1.110058,K01_L19_21,3.164139,3.095566
567.8659,0.008261,-0.000879,-0.022885,-0.293793,0.247437,0.923279,-1.783272,1.039953,-1.106637,K01_L19_21,3.170288,3.091507
567.8771,0.00762,-0.000874,-0.022834,-0.292526,0.246201,0.924011,-1.784234,1.035143,-1.105366,K01_L19_21,3.156128,3.086029
567.8882,0.00762,-0.000874,-0.022834,-0.292526,0.246201,0.924011,-1.783833,1.033529,-1.10584,K01_L19_21,3.156128,3.086029
567.8992,0.002798,-0.000743,-0.022521,-0.290299,0.243408,0.925446,-1.786551,1.025172,-1.102329,K01_L19_21,3.155289,3.082291
567.9104,0.002812,-0.000711,-0.022639,-0.289261,0.242645,0.92598,-1.787921,1.021588,-1.100569,K01_L19_21,3.157028,3.084198
567.9215,0.002812,-0.000711,-0.022639,-0.289261,0.242645,0.92598,-1.788213,1.020033,-1.100182,K01_L19_21,3.157028,3.084198
567.9326,0.00264,-0.00056,-0.023135,-0.28273,0.237747,0.92926,-1.79699,1.005327,-1.089036,K01_L19_21,3.170425,3.054337
567.9437,0.002573,-0.000551,-0.023157,-0.282242,0.237381,0.929504,-1.798146,1.002228,-1.08755,K01_L19_21,3.177582,3.109787
567.9548,0.002992,-0.000558,-0.023192,-0.282639,0.235611,0.929825,-1.798133,0.996897,-1.087483,K01_L19_21,3.165726,3.121643
567.9659,0.002992,-0.000558,-0.023192,-0.282639,0.235611,0.929825,-1.798953,0.995125,-1.086436,K01_L19_21,3.165726,3.121643
567.977,0.004846,-0.000591,-0.023357,-0.281586,0.234451,0.930435,-1.801167,0.99056,-1.083612,K01_L19_21,3.164124,3.136169
567.9882,0.003942,-0.000536,-0.023378,-0.281158,0.233429,0.930832,-1.802818,0.985955,-1.081486,K01_L19_21,3.142426,3.122681
567.9993,0.003942,-0.000536,-0.023378,-0.281158,0.233429,0.930832,-1.804226,0.98437,-1.079711,K01_L19_21,3.142426,3.122681
568.0104,0.003761,-0.000531,-0.023368,-0.282486,0.234299,0.930206,-1.804327,0.985096,-1.079597,K01_L19_21,3.143234,3.12619
568.0214,0.004218,-0.000546,-0.02338,-0.28476,0.234512,0.929459,-1.802875,0.984946,-1.0814,K01_L19_21,3.150681,3.118011
568.0325,0.004595,-0.000569,-0.02336,-0.283966,0.236542,0.929184,-1.964404,0.930666,-1.179945,K01_EastWall_01,3.139435,3.108505
568.0436,0.004595,-0.000569,-0.02336,-0.283966,0.236542,0.929184,-1.964404,0.929539,-1.175679,K01_EastWall_01,3.139435,3.108505
568.0547,0.004499,-0.000566,-0.023366,-0.284287,0.237961,0.928726,-1.964404,0.932258,-1.171989,K01_EastWall_01,3.117905,3.084961
568.0658,0.005484,-0.000586,-0.023434,-0.282623,0.237061,0.929474,-1.683572,1.030441,-0.984394,K01_L07_07,3.113953,3.060989
568.077,0.005484,-0.000586,-0.023434,-0.282623,0.237061,0.929474,-1.683508,1.029813,-0.979984,K01_L07_07,3.113953,3.060989
568.088,0.004431,-0.000555,-0.023381,-0.28421,0.237854,0.928772,-1.683531,1.03061,-0.979614,K01_L07_07,3.113693,3.053116
568.0991,0.004887,-0.000678,-0.023014,-0.290955,0.241821,0.925659,-1.964404,0.937385,-1.17084,K01_EastWall_01,3.090225,3.105255
568.1102,0.004887,-0.000678,-0.023014,-0.290955,0.241821,0.925659,-1.683783,1.036126,-0.986913,K01_L07_07,3.090225,3.105255
568.1214,0.000153,-0.000513,-0.022792,-0.292618,0.239105,0.925842,-1.683567,1.029635,-0.986467,K01_L07_07,3.073944,3.108444
568.1324,-0.00134,-0.000474,-0.022721,-0.293213,0.242096,0.924881,-1.683714,1.0352,-0.982988,K01_L07_07,3.072525,3.09848
568.1436,-0.001719,-0.000381,-0.022987,-0.280258,0.240738,0.92923,-1.68329,1.032466,-0.949154,K01_L07_07,3.069046,3.051636
568.1548,-0.001719,-0.000381,-0.022987,-0.280258,0.240738,0.92923,-1.683218,1.031569,-0.944843,K01_L07_07,3.069046,3.051636
568.1658,0.002976,-0.000449,-0.023472,-0.283386,0.238266,0.928925,-1.683032,1.024762,-0.94857,K01_L07_07,3.067596,3.069168
568.1768,0.008786,-0.000522,-0.024116,-0.281418,0.230911,0.931381,-1.682446,1.009078,-0.941071,K01_L07_07,3.073669,3.06427
568.1882,0.008786,-0.000522,-0.024116,-0.281418,0.230911,0.931381,-1.68238,1.008283,-0.937093,K01_L07_07,3.073669,3.06427
568.1993,0.011087,-0.000559,-0.024345,-0.288178,0.227005,0.930267,-1.682186,0.998612,-0.949449,K01_L07_07,3.001846,3.066254
568.2103,0.012022,-0.000559,-0.024492,-0.288956,0.226135,0.930237,-1.682092,0.996187,-0.947912,K01_L07_07,2.998581,3.091248
568.2214,0.012022,-0.000559,-0.024492,-0.288956,0.226135,0.930237,-1.682034,0.995525,-0.944259,K01_L07_07,2.998581,3.091248
568.2324,0.014738,-0.000453,-0.025186,-0.280121,0.216446,0.935226,-1.681184,0.976339,-0.921708,K01_L07_07,3.035782,3.043701
568.2435,0.01958,-0.000584,-0.025483,-0.282929,0.216507,0.934372,-1.681205,0.976106,-0.92461,K01_L07_07,3.046432,3.062897
568.2548,0.016008,-0.000491,-0.025237,-0.284256,0.217499,0.933731,-1.681263,0.977943,-0.924419,K01_L07_07,3.052536,3.084076
568.2658,0.016008,-0.000491,-0.025237,-0.284256,0.217499,0.933731,-1.681242,0.978269,-0.921137,K01_L07_07,3.052536,3.084076
568.2769,0.009617,-0.000322,-0.02481,-0.28154,0.215653,0.934998,-1.68106,0.975478,-0.911981,K01_L07_07,3.061035,3.097183
568.288,0.002754,-0.000139,-0.024367,-0.289749,0.217331,0.932083,-1.681321,0.97888,-0.927105,K01_L07_07,3.038391,3.178452
568.2991,0.002754,-0.000139,-0.024367,-0.289749,0.217331,0.932083,-1.681323,0.979861,-0.924137,K01_L07_07,3.038391,3.178452
568.3103,0.003578,-0.000196,-0.024298,-0.295425,0.218613,0.930008,-1.681509,0.982595,-0.933933,K01_L07_07,3.03772,3.233307
568.3213,0.00501,-0.000243,-0.024371,-0.296402,0.220322,0.929291,-1.681627,0.986583,-0.932589,K01_L07_07,3.045319,3.250519
568.3324,0.00501,-0.000243,-0.024371,-0.296402,0.220322,0.929291,-1.681624,0.987479,-0.929338,K01_L07_07,3.045319,3.250519
568.3436,0.007475,0.000144,-0.025857,-0.279755,0.200089,0.93898,-1.679983,0.948934,-0.890869,K01_L07_07,2.952011,3.287125
568.3548,0.005366,-0.00013,-0.024743,-0.293457,0.21814,0.93074,-1.681402,0.98452,-0.916671,K01_L07_07,2.941162,3.36232
568.3657,0.005366,-0.00013,-0.024743,-0.293457,0.21814,0.93074,-1.681382,0.984729,-0.914004,K01_L07_07,2.941162,3.36232
568.3768,0.002007,-0.000127,-0.024263,-0.297333,0.2211,0.928818,-1.68162,0.990142,-0.920135,K01_L07_07,2.941925,3.343094
568.3881,0.003109,-0.000128,-0.02442,-0.301102,0.220047,0.927841,-1.681593,0.987546,-0.926059,K01_L07_07,2.928543,3.34613
568.399,0.001992,-0.000145,-0.024215,-0.304611,0.223389,0.925903,-1.681855,0.993943,-0.931352,K01_L07_07,2.933319,3.338135
568.4102,0.001992,-0.000145,-0.024215,-0.304611,0.223389,0.925903,-1.681839,0.99413,-0.929086,K01_L07_07,2.933319,3.338135
568.4213,0.002061,-0.000166,-0.024181,-0.303803,0.225327,0.92569,-1.681924,0.997892,-0.925354,K01_L07_07,2.936707,3.347687
568.4325,0.004774,-0.00017,-0.024568,-0.297989,0.221924,0.928406,-1.68155,0.990924,-0.910544,K01_L07_07,2.936508,3.329056
568.4434,0.004774,-0.00017,-0.024568,-0.297989,0.221924,0.928406,-1.681513,0.990122,-0.909408,K01_L07_07,2.936508,3.329056
568.4547,0.002273,0.000107,-0.025048,-0.290863,0.210785,0.933243,-1.680625,0.967608,-0.894037,K01_L07_07,2.938004,3.243683
568.4657,-0.008992,0.000219,-0.02375,-0.300995,0.217575,0.928452,-1.681217,0.979182,-0.915672,K01_L07_07,2.952393,3.197983
568.4768,-0.008992,0.000219,-0.02375,-0.300995,0.217575,0.928452,-1.681182,0.978168,-0.915481,K01_L07_07,2.952393,3.197983
568.4879,-0.004534,0.000188,-0.024308,-0.299164,0.214111,0.929855,-1.680886,0.970343,-0.91141,K01_L07_07,3.000092,3.178436
568.499,-0.003593,0.000159,-0.024348,-0.303528,0.213074,0.92868,-1.680873,0.966853,-0.921636,K01_L07_07,3.000275,3.182251
568.5102,-0.002439,0.000118,-0.02438,-0.30571,0.213913,0.927765,-1.680948,0.967743,-0.926282,K01_L07_07,3.001724,3.187881
568.5214,-0.002439,0.000118,-0.02438,-0.30571,0.213913,0.927765,-1.680926,0.966901,-0.92676,K01_L07_07,3.001724,3.187881
568.5323,-0.002588,-0.000134,-0.023675,-0.313217,0.231628,0.92099,-1.682206,1.001283,-0.942599,K01_L07_07,3.019073,3.233643
568.5435,-0.009221,-0.000099,-0.022808,-0.321091,0.236572,0.917007,-1.682665,1.009686,-0.961267,K01_L07_07,3.028671,3.232025
568.5546,-0.009221,-0.000099,-0.022808,-0.321091,0.236572,0.917007,-1.68265,1.008949,-0.962166,K01_L07_07,3.028671,3.232025
568.5657,-0.010912,-0.000093,-0.022578,-0.329605,0.239334,0.913269,-1.682995,1.01317,-0.983107,K01_L07_07,3.034485,3.262604
568.5768,-0.003617,-0.000142,-0.0235,-0.323166,0.235825,0.916473,-1.682608,1.005574,-0.969049,K01_L07_07,3.088623,3.282974
568.5878,-0.003617,-0.000142,-0.0235,-0.323166,0.235825,0.916473,-1.682582,1.004603,-0.969685,K01_L07_07,3.088623,3.282974
568.5989,0.006589,-0.000201,-0.02482,-0.31691,0.231354,0.9198,-1.68215,0.995336,-0.956568,K01_L07_07,3.100021,3.355515
568.6102,0.009267,-0.000217,-0.025167,-0.314835,0.230118,0.920822,-1.682003,0.992059,-0.952562,K01_L07_07,3.100479,3.355438
568.6213,0.007904,-0.000195,-0.025029,-0.314819,0.229874,0.920883,-1.681972,0.990886,-0.953286,K01_L07_07,3.142227,3.343674
568.6324,0.007904,-0.000195,-0.025029,-0.314819,0.229874,0.920883,-1.681974,0.990665,-0.954237,K01_L07_07,3.142227,3.343674
568.6434,0.005053,-0.000165,-0.024693,-0.317688,0.230301,0.9198,-1.682047,0.990643,-0.961706,K01_L07_07,3.151627,3.341431
568.6544,0.003513,-0.00014,-0.024534,-0.317551,0.231796,0.919464,-1.682132,0.993069,-0.962301,K01_L07_07,3.149612,3.336273
568.6656,0.003513,-0.00014,-0.024534,-0.317551,0.231796,0.919464,-1.682108,0.992263,-0.962516,K01_L07_07,3.149612,3.336273
568.6768,0.001123,0.000151,-0.025047,-0.303543,0.216446,0.927902,-1.680794,0.961183,-0.932382,K01_L07_07,3.143311,3.263184
568.6877,-0.000744,0.000199,-0.024909,-0.304245,0.217178,0.92749,-1.68082,0.961331,-0.934437,K01_L07_07,3.125,3.284103
568.6989,-0.000744,0.000199,-0.024909,-0.304245,0.217178,0.92749,-1.680791,0.960278,-0.935063,K01_L07_07,3.125,3.284103
568.71,-0.000944,0.000208,-0.024908,-0.303207,0.216827,0.927918,-1.680725,0.958755,-0.933415,K01_L07_07,3.117462,3.283676
568.7213,0.001023,0.000195,-0.025162,-0.300232,0.214432,0.929443,-1.680497,0.953591,-0.927396,K01_L07_07,3.113525,3.283401
568.7323,0.00403,0.000143,-0.025463,-0.29509,0.215088,0.930939,-1.680418,0.954669,-0.915909,K01_L07_07,3.111404,3.332352
568.7433,0.00403,0.000143,-0.025463,-0.29509,0.215088,0.930939,-1.680403,0.954014,-0.916527,K01_L07_07,3.111404,3.332352
568.7545,0.005726,0.000125,-0.025655,-0.292984,0.215576,0.931488,-1.680387,0.954928,-0.911908,K01_L07_07,3.113464,3.333481
568.7656,0.005375,0.000125,-0.025603,-0.294342,0.214981,0.931198,-1.680336,0.952268,-0.915511,K01_L07_07,3.130234,3.334534
568.7768,0.005375,0.000125,-0.025603,-0.294342,0.214981,0.931198,-1.680324,0.951629,-0.916388,K01_L07_07,3.130234,3.334534
568.7878,0.006032,0.00012,-0.025688,-0.292969,0.215042,0.93161,-1.680287,0.951258,-0.913915,K01_L07_07,3.136597,3.408859
568.7988,0.004736,0.000131,-0.025528,-0.294067,0.21553,0.931152,-1.680318,0.951238,-0.917067,K01_L07_07,3.136658,3.409744
568.8101,0.004736,0.000131,-0.025528,-0.294067,0.21553,0.931152,-1.68031,0.950908,-0.917345,K01_L07_07,3.136658,3.409744
568.8211,0.001411,0.000166,-0.02514,-0.296112,0.215225,0.930573,-1.680313,0.949398,-0.922689,K01_L07_07,3.133102,3.408798
568.8322,0.002327,0.000146,-0.025224,-0.295456,0.2164,0.930512,-1.680367,0.951307,-0.921773,K01_L07_07,3.1604,3.40889
568.8433,0.002327,0.000146,-0.025224,-0.295456,0.2164,0.930512,-1.680358,0.950884,-0.922319,K01_L07_07,3.1604,3.40889
568.8545,0.025319,-0.000006,-0.028327,-0.261078,0.199173,0.944534,-1.678618,0.920249,-0.847604,K01_L07_07,2.764618,3.505142
568.8655,-0.024668,0.000268,-0.021867,-0.343735,0.200195,0.917465,-1.733643,0.886198,-1.077346,K01_G01_05,-1,3.504852
568.8766,-0.024675,0.000273,-0.021987,-0.344849,0.206421,0.915665,-1.764827,0.886198,-1.100065,K01_G01_05,3.325378,3.510422
568.8878,-0.024675,0.000273,-0.021987,-0.344849,0.206421,0.915665,-1.763004,0.886198,-1.099212,K01_G01_05,3.325378,3.510422
568.8988,-0.024648,0.000463,-0.022507,-0.330292,0.192551,0.924011,-1.697254,0.886198,-1.021255,K01_G01_05,3.424393,3.47728
568.91,-0.024649,0.000492,-0.022605,-0.328262,0.191986,0.924851,-1.694833,0.886198,-1.014489,K01_G01_05,3.417969,3.468796
568.9211,-0.024649,0.000492,-0.022605,-0.328262,0.191986,0.924851,-1.694287,0.886198,-1.014,K01_G01_05,3.417969,3.468796
568.9321,-0.024649,0.000503,-0.022621,-0.325989,0.192688,0.925522,-1.69806,0.886198,-1.010227,K01_G01_05,3.417831,3.468262
568.9432,-0.017169,0.000421,-0.023446,-0.324066,0.191635,0.926407,-1.693807,0.886198,-1.002701,K01_G01_05,3.320511,3.479828
568.9543,-0.017169,0.000421,-0.023446,-0.324066,0.191635,0.926407,-1.693404,0.886198,-1.001561,K01_G01_05,3.320511,3.479828
568.9654,-0.02073,0.000464,-0.023063,-0.325668,0.192932,0.925583,-1.697933,0.886198,-1.007211,K01_G01_05,3.30191,3.478119
568.9767,-0.024651,0.000516,-0.022647,-0.327499,0.194092,0.924683,-1.703069,0.886198,-1.014331,K01_G01_05,-1,3.477722
568.9877,-0.024765,0.000369,-0.02235,-0.318054,0.235474,0.91835,-1.681921,0.984395,-0.969544,K01_L07_07,3.362289,3.562531
568.9987,-0.024765,0.000369,-0.02235,-0.318054,0.235474,0.91835,-1.681919,0.98454,-0.968909,K01_L07_07,3.362289,3.562531
569.01,-0.024847,0.000413,-0.022391,-0.312683,0.226227,0.922516,-1.681213,0.966509,-0.957046,K01_L07_07,3.283676,3.65271
569.0212,-0.024788,0.000328,-0.022218,-0.312027,0.243607,0.918304,-1.682323,1.001835,-0.952641,K01_L07_07,3.057266,3.504135
569.0322,-0.024791,0.000339,-0.022243,-0.305527,0.234634,0.922806,-1.681596,0.983801,-0.938698,K01_L07_07,3.097687,3.469315
569.0433,-0.024791,0.000339,-0.022243,-0.305527,0.234634,0.922806,-1.681594,0.983962,-0.937947,K01_L07_07,3.097687,3.469315
569.0543,-0.02479,0.000337,-0.022243,-0.305756,0.235413,0.922531,-1.681628,0.984883,-0.9383,K01_L07_07,3.123123,3.501053
569.0654,-0.000675,0.00007,-0.024849,-0.282394,0.218674,0.934036,-1.680078,0.953058,-0.886797,K01_L07_07,3.125366,3.488266
569.0765,-0.000675,0.00007,-0.024849,-0.282394,0.218674,0.934036,-1.680058,0.952499,-0.886589,K01_L07_07,3.125366,3.488266
569.0876,-0.002285,0.000091,-0.024681,-0.283066,0.219544,0.933624,-1.680116,0.953959,-0.887648,K01_L07_07,3.129608,3.488129
569.0986,-0.00899,0.000167,-0.023972,-0.291657,0.224182,0.929871,-1.68055,0.961451,-0.906818,K01_L07_07,3.148743,3.488327
569.1099,-0.010584,0.000191,-0.02381,-0.293427,0.224548,0.92923,-1.680588,0.961379,-0.910839,K01_L07_07,3.244873,3.48819
569.121,-0.010584,0.000191,-0.02381,-0.293427,0.224548,0.92923,-1.680567,0.960817,-0.910596,K01_L07_07,3.244873,3.48819
569.1321,-0.00987,0.000185,-0.023914,-0.29335,0.225433,0.929031,-1.680603,0.961898,-0.910677,K01_L07_07,3.284348,3.498352
569.1431,-0.007878,0.000167,-0.024148,-0.291687,0.223969,0.929916,-1.680469,0.958987,-0.90676,K01_L07_07,3.321457,3.499741
569.1543,-0.007878,0.000167,-0.024148,-0.291687,0.223969,0.929916,-1.680464,0.958829,-0.906744,K01_L07_07,3.321457,3.499741
569.1654,-0.003137,0.000121,-0.024682,-0.292404,0.220764,0.93045,-1.680264,0.952258,-0.908267,K01_L07_07,3.321716,3.500717
569.1766,-0.006184,0.000156,-0.024357,-0.297058,0.221497,0.928803,-1.680377,0.952591,-0.918534,K01_L07_07,3.321655,3.500107
569.1877,-0.006184,0.000156,-0.024357,-0.297058,0.221497,0.928803,-1.680375,0.952743,-0.917911,K01_L07_07,3.321655,3.500107
569.1987,-0.009026,0.000382,-0.024638,-0.302536,0.205078,0.930801,-1.679386,0.918096,-0.932356,K01_L07_07,3.304337,3.383179
569.21,0.006799,0.000127,-0.026142,-0.302811,0.20723,0.930237,-1.679513,0.922046,-0.9321,K01_L07_07,3.252197,3.647705
569.2209,0.006799,0.000127,-0.026142,-0.302811,0.20723,0.930237,-1.679507,0.921838,-0.932165,K01_L07_07,3.252197,3.647705
569.232,0.008617,0.000111,-0.026361,-0.298203,0.199158,0.933487,-1.678888,0.906061,-0.921727,K01_L07_07,3.242874,3.622421
569.2433,-0.005291,0.000296,-0.024929,-0.313156,0.200546,0.928268,-1.679249,0.906868,-0.955566,K01_L07_07,3.324936,3.566177
569.2543,-0.017494,0.000449,-0.023647,-0.323593,0.203232,0.924103,-1.679622,0.911092,-0.979276,K01_L07_07,3.443695,3.507416
569.2653,-0.017494,0.000449,-0.023647,-0.323593,0.203232,0.924103,-1.679631,0.911582,-0.978622,K01_L07_07,3.443695,3.507416
569.2764,-0.021445,0.0005,-0.023239,-0.324616,0.207916,0.922699,-1.679966,0.921462,-0.979846,K01_L07_07,3.414429,3.51503
569.2876,-0.02169,0.000498,-0.023196,-0.324265,0.21051,0.922241,-1.68013,0.926971,-0.978198,K01_L07_07,3.455002,3.515732
569.2986,-0.02169,0.000498,-0.023196,-0.324265,0.21051,0.922241,-1.680113,0.926618,-0.977696,K01_L07_07,3.455002,3.515732
569.3097,-0.004667,0.00028,-0.024967,-0.316757,0.202942,0.926529,-1.679461,0.911972,-0.960119,K01_L07_07,3.47995,3.51535
569.321,-0.006742,0.000304,-0.024744,-0.317658,0.200806,0.926682,-1.679316,0.907019,-0.961851,K01_L07_07,3.475601,3.516418
569.332,-0.008509,0.000323,-0.024562,-0.318131,0.200851,0.926514,-1.679309,0.90669,-0.962191,K01_L07_07,3.481659,3.513321
569.3432,-0.008509,0.000323,-0.024562,-0.318131,0.200851,0.926514,-1.679298,0.906479,-0.961844,K01_L07_07,3.481659,3.513321
569.3543,-0.006227,0.000293,-0.0248,-0.318253,0.19931,0.926804,-1.679167,0.902399,-0.962033,K01_L07_07,3.482346,3.516479
569.3654,-0.006784,0.000295,-0.024742,-0.318405,0.200012,0.926605,-1.679204,0.903589,-0.961804,K01_L07_07,3.481781,3.520386
569.3764,-0.006784,0.000295,-0.024742,-0.318405,0.200012,0.926605,-1.679179,0.90306,-0.961122,K01_L07_07,3.481781,3.520386
569.3876,-0.005948,0.000283,-0.024829,-0.31694,0.198074,0.927521,-1.679,0.898717,-0.957375,K01_L07_07,3.478592,3.533142
569.3986,-0.003327,0.000247,-0.025102,-0.315796,0.196747,0.928192,-1.678871,0.895705,-0.954205,K01_L07_07,3.485306,3.533005
569.4098,0.002253,0.000171,-0.025684,-0.312195,0.196594,0.929443,-1.678783,0.895811,-0.944957,K01_L07_07,3.482849,3.544022
569.4208,0.002253,0.000171,-0.025684,-0.312195,0.196594,0.929443,-1.678756,0.895144,-0.944421,K01_L07_07,3.482849,3.544022
569.4319,-0.000158,0.000201,-0.025434,-0.314987,0.195953,0.928635,-1.678748,0.892968,-0.950884,K01_L07_07,3.482147,3.543182
569.4431,0.001161,0.000185,-0.02558,-0.314026,0.196396,0.928864,-1.678735,0.893414,-0.948119,K01_L07_07,3.495438,3.543442
569.4542,0.001161,0.000185,-0.02558,-0.314026,0.196396,0.928864,-1.678724,0.893148,-0.947802,K01_L07_07,3.495438,3.543442
569.4653,-0.005025,0.000266,-0.024941,-0.316177,0.197632,0.927872,-1.678843,0.895472,-0.952162,K01_L07_07,3.497986,3.526611
569.4764,-0.008352,0.00031,-0.024594,-0.321823,0.198593,0.92572,-1.679004,0.896514,-0.96504,K01_L07_07,3.491638,3.527649
569.4875,-0.008352,0.00031,-0.024594,-0.321823,0.198593,0.92572,-1.678996,0.896263,-0.96503,K01_L07_07,3.491638,3.527649
569.4985,-0.01845,0.000436,-0.023524,-0.322708,0.200241,0.925064,-1.679116,0.899406,-0.966798,K01_L07_07,3.491531,3.521729
569.5097,-0.018138,0.000431,-0.023552,-0.324677,0.196976,0.925079,-1.678917,0.891715,-0.97202,K01_L07_07,3.478394,3.525146
569.5208,-0.019741,0.000453,-0.023382,-0.329559,0.197311,0.923279,-1.679019,0.891346,-0.983607,K01_L07_07,3.466248,3.531097
569.532,-0.019741,0.000453,-0.023382,-0.329559,0.197311,0.923279,-1.679,0.890831,-0.983358,K01_L07_07,3.466248,3.531097
569.5431,-0.01771,0.000427,-0.023597,-0.328232,0.196823,0.923859,-1.678932,0.889748,-0.980102,K01_L07_07,3.446365,3.530991
569.5543,-0.015201,0.000396,-0.023862,-0.326706,0.197372,0.924271,-1.678933,0.8909,-0.976363,K01_L07_07,3.44313,3.530518
569.5652,-0.015201,0.000396,-0.023862,-0.326706,0.197372,0.924271,-1.678929,0.890764,-0.976429,K01_L07_07,3.44313,3.530518
569.5764,-0.014324,0.000385,-0.02396,-0.323929,0.197525,0.925217,-1.67887,0.89115,-0.969199,K01_L07_07,3.410675,3.52092
569.5874,-0.011296,0.000347,-0.02428,-0.322067,0.197617,0.925858,-1.678833,0.891436,-0.964526,K01_L07_07,3.391418,3.528473
569.5986,-0.011296,0.000347,-0.02428,-0.322067,0.197617,0.925858,-1.678804,0.890626,-0.964202,K01_L07_07,3.391418,3.528473
569.6097,-0.009675,0.000327,-0.024453,-0.320953,0.197357,0.9263,-1.678751,0.88987,-0.961427,K01_L07_07,3.380981,3.528488
569.6208,-0.009971,0.000332,-0.024426,-0.321671,0.200653,0.925339,-1.678954,0.895787,-0.962371,K01_L07_07,3.381058,3.530685
569.6319,-0.017086,0.00042,-0.023669,-0.327408,0.200302,0.923401,-1.679018,0.89373,-0.975622,K01_L07_07,3.346313,3.538712
569.643,-0.017086,0.00042,-0.023669,-0.327408,0.200302,0.923401,-1.679008,0.893554,-0.975206,K01_L07_07,3.346313,3.538712
569.6542,-0.019462,0.000449,-0.023415,-0.327271,0.199814,0.923554,-1.678967,0.892482,-0.974574,K01_L07_07,3.345932,3.526627
569.6652,-0.020251,0.000458,-0.023324,-0.330048,0.198807,0.922775,-1.678932,0.88947,-0.981029,K01_L07_07,3.352051,3.537628
569.6765,-0.020251,0.000458,-0.023324,-0.330048,0.198807,0.922775,-1.678917,0.888853,-0.981526,K01_L07_07,3.352051,3.537628
569.6874,-0.020063,0.00045,-0.023336,-0.330551,0.200333,0.922272,-1.679006,0.891311,-0.98244,K01_L07_07,3.350449,3.53299
569.6988,-0.020503,0.000436,-0.023218,-0.333069,0.200516,0.921326,-1.689543,0.886198,-0.995375,K01_G01_05,3.351715,3.537094
569.7097,-0.020503,0.000436,-0.023218,-0.333069,0.200516,0.921326,-1.687777,0.886198,-0.994282,K01_G01_05,3.351715,3.537094
569.7208,-0.018983,0.000405,-0.023143,-0.333283,0.189697,0.923538,-1.636942,0.886198,-0.964105,K01_G01_05,3.35376,3.534302
569.7319,-0.021102,0.000431,-0.0229,-0.332993,0.189087,0.923767,-1.632749,0.886198,-0.961344,K01_G01_05,3.423431,3.530136
569.7429,-0.022515,0.000449,-0.022745,-0.333099,0.188797,0.923782,-1.630717,0.886198,-0.960152,K01_G01_05,3.338867,3.521622
569.7543,-0.022515,0.000449,-0.022745,-0.333099,0.188797,0.923782,-1.629429,0.886198,-0.959234,K01_G01_05,3.338867,3.521622
569.7652,-0.022088,0.000445,-0.022803,-0.332062,0.191971,0.923508,-1.643518,0.886198,-0.965373,K01_G01_05,3.432785,3.531052
569.7763,-0.019401,0.000423,-0.02313,-0.33046,0.192154,0.924042,-1.643384,0.886198,-0.961639,K01_G01_05,3.452896,3.52771
569.7876,-0.019401,0.000423,-0.02313,-0.33046,0.192154,0.924042,-1.64227,0.886198,-0.960792,K01_G01_05,3.452896,3.52771
569.7984,-0.01888,0.000418,-0.023195,-0.32988,0.191605,0.924362,-1.638288,0.886198,-0.957059,K01_G01_05,3.431519,3.527298
569.8098,-0.020033,0.000448,-0.02333,-0.330048,0.203384,0.921783,-1.679022,0.892269,-0.980823,K01_L07_07,3.428848,3.572037
569.8207,-0.020033,0.000448,-0.02333,-0.330048,0.203384,0.921783,-1.67899,0.891372,-0.980633,K01_L07_07,3.428848,3.572037
569.8318,-0.013552,0.000366,-0.023824,-0.328278,0.191422,0.924973,-1.634291,0.886198,-0.950595,K01_G01_05,3.437912,3.577393
569.843,-0.014106,0.000373,-0.023763,-0.334824,0.192474,0.922394,-1.635847,0.886198,-0.966326,K01_G01_05,3.418182,3.584534
569.8542,-0.018692,0.000453,-0.02355,-0.336166,0.204025,0.919418,-1.688124,0.886198,-1.00088,K01_G01_05,3.417984,3.582169
569.8652,-0.018692,0.000453,-0.02355,-0.336166,0.204025,0.919418,-1.68633,0.886198,-0.999663,K01_G01_05,3.417984,3.582169
569.8763,-0.021339,0.000498,-0.023303,-0.338242,0.203888,0.918686,-1.683681,0.886198,-1.003058,K01_G01_05,3.437607,3.591156
569.8874,-0.021519,0.0005,-0.023285,-0.338654,0.205704,0.918137,-1.691318,0.886198,-1.008745,K01_G01_05,3.413452,3.594727
569.8984,-0.021519,0.0005,-0.023285,-0.338654,0.205704,0.918137,-1.690664,0.886198,-1.008559,K01_G01_05,3.413452,3.594727
569.9096,-0.018851,0.000455,-0.023538,-0.335312,0.206635,0.919159,-1.6957,0.886198,-1.003524,K01_G01_05,3.279846,3.584274
569.9208,-0.017031,0.000432,-0.023732,-0.331604,0.205948,0.920654,-1.679076,0.892966,-0.983982,K01_L07_07,3.109146,3.584793
569.9319,-0.017031,0.000432,-0.023732,-0.331604,0.205948,0.920654,-1.67906,0.892435,-0.984111,K01_L07_07,3.109146,3.584793
569.9429,-0.022233,0.000456,-0.022742,-0.384476,0.203369,0.900436,-1.666308,0.886198,-1.108303,K01_G01_05,3.342484,3.487793
569.954,-0.023921,0.000353,-0.022114,-0.39418,0.219605,0.892395,-1.745525,0.886198,-1.188639,K01_G01_05,3.724762,3.361893
569.9651,-0.023921,0.000353,-0.022114,-0.39418,0.219605,0.892395,-1.745494,0.886198,-1.189011,K01_G01_05,3.724762,3.361893
569.9762,-0.023975,0.000397,-0.022193,-0.395584,0.228394,0.889572,-1.792299,0.886198,-1.225142,K01_G01_05,3.440536,3.461716
569.9874,-0.02396,0.000388,-0.022181,-0.393189,0.220062,0.892731,-1.747214,0.886198,-1.187217,K01_G01_05,3.490051,3.458664
569.9984,-0.023453,0.000364,-0.02218,-0.390961,0.22229,0.893158,-1.759925,0.886198,-1.189075,K01_G01_05,3.486908,3.460068
570.0096,-0.023453,0.000364,-0.02218,-0.390961,0.22229,0.893158,-1.759242,0.886198,-1.188223,K01_G01_05,3.486908,3.460068
570.0208,-0.023875,0.00036,-0.022102,-0.390274,0.223099,0.89325,-1.764514,0.886198,-1.189513,K01_G01_05,3.361176,3.439575
570.0317,-0.023734,0.000356,-0.022115,-0.390244,0.223343,0.893189,-1.766679,0.886198,-1.190632,K01_G01_05,3.378189,3.436676
570.0428,-0.023734,0.000356,-0.022115,-0.390244,0.223343,0.893189,-1.766538,0.886198,-1.190336,K01_G01_05,3.378189,3.436676
570.0541,-0.02326,0.000353,-0.022177,-0.392487,0.22496,0.891815,-1.77641,0.886198,-1.202607,K01_G01_05,3.543488,3.458054
570.0651,-0.023319,0.000364,-0.022204,-0.390335,0.224365,0.892899,-1.774501,0.886198,-1.195248,K01_G01_05,3.308838,3.454468
570.0762,-0.023319,0.000364,-0.022204,-0.390335,0.224365,0.892899,-1.775205,0.886198,-1.19515,K01_G01_05,3.308838,3.454468
570.0873,-0.021869,0.000595,-0.022929,-0.382752,0.19931,0.902084,-1.65019,0.886198,-1.089965,K01_G01_05,3.409546,3.343704
570.0983,-0.020019,0.001499,-0.025526,-0.306213,0.191208,0.932556,-1.636142,0.886198,-0.8976,K01_G01_05,3.249481,3.352188
570.1095,0,0,0,0,0,1,-99999,-99999,-99999,,2.924728,-1
570.1207,0,0,0,0,0,1,-99999,-99999,-99999,,2.924728,-1
570.1317,-0.029909,0.004927,-0.042957,0.142746,-0.114121,0.983154,-2.066423,0,-0.02102,Ground,-1,3.458359
570.1427,-0.026871,-0.005999,-0.006024,0.437485,0.246399,0.864792,-5.743423,0,1.470219,Ground,-1,4.921951
570.154,-0.026871,-0.005999,-0.006024,0.437485,0.246399,0.864792,-5.743488,0,1.471709,Ground,-1,4.921951
570.165,0,0,0,0,0,1,-99999,-99999,-99999,,-1,-1
570.176,0,0,0,0,0,1,-99999,-99999,-99999,,-1,-1
570.1872,0,0,0,0,0,1,-99999,-99999,-99999,,-1,-1
570.1983,0,0,0,0,0,1,-99999,-99999,-99999,,-1,-1
570.2094,0,0,0,0,0,1,-99999,-99999,-99999,,-1,-1
570.2205,0,0,0,0,0,1,-99999,-99999,-99999,,-1,-1
570.2318,0,0,0,0,0,1,-99999,-99999,-99999,,-1,-1
570.2428,0,0,0,0,0,1,-99999,-99999,-99999,,-1,-1
570.2551,0,0,0,0,0,1,-99999,-99999,-99999,,-1,-1
570.2649,0,0,0,0,0,1,-99999,-99999,-99999,,-1,-1
570.2761,-0.02807,-0.001865,-0.012458,0.158096,0.286789,0.94484,-5.504622,0,-0.25474,Ground,-1,5.5755
570.2872,-0.027971,-0.00252,-0.012458,0.035889,0.333664,0.942001,-6.267965,0,-1.094647,Ground,-1,5.343704
570.2982,0,0,0,0,0,1,-99999,-99999,-99999,,-1,-1
570.3093,0,0,0,0,0,1,-99999,-99999,-99999,,-1,-1
570.3205,0,0,0,0,0,1,-99999,-99999,-99999,,-1,-1
570.3316,0,0,0,0,0,1,-99999,-99999,-99999,,-1,-1
570.3429,0,0,0,0,0,1,-99999,-99999,-99999,,-1,-1
570.3538,0,0,0,0,0,1,-99999,-99999,-99999,,-1,-1
570.3649,-0.029039,0.021091,-0.100141,-0.013809,0.030045,0.999451,-2.650515,0,-0.551676,Ground,-1,1.214478
570.3759,0,0,0,0,0,1,-99999,-99999,-99999,,-1,-1
570.3871,0,0,0,0,0,1,-99999,-99999,-99999,,-1,-1
570.3981,-0.027161,-0.004873,-0.00069,0.405945,0.184601,0.89505,-4.664229,0,1.085284,Ground,-1,3.993011
570.4092,-0.027487,-0.002143,-0.011753,0.349274,0.299439,0.887878,-7.007432,0,1.087153,Ground,3.21933,2.759293
570.4206,-0.027487,-0.002143,-0.011753,0.349274,0.299439,0.887878,-7.098379,0,1.106824,Ground,3.21933,2.759293
570.4315,0,0,0,0,0,1,-99999,-99999,-99999,,-1,-1
570.4426,0,0,0,0,0,1,-99999,-99999,-99999,,3.831955,-1
570.4537,0.034741,0.000323,-0.024892,0.192566,0.477921,0.857025,-34.47491,0,-0.481669,Ground,3.700043,-1
570.4648,0.034741,0.000323,-0.024892,0.192566,0.477921,0.857025,-38.66718,0,-0.468018,Ground,3.700043,-1
570.476,0.034749,0.000165,-0.024755,0.208603,0.469452,0.857956,-37.47173,0,0.253748,Ground,3.815155,-1
570.4871,0.034638,0.000463,-0.025509,0.186813,0.416504,0.889725,-16.17961,0,-0.169652,Ground,3.44957,4.352844
570.4981,0.034638,0.000463,-0.025509,0.186813,0.416504,0.889725,-17.45116,0,-0.133845,Ground,3.44957,4.352844
570.5096,-0.00157,-0.001363,-0.012009,0.440002,0.447067,0.778778,-99999,-99999,-99999,,3.248489,4.488022
570.5204,-0.025048,-0.004036,0.001419,0.627075,0.49971,0.597534,-99999,-99999,-99999,,3.145889,4.544495
570.5316,-0.025048,-0.004036,0.001419,0.627075,0.49971,0.597534,-99999,-99999,-99999,,3.145889,4.544495
570.5427,-0.025742,-0.00411,0.0018,0.638031,0.496857,0.588226,-99999,-99999,-99999,,3.078766,4.554443
570.5536,-0.028138,0.003231,-0.02669,0.149719,0.322647,0.934586,-10.29549,0,-0.215644,Ground,3.129333,3.145844
570.5648,-0.028138,0.003231,-0.02669,0.149719,0.322647,0.934586,-10.92242,0,-0.173179,Ground,3.129333,3.145844
570.5759,-0.027663,0.00321,-0.0267,0.151215,0.309433,0.938812,-10.58701,0,-0.086579,Ground,3.206833,3.113953
570.587,-0.022822,0.003023,-0.026892,0.147965,0.311569,0.938629,-11.40083,0,-0.063627,Ground,3.255325,3.11055
570.5981,-0.016071,0.002656,-0.026873,0.143936,0.312653,0.938889,-12.26101,0,-0.043709,Ground,3.254852,3.134781
570.6093,-0.016071,0.002656,-0.026873,0.143936,0.312653,0.938889,-13.21624,0,0.033228,Ground,3.254852,3.134781
