time,ori_x,ori_y,ori_z,dir_x,dir_y,dir_z,gaze_x,gaze_y,gaze_z,gaze_object,pupil_l,pupil_r
739.1072,0.000579,-0.006076,-0.021757,-0.057922,-0.305801,0.950317,-0.109046,0,-0.036278,Ground,2.790375,2.712524
739.1183,0.000579,-0.006076,-0.021757,-0.057922,-0.305801,0.950317,-0.109925,0,-0.040113,Ground,2.790375,2.712524
739.1292,0.00801,-0.006186,-0.021761,-0.045486,-0.310944,0.949326,-0.103365,0,-0.025641,Ground,2.788147,2.686813
739.1403,0.006132,-0.006167,-0.021758,-0.04567,-0.312576,0.948792,-0.102589,0,-0.02974,Ground,2.788147,2.650787
739.1514,0.006132,-0.006167,-0.021758,-0.04567,-0.312576,0.948792,-0.10454,0,-0.033831,Ground,2.788147,2.650787
739.1626,-0.004583,-0.006031,-0.021743,-0.055191,-0.314194,0.947739,-0.103694,0,-0.052166,Ground,2.769058,2.649734
739.1735,-0.00852,-0.005983,-0.021719,-0.055573,-0.317078,0.946762,-0.100957,0,-0.056826,Ground,2.775482,2.646271
739.1848,-0.00852,-0.005983,-0.021719,-0.055573,-0.317078,0.946762,-0.103146,0,-0.061155,Ground,2.775482,2.646271
739.1971,-0.005453,-0.006023,-0.021722,-0.05307,-0.31694,0.946945,-0.105523,0,-0.061792,Ground,2.769791,2.636581
739.2072,0.000563,-0.006102,-0.021727,-0.041382,-0.316635,0.947632,-0.108701,0,-0.048537,Ground,2.768631,2.574997
739.218,-0.002861,-0.006065,-0.021706,-0.042404,-0.314667,0.948242,-0.113582,0,-0.054169,Ground,2.767197,2.573425
739.2291,-0.002861,-0.006065,-0.021706,-0.042404,-0.314667,0.948242,-0.115511,0,-0.057883,Ground,2.767197,2.573425
739.2401,-0.018889,-0.005697,-0.021632,-0.031464,-0.30513,0.951782,-0.13301,0,-0.045805,Ground,2.739059,2.495575
739.2513,-0.026765,-0.005187,-0.021748,-0.02652,-0.23169,0.972412,-0.248673,0,-0.045512,Ground,2.636658,2.541061
739.2626,-0.026765,-0.005187,-0.021748,-0.02652,-0.23169,0.972412,-0.250563,0,-0.049136,Ground,2.636658,2.541061
739.2735,-0.02559,-0.005112,-0.021872,-0.025131,-0.226334,0.973724,-0.260231,0,-0.050327,Ground,2.773956,2.396439
739.2849,-0.024748,-0.005134,-0.022037,-0.017181,-0.211395,0.977234,-0.285094,0,-0.042619,Ground,2.75592,2.430405
739.2958,-0.024748,-0.005134,-0.022037,-0.017181,-0.211395,0.977234,-0.286418,0,-0.04517,Ground,2.75592,2.430405
739.3071,-0.006338,-0.005309,-0.022146,0.001236,-0.203415,0.97908,-0.300853,0,-0.020746,Ground,2.757813,2.430878
739.318,0.0178,-0.005556,-0.022189,0.018036,-0.195816,0.980469,-0.3148,0,0.0015,Ground,2.758728,2.430008
739.329,0.018948,-0.005555,-0.022214,0.019684,-0.196213,0.980347,-0.315214,0,0.001893,Ground,2.765854,2.423874
739.3403,0.018948,-0.005555,-0.022214,0.019684,-0.196213,0.980347,-0.316338,0,-0.000264,Ground,2.765854,2.423874
739.3513,0.016014,-0.005511,-0.022238,0.0215,-0.197678,0.980026,-0.315766,0,0.000755,Ground,2.76857,2.437271
739.3625,0.01092,-0.00546,-0.022196,0.018234,-0.201721,0.979263,-0.310599,0,-0.005777,Ground,2.769135,2.444489
739.3735,0.01092,-0.00546,-0.022196,0.018234,-0.201721,0.979263,-0.3125,0,-0.007254,Ground,2.769135,2.444489
739.3846,0.006683,-0.005411,-0.022132,0.016464,-0.207428,0.978104,-0.305827,0,-0.01087,Ground,2.769409,2.448502
739.3958,0.011519,-0.005442,-0.022125,0.016373,-0.209747,0.977615,-0.304341,0,-0.011978,Ground,2.766205,2.454147
739.4069,0.011329,-0.00543,-0.022089,0.020355,-0.212585,0.976929,-0.303037,0,-0.007029,Ground,2.783432,2.450897
739.4178,0.011329,-0.00543,-0.022089,0.020355,-0.212585,0.976929,-0.305916,0,-0.007814,Ground,2.783432,2.450897
739.4293,0.011339,-0.005439,-0.022038,0.024719,-0.213471,0.976624,-0.307683,0,-0.001691,Ground,2.784103,2.454636
739.4401,0.006647,-0.005403,-0.021988,0.023651,-0.215653,0.976181,-0.307835,0,-0.003369,Ground,2.783524,2.454483
739.4512,0.006647,-0.005403,-0.021988,0.023651,-0.215653,0.976181,-0.312154,0,-0.003721,Ground,2.783524,2.454483
739.4625,0.003105,-0.005376,-0.021882,0.024658,-0.221237,0.974899,-0.307816,0,-0.001442,Ground,2.784058,2.456772
739.4734,0.001538,-0.005364,-0.021865,0.025131,-0.22258,0.974579,-0.310235,0,-0.000321,Ground,2.783737,2.453568
739.4845,0.001538,-0.005364,-0.021865,0.025131,-0.22258,0.974579,-0.314302,0,0.000373,Ground,2.783737,2.453568
739.4956,0.001756,-0.005363,-0.021868,0.024063,-0.223923,0.974304,-0.315681,0,-0.000433,Ground,2.780533,2.440384
739.5067,0.004543,-0.005381,-0.0219,0.025681,-0.223358,0.974381,-0.32013,0,0.003074,Ground,2.779938,2.454788
739.5179,0.010594,-0.005454,-0.022069,0.032471,-0.2202,0.974899,-0.328689,0,0.014082,Ground,2.668945,2.456711
739.5291,0.010594,-0.005454,-0.022069,0.032471,-0.2202,0.974899,-0.331658,0,0.015215,Ground,2.668945,2.456711
739.5402,0.00718,-0.005454,-0.022001,0.028885,-0.230103,0.972733,-0.318495,0,0.011808,Ground,2.740631,2.466629
739.5511,-0.001259,-0.005385,-0.02194,0.022278,-0.239121,0.970718,-0.307105,0,0.00409,Ground,2.721054,2.4832
739.5625,-0.001259,-0.005385,-0.02194,0.022278,-0.239121,0.970718,-0.310801,0,0.004984,Ground,2.721054,2.4832
739.5735,-0.006221,-0.005341,-0.021886,0.017456,-0.249283,0.968262,-0.298717,0,0.000015,Ground,2.689392,2.518677
739.5845,-0.0058,-0.005351,-0.021892,0.018143,-0.251587,0.967651,-0.29993,0,0.001995,Ground,2.682114,2.55397
739.5958,-0.0058,-0.005351,-0.021892,0.018143,-0.251587,0.967651,-0.305312,0,0.00257,Ground,2.682114,2.55397
739.6068,-0.000526,-0.005403,-0.021971,0.022018,-0.248901,0.968262,-0.316079,0,0.00865,Ground,2.667145,2.565796
739.6188,-0.004073,-0.005367,-0.021943,0.018463,-0.253708,0.967087,-0.31487,0,0.003936,Ground,2.661652,2.580994
739.6288,-0.004073,-0.005367,-0.021943,0.018463,-0.253708,0.967087,-0.321621,0,0.004322,Ground,2.661652,2.580994
739.6401,-0.007904,-0.005333,-0.021907,0.013931,-0.258835,0.96582,-0.320928,0,-0.00192,Ground,2.657715,2.639786
739.6511,-0.009493,-0.005321,-0.021892,0.008926,-0.262314,0.964935,-0.323272,0,-0.008821,Ground,2.657257,2.651306
739.6622,-0.011108,-0.005292,-0.021911,0.006729,-0.26561,0.96405,-0.326769,0,-0.011651,Ground,2.656891,2.654175
739.6735,-0.011108,-0.005292,-0.021911,0.006729,-0.26561,0.96405,-0.336212,0,-0.011636,Ground,2.656891,2.654175
739.6844,-0.014187,-0.005268,-0.021882,0.002762,-0.269287,0.963043,-0.339395,0,-0.018011,Ground,2.656555,2.6586
739.6955,-0.014583,-0.005252,-0.021891,0.001587,-0.275482,0.961304,-0.339868,0,-0.020695,Ground,2.664169,2.657501
739.7067,-0.014583,-0.005252,-0.021891,0.001587,-0.275482,0.961304,-0.350888,0,-0.022503,Ground,2.664169,2.657501
739.7178,0.019001,-0.005414,-0.021701,0.013596,-0.205963,0.978455,-0.477912,0,-0.019395,Ground,2.71579,2.676529
739.7288,0.030817,-0.004975,-0.022079,-0.002304,-0.122299,0.992477,-0.629611,0,-0.065026,Ground,2.606064,2.503189
739.7399,0.001304,-0.004033,-0.021745,-0.035019,-0.047012,0.998276,-0.773128,0,-0.142712,Ground,2.561218,2.456192
739.7512,0.001304,-0.004033,-0.021745,-0.035019,-0.047012,0.998276,-0.792353,0,-0.151397,Ground,2.561218,2.456192
739.7623,0,0,0,0,0,1,-99999,-99999,-99999,,2.670517,2.460785
739.7733,0,0,0,0,0,1,-99999,-99999,-99999,,2.691818,2.618103
739.7845,0,0,0,0,0,1,-99999,-99999,-99999,,2.691818,2.618103
739.7956,0.001339,-0.003419,-0.020552,-0.052063,0.185135,0.981323,-1.426946,0,-0.348782,Ground,2.543335,2.509613
739.8066,0.001247,-0.003065,-0.020685,-0.031433,0.220718,0.974823,-1.589636,0,-0.355336,Ground,2.718903,2.598389
739.8177,0.001247,-0.003065,-0.020685,-0.031433,0.220718,0.974823,-1.651427,0,-0.38363,Ground,2.718903,2.598389
739.8289,0.004391,-0.002983,-0.020932,-0.038559,0.267822,0.962692,-1.8846,0,-0.47202,Ground,2.638885,2.584579
739.8399,-0.019311,-0.001178,-0.023991,-0.058762,0.257919,0.964371,-1.919077,0,-0.545918,Ground,2.739502,2.515244
739.8511,-0.017276,-0.001005,-0.024129,-0.066834,0.28804,0.955277,-2.135095,0,-0.643721,Ground,2.858307,2.593964
739.8622,-0.017276,-0.001005,-0.024129,-0.066834,0.28804,0.955277,-2.245965,0,-0.690077,Ground,2.858307,2.593964
739.8732,0.031389,0.000042,-0.029456,0.038681,0.273422,0.961105,-2.384713,0,-0.436179,Ground,2.533401,-1
739.8845,-0.012793,0.000778,-0.029174,0.017761,0.310089,0.950531,-2.722501,0,-0.589345,Ground,2.461304,2.604874
739.8955,-0.012793,0.000778,-0.029174,0.017761,0.310089,0.950531,-2.897876,0,-0.639602,Ground,2.461304,2.604874
739.9066,-0.025048,0.00116,-0.029635,-0.047195,0.320419,0.946091,-3.090616,0,-0.926384,Ground,3.884003,2.34317
739.9178,-0.030043,0.002461,-0.032939,-0.003464,0.290558,0.956848,-3.113799,0,-0.771047,Ground,-1,2.36145
739.9288,-0.030221,0.002477,-0.032863,0.020309,0.29567,0.955063,-3.41836,0,-0.756171,Ground,-1,2.40033
739.9398,-0.030221,0.002477,-0.032863,0.020309,0.29567,0.955063,-3.686781,0,-0.807674,Ground,-1,2.40033
739.951,-0.030405,0.001367,-0.029069,0.117569,0.340515,0.932846,-4.882247,0,-0.579477,Ground,-1,2.481598
739.9621,-0.030885,0.002082,-0.031399,0.121292,0.308945,0.943298,-4.799734,0,-0.514026,Ground,-1,2.441711
739.9732,-0.030885,0.002082,-0.031399,0.121292,0.308945,0.943298,-5.274794,0,-0.541483,Ground,-1,2.441711
739.9844,-0.031231,0.002452,-0.032819,0.140488,0.28273,0.948853,-5.338333,0,-0.398558,Ground,-1,2.381088
739.9957,-0.031422,0.002675,-0.033751,0.162048,0.244141,0.956101,-5.162025,0,-0.210347,Ground,-1,2.355164
740.0068,-0.031121,-0.000204,-0.025624,0.25647,0.349411,0.901169,-10.86637,0,0.530369,Ground,-1,2.585449
740.0177,-0.031121,-0.000204,-0.025624,0.25647,0.349411,0.901169,-13.0165,0,0.728375,Ground,-1,2.585449
740.0289,-0.03095,-0.001698,-0.021621,0.290695,0.379562,0.878296,-27.19818,0,2.565518,Ground,-1,2.895203
740.0399,-0.030942,-0.001142,-0.023544,0.252731,0.307602,0.917328,-12.67278,0,0.872445,Ground,-1,2.876831
740.0509,-0.030942,-0.001142,-0.023544,0.252731,0.307602,0.917328,-15.09068,0,1.118699,Ground,-1,2.876831
740.0622,-0.030882,-0.000827,-0.024921,0.223846,0.265305,0.937805,-11.71059,0,0.647994,Ground,-1,2.748383
740.0732,-0.030554,-0.001161,-0.024145,0.223724,0.267349,0.937256,-14.13741,0,0.857609,Ground,2.889206,2.644379
740.0844,-0.030554,-0.001161,-0.024145,0.223724,0.267349,0.937256,-17.59269,0,1.171197,Ground,2.889206,2.644379
740.0955,-0.030498,-0.001368,-0.023421,0.22728,0.251358,0.940826,-18.74805,0,1.461227,Ground,2.89975,2.575989
740.1065,-0.029129,-0.001204,-0.023744,0.215195,0.199326,0.956009,-13.23708,0,1.027524,Ground,2.948074,2.600006
740.1176,-0.009948,-0.000985,-0.02504,0.183533,0.164764,0.969101,-11.30074,0,0.632476,Ground,2.658875,2.61879
740.1287,-0.009948,-0.000985,-0.02504,0.183533,0.164764,0.969101,-13.08226,0,0.822495,Ground,2.658875,2.61879
740.14,0.007445,-0.002695,-0.020459,0.240387,0.17601,0.954575,-18.89985,0,2.41435,Ground,2.887878,2.59584
740.1509,0.008453,-0.00281,-0.020623,0.227554,0.154434,0.961426,-17.23917,0,2.154093,Ground,2.782089,2.691772
740.162,0.008453,-0.00281,-0.020623,0.227554,0.154434,0.961426,-20.32633,0,2.717273,Ground,2.782089,2.691772
740.1732,0.006203,-0.002831,-0.020757,0.214508,0.141998,0.966339,-19.81607,0,2.587946,Ground,2.853714,2.755524
740.1841,0.019557,-0.002046,-0.023017,0.235397,0.177948,0.95546,-99999,-99999,-99999,,2.823822,2.76564
740.1954,0.019557,-0.002046,-0.023017,0.235397,0.177948,0.95546,-99999,-99999,-99999,,2.823822,2.76564
740.2065,-0.007913,-0.001068,-0.02555,0.29718,0.142624,0.944092,-45.18484,0,11.26991,Ground,2.781479,2.483459
740.2176,-0.031831,-0.001523,-0.024168,0.400391,0.16095,0.902084,-99999,-99999,-99999,,-1,2.746323
740.2286,-0.031989,-0.001867,-0.023279,0.463532,0.161942,0.87114,-99999,-99999,-99999,,-1,2.66507
740.2399,-0.031989,-0.001867,-0.023279,0.463532,0.161942,0.87114,-99999,-99999,-99999,,-1,2.66507
740.2509,-0.032281,-0.002276,-0.022413,0.527313,0.155289,0.835342,-99999,-99999,-99999,,-1,2.808853
740.262,-0.03249,-0.002433,-0.022161,0.577637,0.132538,0.80545,-99999,-99999,-99999,,-1,2.797699
740.2731,-0.03249,-0.002433,-0.022161,0.577637,0.132538,0.80545,-99999,-99999,-99999,,-1,2.797699
740.2842,-0.032502,-0.00219,-0.022586,0.532715,0.135468,0.835358,-99999,-99999,-99999,,-1,2.841965
740.2953,-0.032437,-0.001911,-0.02303,0.480789,0.133514,0.866592,-99999,-99999,-99999,,-1,2.735077
740.3064,0.013174,-0.000486,-0.02738,0.376434,0.099152,0.921112,-99999,-99999,-99999,,2.91716,2.845367
740.3175,0.013174,-0.000486,-0.02738,0.376434,0.099152,0.921112,-99999,-99999,-99999,,2.91716,2.845367
740.3286,-0.003577,-0.000901,-0.025895,0.403565,0.107941,0.908554,-99999,-99999,-99999,,2.856049,2.771973
740.3398,0.004318,-0.00073,-0.026416,0.382355,0.103363,0.918198,-99999,-99999,-99999,,2.929626,2.7892
740.3508,0.004318,-0.00073,-0.026416,0.382355,0.103363,0.918198,-99999,-99999,-99999,,2.929626,2.7892
740.3619,-0.007679,-0.001556,-0.023653,0.414627,0.108597,0.903473,-99999,-99999,-99999,,3.011078,2.702026
740.3731,-0.012595,-0.001539,-0.023661,0.381714,0.11673,0.91687,-99999,-99999,-99999,,2.977966,2.742676
740.3842,-0.023785,-0.00151,-0.023653,0.369324,0.10733,0.923065,-99999,-99999,-99999,,2.929138,2.777298
740.3953,-0.023785,-0.00151,-0.023653,0.369324,0.10733,0.923065,-99999,-99999,-99999,,2.929138,2.777298
740.4064,-0.019767,-0.001397,-0.023865,0.344742,0.097733,0.933594,-99999,-99999,-99999,,3.020218,2.78244
740.4175,-0.025954,-0.001398,-0.023815,0.329987,0.093353,0.939346,-99999,-99999,-99999,,2.765671,2.762604
740.4285,-0.024536,-0.001546,-0.023426,0.317123,0.082413,0.944778,-99999,-99999,-99999,,2.884216,2.762115
740.44,-0.024536,-0.001546,-0.023426,0.317123,0.082413,0.944778,-99999,-99999,-99999,,2.884216,2.762115
740.451,-0.024722,-0.001674,-0.023111,0.309494,0.085831,0.947006,-99999,-99999,-99999,,2.96167,2.686523
740.462,-0.019946,-0.001865,-0.022769,0.283997,0.081848,0.955307,-99999,-99999,-99999,,2.881302,2.737579
740.473,-0.019946,-0.001865,-0.022769,0.283997,0.081848,0.955307,-99999,-99999,-99999,,2.881302,2.737579
740.4841,-0.018316,-0.001994,-0.022389,0.259018,0.079468,0.962585,-99999,-99999,-99999,,2.900497,2.739883
740.4952,-0.014758,-0.002339,-0.021367,0.253754,0.081589,0.963806,-99999,-99999,-99999,,3.035278,2.763596
740.5062,-0.014704,-0.002491,-0.020934,0.223389,0.077377,0.971649,-99999,-99999,-99999,,2.857895,2.512878
740.5175,-0.014704,-0.002491,-0.020934,0.223389,0.077377,0.971649,-99999,-99999,-99999,,2.857895,2.512878
740.5286,-0.017352,-0.002472,-0.021211,0.208679,0.068832,0.975555,-99999,-99999,-99999,,2.866013,2.688385
740.5397,-0.013113,-0.002434,-0.021779,0.296906,0.070618,0.952286,-99999,-99999,-99999,,2.974823,2.672592
740.551,-0.013113,-0.002434,-0.021779,0.296906,0.070618,0.952286,-99999,-99999,-99999,,2.974823,2.672592
740.5618,-0.026662,-0.002471,-0.0219,0.34993,0.05191,0.935318,-99999,-99999,-99999,,2.989136,2.813065
740.5731,-0.032014,-0.002228,-0.022894,0.430649,0.040833,0.901581,-99999,-99999,-99999,,3.078171,2.684265
740.584,-0.002613,-0.002769,-0.021641,0.511887,0.054764,0.8573,-99999,-99999,-99999,,3.159317,2.646103
740.5953,-0.002613,-0.002769,-0.021641,0.511887,0.054764,0.8573,-99999,-99999,-99999,,3.159317,2.646103
740.6063,-0.002825,-0.003002,-0.021228,0.57753,0.051102,0.814758,-99999,-99999,-99999,,3.044235,2.617142
740.6174,-0.032889,-0.002667,-0.022198,0.622467,0.059021,0.780396,-99999,-99999,-99999,,-1,2.612213
740.6286,-0.032889,-0.002667,-0.022198,0.622467,0.059021,0.780396,-99999,-99999,-99999,,-1,2.612213
740.6396,-0.03282,-0.002711,-0.021983,0.655594,0.047348,0.753616,-99999,-99999,-99999,,3.193695,2.940552
740.6506,-0.033158,-0.002142,-0.023909,0.634872,0.052673,0.770813,-99999,-99999,-99999,,-1,3.058121
740.6618,-0.033158,-0.002142,-0.023909,0.634872,0.052673,0.770813,-99999,-99999,-99999,,-1,3.058121
740.673,-0.033136,-0.002699,-0.022224,0.679306,0.073349,0.730164,-99999,-99999,-99999,,-1,3.222839
740.684,-0.033133,-0.00283,-0.021847,0.705216,0.079681,0.704498,-99999,-99999,-99999,,-1,3.241074
740.6951,-0.033138,-0.00281,-0.021858,0.708923,0.073746,0.701401,-99999,-99999,-99999,,-1,3.223373
740.7063,-0.033138,-0.00281,-0.021858,0.708923,0.073746,0.701401,-99999,-99999,-99999,,-1,3.223373
740.7175,-0.033098,-0.00301,-0.021317,0.727737,0.082123,0.680893,-99999,-99999,-99999,,-1,3.150681
740.7286,-0.033097,-0.002958,-0.021593,0.723099,0.077042,0.686417,-99999,-99999,-99999,,-1,3.135788
740.7396,-0.033117,-0.002974,-0.021424,0.729767,0.093246,0.677292,-99999,-99999,-99999,,-1,3.284393
740.7508,-0.033117,-0.002974,-0.021424,0.729767,0.093246,0.677292,-99999,-99999,-99999,,-1,3.284393
740.7618,-0.033151,-0.002804,-0.021783,0.71756,0.083252,0.691498,-99999,-99999,-99999,,-1,3.157486
740.7728,-0.033102,-0.002525,-0.022211,0.682175,0.046295,0.729706,-99999,-99999,-99999,,-1,3.057327
740.7841,-0.033102,-0.002525,-0.022211,0.682175,0.046295,0.729706,-99999,-99999,-99999,,-1,3.057327
740.7952,-0.032891,-0.002453,-0.022026,0.645279,0.063339,0.761307,-99999,-99999,-99999,,-1,2.881592
740.8063,-0.032906,-0.001859,-0.023779,0.589874,0.083542,0.803146,-99999,-99999,-99999,,-1,3.042892
740.8173,-0.032704,-0.001359,-0.024917,0.533646,0.030243,0.845154,8.307476,0,27.19924,Ground,-1,2.536682
740.8285,-0.032704,-0.001359,-0.024917,0.533646,0.030243,0.845154,8.34556,0,24.32598,Ground,-1,2.536682
740.8396,-0.032331,-0.001717,-0.023175,0.503601,0.096039,0.858566,-99999,-99999,-99999,,-1,2.830704
740.8505,-0.032154,-0.001193,-0.024258,0.432617,0.069885,0.89885,12.21557,0,42.00113,Ground,-1,2.768829
740.8618,-0.032154,-0.001193,-0.024258,0.432617,0.069885,0.89885,12.45554,0,38.05677,Ground,-1,2.768829
740.8729,-0.031841,-0.001267,-0.023312,0.401779,0.09436,0.910858,-99999,-99999,-99999,,-1,2.889725
740.8839,-0.031658,-0.000783,-0.024506,0.318146,0.082581,0.944428,10.86236,0,41.27179,Ground,-1,2.666077
740.8951,-0.031658,-0.000783,-0.024506,0.318146,0.082581,0.944428,11.02537,0,37.12931,Ground,-1,2.666077
740.9061,-0.031402,-0.000368,-0.025443,0.268677,0.081665,0.959747,8.813417,0,32.22972,Ground,-1,2.762466
740.9175,-0.029357,-0.000655,-0.024589,0.229797,0.114792,0.966431,-99999,-99999,-99999,,3.128189,2.726471
740.9283,-0.028557,-0.001095,-0.02319,0.235443,0.12677,0.963577,-99999,-99999,-99999,,3.124084,2.912781
740.9396,-0.028557,-0.001095,-0.02319,0.235443,0.12677,0.963577,-99999,-99999,-99999,,3.124084,2.912781
740.9507,-0.023803,-0.001463,-0.022423,0.19075,0.136063,0.972153,-99999,-99999,-99999,,3.092514,2.939926
740.9618,-0.025889,-0.001216,-0.023215,0.146484,0.14859,0.977982,-99999,-99999,-99999,,3.044998,2.760208
740.9728,-0.025889,-0.001216,-0.023215,0.146484,0.14859,0.977982,-99999,-99999,-99999,,3.044998,2.760208
740.9842,-0.02265,-0.001431,-0.022515,0.110031,0.162979,0.980469,-99999,-99999,-99999,,3.144714,2.843857
740.995,-0.014171,-0.002132,-0.020762,0.108475,0.198471,0.974075,-99999,-99999,-99999,,2.986359,2.958633
741.0061,-0.015207,-0.001982,-0.02104,0.067032,0.218826,0.97345,-99999,-99999,-99999,,2.99733,2.920029
741.0173,-0.015207,-0.001982,-0.02104,0.067032,0.218826,0.97345,-99999,-99999,-99999,,2.99733,2.920029
741.0284,-0.016094,-0.001547,-0.021937,0.041397,0.194962,0.979935,12.52055,0,36.60566,Ground,2.940628,2.937225
741.0396,-0.01621,-0.001813,-0.021498,0.11377,0.172272,0.978455,8.846609,0,19.40412,Ground,3.119812,3.132095
741.0506,-0.01621,-0.001813,-0.021498,0.11377,0.172272,0.978455,7.993625,0,16.33511,Ground,3.119812,3.132095
741.0618,-0.000047,-0.00151,-0.023398,0.121567,0.126526,0.984482,5.072213,0,9.527539,Ground,2.945465,2.884033
741.0728,0.010075,-0.002714,-0.020358,0.213425,0.10466,0.971329,5.04106,0,7.220122,Ground,3.134903,3.067291
741.0839,-0.005829,-0.002705,-0.020856,0.226547,0.078232,0.970841,4.298063,0,5.641874,Ground,3.285828,2.884171
741.0952,-0.005829,-0.002705,-0.020856,0.226547,0.078232,0.970841,4.109327,0,5.086098,Ground,3.285828,2.884171
741.106,-0.018301,-0.002791,-0.021091,0.238632,0.028534,0.970673,3.328766,0,3.795216,Ground,3.221527,2.869339
741.1173,-0.010421,-0.003123,-0.02102,0.237961,0.004593,0.971252,2.993748,0,3.227561,Ground,3.371353,3.03624
741.1284,0.017898,-0.003887,-0.019482,0.258621,0.007935,0.965942,3.034837,0,2.954562,Ground,3.360016,2.857407
741.1393,0.017898,-0.003887,-0.019482,0.258621,0.007935,0.965942,2.968923,0,2.727788,Ground,3.360016,2.857407
741.1506,0.018493,-0.003845,-0.019603,0.236038,-0.002151,0.971726,2.745375,0,2.498944,Ground,3.292862,2.991867
741.1617,0.023407,-0.001909,-0.026187,0.127884,-0.02565,0.991455,2.214463,0,2.410877,Ground,3.022705,2.992767
741.1728,0.023407,-0.001909,-0.026187,0.127884,-0.02565,0.991455,2.162355,0,2.223209,Ground,3.022705,2.992767
741.1841,0.015784,-0.002364,-0.024861,0.120819,-0.047928,0.991501,1.983881,0,1.959121,Ground,3.068008,3.00499
741.1951,-0.007077,-0.003691,-0.020405,0.214981,-0.101059,0.971359,1.917215,0,1.431655,Ground,3.257828,2.896286
741.2062,0.001468,-0.003902,-0.02035,0.183991,-0.109283,0.976822,1.781474,0,1.353553,Ground,3.115417,2.828918
741.2173,0.001468,-0.003902,-0.02035,0.183991,-0.109283,0.976822,1.742161,0,1.246664,Ground,3.115417,2.828918
741.2282,0.01449,-0.003671,-0.021135,0.161194,-0.130707,0.978226,1.60111,0,1.147556,Ground,3.112869,2.796646
741.2394,0.019832,-0.008186,-0.016604,0.050934,0.467514,0.882507,13.0023,0,10.41256,Ground,3.51796,2.926041
741.2504,0.019832,-0.008186,-0.016604,0.050934,0.467514,0.882507,11.0339,0,8.311049,Ground,3.51796,2.926041
741.2615,0.021115,-0.003655,-0.021139,0.159241,-0.171722,0.972183,1.377812,0,0.826443,Ground,2.944107,3.010056
741.2726,0.018105,-0.003537,-0.021579,0.147461,-0.212326,0.966003,1.215958,0,0.708711,Ground,2.907669,2.908234
741.2839,0.022785,-0.003847,-0.021474,0.145767,-0.200607,0.96875,1.197325,0,0.65178,Ground,3.072418,2.761032
741.295,0.022785,-0.003847,-0.021474,0.145767,-0.200607,0.96875,1.153866,0,0.5816,Ground,3.072418,2.761032
741.306,0.015087,-0.004103,-0.021503,0.135757,-0.194397,0.971466,1.115324,0,0.538996,Ground,2.881439,3.044006
741.3171,-0.025947,-0.004281,-0.020462,0.166611,-0.243195,0.955551,0.998249,0,0.380563,Ground,3.203079,3.032898
741.3282,-0.025947,-0.004281,-0.020462,0.166611,-0.243195,0.955551,0.963774,0,0.332547,Ground,3.203079,3.032898
741.3394,-0.029156,-0.0041,-0.020521,0.165619,-0.246399,0.954895,0.924247,0,0.286046,Ground,3.123978,3.0103
741.3505,-0.028221,-0.00368,-0.021283,0.132492,-0.24382,0.960724,0.880828,0,0.304412,Ground,3.074463,2.873993
741.3615,-0.015004,-0.003754,-0.021307,0.115128,-0.243744,0.962967,0.849103,0,0.294808,Ground,3.068573,2.876953
741.3727,-0.015004,-0.003754,-0.021307,0.115128,-0.243744,0.962967,0.834273,0,0.259919,Ground,3.068573,2.876953
741.3846,-0.00429,-0.003801,-0.021467,0.123261,-0.242447,0.962296,0.829044,0,0.214074,Ground,3.060379,2.825119
741.3948,0.012322,-0.003974,-0.021661,0.120651,-0.261093,0.957733,0.777213,0,0.174968,Ground,3.101822,2.959457
741.4061,0.012322,-0.003974,-0.021661,0.120651,-0.261093,0.957733,0.76036,0,0.145419,Ground,3.101822,2.959457
741.4171,0.025028,-0.004212,-0.021623,0.120102,-0.278381,0.952911,0.706443,0,0.108408,Ground,3.130066,2.863907
741.4282,0.028741,-0.004466,-0.021877,0.122467,-0.301849,0.94545,0.642529,0,0.067997,Ground,3.262512,2.903137
741.4393,0.028741,-0.004466,-0.021877,0.122467,-0.301849,0.94545,0.619255,0,0.043427,Ground,3.262512,2.903137
741.4503,0.0275,-0.004867,-0.021944,0.121201,-0.329712,0.936264,0.543259,0,0.01062,Ground,3.042221,2.815445
741.4616,0.02606,-0.005119,-0.022218,0.124359,-0.3508,0.928146,0.481855,0,-0.024539,Ground,2.982224,3.000839
741.4726,0.023768,-0.005584,-0.021775,0.09642,-0.398575,0.912048,0.364723,0,-0.017214,Ground,3.057404,2.90625
741.4838,0.023768,-0.005584,-0.021775,0.09642,-0.398575,0.912048,0.339377,0,-0.032555,Ground,3.057404,2.90625
741.4948,0.029057,-0.00802,-0.015493,0.26001,-0.357834,0.896835,0.427173,0,-0.299082,Ground,3.137436,2.775757
741.506,0.029613,-0.005687,-0.022216,0.072418,-0.402145,0.912689,0.278421,0,-0.021411,Ground,2.918289,2.823273
741.517,0.029613,-0.005687,-0.022216,0.072418,-0.402145,0.912689,0.254594,0,-0.031977,Ground,2.918289,2.823273
741.5281,0.029689,-0.005701,-0.022218,0.064392,-0.410324,0.909653,0.215835,0,-0.031524,Ground,-1,2.896927
741.5392,0.029717,-0.005721,-0.022264,0.060806,-0.416046,0.907303,0.185187,0,-0.035623,Ground,-1,2.916748
741.5503,0.029005,-0.005616,-0.022115,0.052094,-0.411301,0.910004,0.176672,0,-0.025848,Ground,2.872696,2.913803
741.5615,0.029005,-0.005616,-0.022115,0.052094,-0.411301,0.910004,0.164493,0,-0.029957,Ground,2.872696,2.913803
741.5726,-0.025784,-0.005292,-0.022097,0.004364,-0.488846,0.872345,0.018357,0,0.019825,Ground,2.811676,2.823532
741.5837,-0.026848,-0.005105,-0.02191,0.010513,-0.454849,0.890503,0.066725,0,0.01609,Ground,2.892899,2.811905
741.5948,-0.026848,-0.005105,-0.02191,0.010513,-0.454849,0.890503,0.057609,0,0.013576,Ground,2.892899,2.811905
741.6059,0.020651,-0.005272,-0.021352,0.048508,-0.409714,0.910919,0.126656,0,-0.038333,Ground,3.030411,2.816925
741.6171,0.029638,-0.005276,-0.021498,0.049805,-0.393341,0.91803,0.142034,0,-0.043233,Ground,2.871643,2.816345
741.6282,0.029929,-0.005263,-0.021606,0.049805,-0.388611,0.920044,0.137753,0,-0.04922,Ground,2.914154,2.835663
741.6393,0.029929,-0.005263,-0.021606,0.049805,-0.388611,0.920044,0.125884,0,-0.056002,Ground,2.914154,2.835663
741.6504,0.029536,-0.005243,-0.021793,0.048615,-0.381546,0.923065,0.126717,0,-0.060372,Ground,2.91893,2.74942
741.6616,0.009176,-0.005204,-0.021901,0.027176,-0.388535,0.921021,0.10438,0,-0.035798,Ground,2.917831,2.726395
741.6725,0.009176,-0.005204,-0.021901,0.027176,-0.388535,0.921021,0.096796,0,-0.042034,Ground,2.917831,2.726395
741.6838,-0.013029,-0.005032,-0.022199,0.000076,-0.396668,0.917954,0.075893,0,-0.009255,Ground,2.959229,2.746933
741.6948,-0.01494,-0.005033,-0.022023,-0.005203,-0.370209,0.928925,0.113112,0,-0.007947,Ground,2.962753,2.792114
741.7058,0.002471,-0.005109,-0.021932,0.009766,-0.362381,0.931976,0.121869,0,-0.037838,Ground,2.950058,2.835281
741.7172,0.002471,-0.005109,-0.021932,0.009766,-0.362381,0.931976,0.11731,0,-0.046101,Ground,2.950058,2.835281
741.7281,0.017137,-0.005205,-0.021889,0.005966,-0.308426,0.951218,0.199103,0,-0.048089,Ground,2.827484,2.794571
741.7392,0.016701,-0.00523,-0.021688,-0.000824,-0.309235,0.950974,0.194863,0,-0.044986,Ground,2.942535,2.748108
741.7504,0.016701,-0.00523,-0.021688,-0.000824,-0.309235,0.950974,0.191571,0,-0.050193,Ground,2.942535,2.748108
741.7614,0.013045,-0.005174,-0.021953,-0.007904,-0.301971,0.953278,0.20004,0,-0.045052,Ground,2.992706,2.825378
741.7725,-0.008792,-0.005111,-0.021868,-0.03624,-0.314438,0.948578,0.179066,0,-0.006834,Ground,2.815582,2.805267
741.7836,-0.011415,-0.00518,-0.021812,-0.045166,-0.312317,0.948898,0.180627,0,0.001897,Ground,2.820206,2.723831
741.7947,-0.011415,-0.00518,-0.021812,-0.045166,-0.312317,0.948898,0.178387,0,-0.002973,Ground,2.820206,2.723831
741.8058,-0.013158,-0.005176,-0.021853,-0.048309,-0.311997,0.948853,0.176044,0,-0.002959,Ground,2.870163,2.722916
741.817,-0.025128,-0.005086,-0.022012,-0.061615,-0.316071,0.946732,0.166782,0,0.012972,Ground,2.781662,2.720474
741.828,-0.025128,-0.005086,-0.022012,-0.061615,-0.316071,0.946732,0.162877,0,0.009302,Ground,2.781662,2.720474
741.8392,-0.025111,-0.005128,-0.02227,-0.016907,-0.320404,0.947113,0.1485,0,-0.05838,Ground,2.881332,2.738113
741.8502,-0.026369,-0.005195,-0.022156,-0.027802,-0.304688,0.952042,0.168942,0,-0.046982,Ground,2.77742,2.667221
741.8615,-0.025228,-0.00523,-0.022127,-0.028,-0.302109,0.95285,0.168769,0,-0.049975,Ground,2.930923,2.699173
741.8725,-0.025228,-0.00523,-0.022127,-0.028,-0.302109,0.95285,0.165427,0,-0.053614,Ground,2.930923,2.699173
741.8837,-0.023654,-0.005286,-0.022143,-0.034515,-0.300369,0.953186,0.167183,0,-0.047862,Ground,2.868317,2.720322
741.8947,-0.024439,-0.005246,-0.022108,-0.042679,-0.304916,0.951416,0.160723,0,-0.038426,Ground,2.717941,2.624176
741.9058,-0.024439,-0.005246,-0.022108,-0.042679,-0.304916,0.951416,0.160164,0,-0.04076,Ground,2.717941,2.624176
741.9171,-0.024498,-0.00522,-0.022113,-0.051025,-0.291321,0.955246,0.181449,0,-0.03297,Ground,2.818527,2.736053
741.928,-0.021041,-0.005265,-0.022085,-0.049713,-0.288086,0.956299,0.187302,0,-0.037533,Ground,2.810928,2.746262
741.9391,-0.020035,-0.005309,-0.022049,-0.04808,-0.288284,0.956329,0.186855,0,-0.041917,Ground,2.792053,2.734116
741.9503,-0.020035,-0.005309,-0.022049,-0.04808,-0.288284,0.956329,0.186999,0,-0.04377,Ground,2.792053,2.734116
741.9614,-0.021638,-0.005337,-0.022047,-0.048737,-0.28273,0.957947,0.195298,0,-0.045706,Ground,2.818573,2.746948
741.9725,-0.011174,-0.005454,-0.021996,-0.041092,-0.283402,0.958115,0.193453,0,-0.058628,Ground,2.845062,2.749008
741.9836,-0.011174,-0.005454,-0.021996,-0.041092,-0.283402,0.958115,0.194501,0,-0.060438,Ground,2.845062,2.749008
741.9946,-0.000958,-0.005553,-0.021937,-0.033569,-0.285339,0.957825,0.192685,0,-0.072166,Ground,2.853745,2.747726
742.0057,0.024681,-0.005843,-0.021859,-0.013107,-0.276733,0.960846,0.206289,0,-0.104068,Ground,2.855484,2.695084
742.017,0.024681,-0.005843,-0.021859,-0.013107,-0.276733,0.960846,0.210363,0,-0.105474,Ground,2.855484,2.695084
742.028,0.013866,-0.005902,-0.021868,-0.027771,-0.266235,0.963501,0.233281,0,-0.087084,Ground,2.857391,2.678574
742.0392,0.010625,-0.005928,-0.02193,-0.035233,-0.272034,0.961639,0.230296,0,-0.077272,Ground,2.853683,2.717331
742.0502,-0.00316,-0.005881,-0.022143,-0.05426,-0.273727,0.960266,0.234212,0,-0.051775,Ground,2.856369,2.794327
742.0612,-0.00316,-0.005881,-0.022143,-0.05426,-0.273727,0.960266,0.236059,0,-0.054375,Ground,2.856369,2.794327
742.0724,-0.021048,-0.005915,-0.022302,-0.069763,-0.284103,0.956238,0.222678,0,-0.03359,Ground,2.709244,2.682343
742.0837,-0.027533,-0.005928,-0.022322,-0.071747,-0.276932,0.958191,0.235504,0,-0.034682,Ground,2.760925,2.650162
742.0945,-0.027533,-0.005928,-0.022322,-0.071747,-0.276932,0.958191,0.239785,0,-0.038357,Ground,2.760925,2.650162
742.1058,-0.028001,-0.005957,-0.022306,-0.073074,-0.288574,0.954651,0.229594,0,-0.038024,Ground,2.801361,2.65834
742.1168,-0.007145,-0.007388,-0.021989,-0.055206,-0.115967,0.991715,0.502505,0,-0.087221,Ground,2.903336,2.66156
742.1279,0.012418,-0.00754,-0.022017,-0.034561,-0.103638,0.994003,0.527359,0,-0.12181,Ground,2.815994,2.832947
742.1392,0.012418,-0.00754,-0.022017,-0.034561,-0.103638,0.994003,0.531741,0,-0.123836,Ground,2.815994,2.832947
742.15,0.029355,-0.007125,-0.021489,-0.024384,-0.232178,0.972351,0.330905,0,-0.123573,Ground,2.778595,2.626373
742.1612,0.030068,-0.012287,-0.014198,-0.099426,0.279373,0.955017,1.280334,0,-0.06119,Ground,3.096725,2.716019
742.1723,0.030068,-0.012287,-0.014198,-0.099426,0.279373,0.955017,1.273773,0,-0.063193,Ground,3.096725,2.716019
742.1836,0.030662,-0.007568,-0.020705,-0.02684,-0.209702,0.977387,0.358709,0,-0.126204,Ground,2.778397,2.70961
742.1946,0.028974,-0.010162,-0.017666,-0.054413,0.06897,0.996124,0.819867,0,-0.123149,Ground,2.902847,2.702698
742.2057,0.008658,-0.00718,-0.021439,-0.044189,-0.261749,0.964111,0.286005,0,-0.100156,Ground,2.727798,2.668472
742.2168,0.008658,-0.00718,-0.021439,-0.044189,-0.261749,0.964111,0.291944,0,-0.104031,Ground,2.727798,2.668472
742.2278,0.007319,-0.007108,-0.021509,-0.054565,-0.283829,0.957306,0.266083,0,-0.09043,Ground,2.709305,2.665634
742.2391,0.027345,-0.007372,-0.021029,-0.048126,-0.263748,0.963379,0.302635,0,-0.106079,Ground,2.709442,2.66832
742.25,0.027345,-0.007372,-0.021029,-0.048126,-0.263748,0.963379,0.308412,0,-0.109997,Ground,2.709442,2.66832
742.2612,0.026147,-0.007331,-0.021034,-0.050278,-0.270111,0.961502,0.303718,0,-0.11006,Ground,2.699951,2.657501
742.2722,0.02221,-0.007287,-0.021109,-0.054291,-0.280899,0.958191,0.290298,0,-0.106599,Ground,2.694229,2.677444
742.2835,0.014779,-0.007218,-0.021275,-0.062607,-0.296219,0.953064,0.269061,0,-0.096344,Ground,2.696442,2.60257
742.2946,0.014779,-0.007218,-0.021275,-0.062607,-0.296219,0.953064,0.269634,0,-0.099282,Ground,2.696442,2.60257
742.3055,0.010664,-0.007268,-0.02131,-0.071106,-0.293198,0.9534,0.27639,0,-0.090311,Ground,2.705719,2.704834
742.3167,-0.005291,-0.007098,-0.02152,-0.08786,-0.315872,0.944717,0.244826,0,-0.066104,Ground,2.707245,2.648834
742.3279,-0.005291,-0.007098,-0.02152,-0.08786,-0.315872,0.944717,0.248744,0,-0.068534,Ground,2.707245,2.648834
742.3391,-0.012929,-0.006928,-0.021735,-0.097473,-0.32576,0.940399,0.238358,0,-0.056003,Ground,2.709061,2.736771
742.35,-0.004758,-0.007015,-0.021615,-0.09346,-0.326874,0.94043,0.240377,0,-0.063474,Ground,2.701752,2.705475
742.3611,-0.004451,-0.007024,-0.021714,-0.094315,-0.322464,0.941864,0.249881,0,-0.063796,Ground,2.679932,2.719452
742.3723,-0.004451,-0.007024,-0.021714,-0.094315,-0.322464,0.941864,0.251095,0,-0.063987,Ground,2.679932,2.719452
742.3837,0.002617,-0.007183,-0.021616,-0.09697,-0.310196,0.945709,0.270888,0,-0.060982,Ground,2.677689,2.717331
742.3945,0.000723,-0.007204,-0.021608,-0.09108,-0.320709,0.94278,0.255656,0,-0.068404,Ground,2.690933,2.62854
742.4057,0.000723,-0.007204,-0.021608,-0.09108,-0.320709,0.94278,0.257093,0,-0.067411,Ground,2.690933,2.62854
742.4166,-0.011305,-0.007126,-0.021657,-0.102753,-0.33046,0.938202,0.244327,0,-0.04859,Ground,2.689392,2.644684
742.4277,-0.01198,-0.007084,-0.021843,-0.10141,-0.328461,0.939041,0.249595,0,-0.049643,Ground,2.661011,2.627579
742.439,-0.003867,-0.007135,-0.022022,-0.093704,-0.313568,0.944916,0.274602,0,-0.061135,Ground,2.667816,2.622864
742.4502,-0.003867,-0.007135,-0.022022,-0.093704,-0.313568,0.944916,0.276205,0,-0.060131,Ground,2.667816,2.622864
742.4611,-0.003562,-0.007088,-0.022045,-0.093933,-0.321747,0.942154,0.264608,0,-0.058432,Ground,2.677567,2.622269
742.4722,-0.002047,-0.007102,-0.022022,-0.092224,-0.325119,0.941147,0.2609,0,-0.059624,Ground,2.680878,2.623016
742.4833,-0.002047,-0.007102,-0.022022,-0.092224,-0.325119,0.941147,0.261647,0,-0.058395,Ground,2.680878,2.623016
742.4944,0.000063,-0.00712,-0.022014,-0.089859,-0.323212,0.942047,0.26531,0,-0.060835,Ground,2.680481,2.626938
742.5056,0.005287,-0.007157,-0.022006,-0.085175,-0.32074,0.943329,0.268931,0,-0.066088,Ground,2.697174,2.622299
742.5167,0.014081,-0.007205,-0.022037,-0.078888,-0.314804,0.945862,0.277488,0,-0.074522,Ground,2.708405,2.612518
742.5277,0.014081,-0.007205,-0.022037,-0.078888,-0.314804,0.945862,0.276449,0,-0.07284,Ground,2.708405,2.612518
742.5388,0.01721,-0.007217,-0.022047,-0.074539,-0.314514,0.946304,0.274788,0,-0.077279,Ground,2.718628,2.590988
742.5501,0.017724,-0.008422,-0.024998,-0.005981,0.091492,0.995773,0.947098,0,-0.210499,Ground,2.725601,2.570129
742.561,0.017724,-0.008422,-0.024998,-0.005981,0.091492,0.995773,0.94131,0,-0.208208,Ground,2.725601,2.570129
742.5722,0.003247,-0.007791,-0.023376,-0.060654,-0.140976,0.988144,0.53221,0,-0.101899,Ground,2.680191,2.5905
742.5834,-0.009688,-0.007773,-0.023165,-0.067886,-0.170776,0.982956,0.480021,0,-0.086873,Ground,2.773819,2.572845
742.5944,-0.009688,-0.007773,-0.023165,-0.067886,-0.170776,0.982956,0.475914,0,-0.084689,Ground,2.773819,2.572845
742.6055,-0.009252,-0.007372,-0.022948,-0.074738,-0.254684,0.964127,0.343565,0,-0.067719,Ground,2.675705,2.562119
742.6166,-0.005358,-0.007218,-0.021934,-0.093277,-0.338867,0.936188,0.213035,0,-0.033616,Ground,2.694,2.552383
742.6277,0.010182,-0.007283,-0.021965,-0.073486,-0.316559,0.945709,0.246539,0,-0.063347,Ground,2.700684,2.712387
742.6388,0.010182,-0.007283,-0.021965,-0.073486,-0.316559,0.945709,0.245349,0,-0.062724,Ground,2.700684,2.712387
742.6499,0.013981,-0.007314,-0.021896,-0.072342,-0.319534,0.944794,0.23908,0,-0.062925,Ground,2.703476,2.572037
742.6609,0.007748,-0.007316,-0.021783,-0.077515,-0.319443,0.944428,0.235789,0,-0.05444,Ground,2.706909,2.651855
742.6722,0.007748,-0.007316,-0.021783,-0.077515,-0.319443,0.944428,0.230517,0,-0.05277,Ground,2.706909,2.651855
742.6833,0.003661,-0.007268,-0.021468,-0.084229,-0.336762,0.937805,0.197404,0,-0.039332,Ground,2.717804,2.650375
742.6945,-0.015357,-0.006982,-0.021656,-0.099609,-0.349594,0.93158,0.173247,0,-0.013406,Ground,2.709854,2.710541
742.7056,-0.015357,-0.006982,-0.021656,-0.099609,-0.349594,0.93158,0.170881,0,-0.01149,Ground,2.709854,2.710541
742.7168,-0.02272,-0.006816,-0.021847,-0.101181,-0.355057,0.929352,0.161866,0,-0.007216,Ground,2.656464,2.672455
742.7276,-0.022059,-0.007258,-0.021773,-0.105957,-0.284332,0.952835,0.270218,0,-0.004816,Ground,2.879562,2.670746
742.7388,-0.016364,-0.006928,-0.021728,-0.101105,-0.339996,0.934967,0.18267,0,-0.004578,Ground,2.651337,2.671463
742.7498,-0.016364,-0.006928,-0.021728,-0.101105,-0.339996,0.934967,0.17949,0,-0.001735,Ground,2.651337,2.671463
742.7609,0.001574,-0.007161,-0.02147,-0.084808,-0.315735,0.945038,0.212076,0,-0.024581,Ground,2.647797,2.672134
742.7722,-0.009732,-0.007044,-0.021632,-0.089905,-0.325684,0.941193,0.192062,0,-0.012441,Ground,2.652695,2.672577
742.7833,-0.009732,-0.007044,-0.021632,-0.089905,-0.325684,0.941193,0.188365,0,-0.008463,Ground,2.652695,2.672577
742.7944,-0.011535,-0.007015,-0.021672,-0.090179,-0.328217,0.940277,0.182882,0,-0.003702,Ground,2.651764,2.684845
742.8054,-0.005947,-0.007075,-0.021581,-0.084137,-0.322296,0.942886,0.191226,0,-0.0086,Ground,2.654877,2.67923
742.8165,-0.011016,-0.007007,-0.021678,-0.087311,-0.325607,0.941452,0.186904,0,0.001429,Ground,2.669144,2.672974
742.8276,-0.011016,-0.007007,-0.021678,-0.087311,-0.325607,0.941452,0.187841,0,0.006959,Ground,2.669144,2.672974
742.8389,-0.025497,-0.006911,-0.021858,-0.096741,-0.33316,0.937882,0.177539,0,0.026438,Ground,2.711899,2.680008
742.8499,-0.027317,-0.006879,-0.021959,-0.09816,-0.332153,0.938095,0.179634,0,0.033954,Ground,2.745026,2.672501
742.8609,-0.027317,-0.006879,-0.021959,-0.09816,-0.332153,0.938095,0.178703,0,0.038735,Ground,2.745026,2.672501
742.8721,-0.021656,-0.006852,-0.021872,-0.089188,-0.337921,0.93692,0.167313,0,0.031434,Ground,2.682922,2.675934
742.8832,0.00075,-0.007106,-0.021533,-0.073425,-0.301483,0.950638,0.21902,0,0.010684,Ground,2.685349,2.680008
742.8942,-0.001142,-0.007086,-0.021578,-0.07222,-0.302673,0.950348,0.213362,0,0.013862,Ground,2.683868,2.678604
742.9053,-0.001142,-0.007086,-0.021578,-0.07222,-0.302673,0.950348,0.207964,0,0.018272,Ground,2.683868,2.678604
742.9166,-0.01863,-0.00695,-0.0225,-0.052734,-0.303085,0.951492,0.201174,0,-0.00562,Ground,2.678375,2.624405
742.9276,-0.025163,-0.006898,-0.022787,-0.050644,-0.310761,0.949127,0.183508,0,-0.004125,Ground,2.690399,2.612122
742.9389,-0.025163,-0.006898,-0.022787,-0.050644,-0.310761,0.949127,0.178351,0,-0.000768,Ground,2.690399,2.612122
742.9499,-0.022029,-0.006978,-0.022671,-0.041214,-0.304962,0.951462,0.183401,0,-0.012551,Ground,2.807434,2.613556
742.9609,-0.012731,-0.007071,-0.022442,-0.02977,-0.296509,0.954559,0.194465,0,-0.028449,Ground,2.771591,2.59819
742.9722,-0.002099,-0.00696,-0.022376,-0.022934,-0.297775,0.954346,0.192501,0,-0.037752,Ground,2.694885,2.649612
742.9832,-0.002099,-0.00696,-0.022376,-0.022934,-0.297775,0.954346,0.194526,0,-0.038541,Ground,2.694885,2.649612
742.9943,0.00668,-0.006986,-0.022213,-0.013855,-0.285461,0.958283,0.214536,0,-0.053618,Ground,2.671722,2.656082
743.0054,0.001479,-0.008418,-0.021303,-0.00502,-0.079559,0.996811,0.527657,0,-0.089499,Ground,2.834579,2.650894
743.0165,0.001479,-0.008418,-0.021303,-0.00502,-0.079559,0.996811,0.530491,0,-0.091383,Ground,2.834579,2.650894
743.0275,0.005094,-0.007061,-0.0221,-0.011459,-0.284729,0.958527,0.223548,0,-0.061646,Ground,2.762802,2.65065
743.0387,0.004621,-0.007079,-0.022106,-0.011032,-0.285385,0.958344,0.225799,0,-0.063949,Ground,2.800262,2.631836
743.0498,-0.006732,-0.007032,-0.022193,-0.021683,-0.293945,0.955566,0.217199,0,-0.04984,Ground,2.72084,2.664764
743.0609,-0.006732,-0.007032,-0.022193,-0.021683,-0.293945,0.955566,0.219929,0,-0.051577,Ground,2.72084,2.664764
743.072,-0.017194,-0.006909,-0.022334,-0.029999,-0.3069,0.951263,0.20387,0,-0.04061,Ground,2.706314,2.662704
743.083,-0.014285,-0.006959,-0.022286,-0.029022,-0.3022,0.952789,0.213155,0,-0.044828,Ground,2.721542,2.662231
743.0942,-0.014285,-0.006959,-0.022286,-0.029022,-0.3022,0.952789,0.214698,0,-0.047791,Ground,2.721542,2.662231
743.1054,-0.006702,-0.007099,-0.022235,-0.020813,-0.29364,0.955673,0.227456,0,-0.06298,Ground,2.606705,2.66243
743.1165,-0.010446,-0.007082,-0.022338,-0.016739,-0.295746,0.955109,0.223414,0,-0.070902,Ground,2.716766,2.64357
743.1275,-0.010446,-0.007082,-0.022338,-0.016739,-0.295746,0.955109,0.22227,0,-0.072927,Ground,2.716766,2.64357
743.1387,-0.020737,-0.006942,-0.022477,-0.025467,-0.315292,0.948639,0.190939,0,-0.059884,Ground,2.698029,2.622559
743.1497,-0.022475,-0.006946,-0.02251,-0.025955,-0.31311,0.949356,0.192038,0,-0.06117,Ground,2.570435,2.622269
743.1608,-0.022563,-0.007008,-0.022533,-0.029022,-0.30542,0.951767,0.202827,0,-0.059485,Ground,2.620117,2.599792
743.1719,-0.022563,-0.007008,-0.022533,-0.029022,-0.30542,0.951767,0.203574,0,-0.061685,Ground,2.620117,2.599792
743.183,-0.006915,-0.007263,-0.022304,-0.022705,-0.28981,0.956802,0.229338,0,-0.074912,Ground,2.695572,2.594833
743.1943,-0.007043,-0.007198,-0.022315,-0.022842,-0.292725,0.955917,0.230107,0,-0.077009,Ground,2.711472,2.593887
743.2052,-0.007043,-0.007198,-0.022315,-0.022842,-0.292725,0.955917,0.236735,0,-0.079818,Ground,2.711472,2.593887
743.2165,-0.013927,-0.007062,-0.022511,-0.025635,-0.299103,0.953873,0.236254,0,-0.078482,Ground,2.704514,2.59436
743.2274,-0.011554,-0.006664,-0.022012,-0.016937,-0.240677,0.970444,0.336233,0,-0.099952,Ground,2.54097,2.661392
743.2386,-0.011554,-0.006664,-0.022012,-0.016937,-0.240677,0.970444,0.350114,0,-0.10407,Ground,2.54097,2.661392
743.2499,0.029208,-0.006111,-0.022079,-0.015656,-0.107666,0.994049,0.573262,0,-0.122538,Ground,2.663849,2.583405
743.2607,-0.029391,-0.004729,-0.022559,0.029678,0.026169,0.999207,0.81295,0,-0.212455,Ground,2.67598,2.65094
743.2719,-0.029395,-0.004285,-0.021903,0.059875,0.075851,0.995316,0.928357,0,-0.275824,Ground,2.475861,2.579544
743.2831,-0.029395,-0.004285,-0.021903,0.059875,0.075851,0.995316,0.954745,0,-0.282369,Ground,2.475861,2.579544
743.2941,0,0,0,0,0,1,-99999,-99999,-99999,,2.510559,-1
743.3051,0,0,0,0,0,1,-99999,-99999,-99999,,4.139206,2.18158
743.3163,0,0,0,0,0,1,-99999,-99999,-99999,,4.139206,2.18158
743.3275,0,0,0,0,0,1,-99999,-99999,-99999,,3.179962,2.29187
743.3385,0,0,0,0,0,1,-99999,-99999,-99999,,2.637894,-1
743.3497,0,0,0,0,0,1,-99999,-99999,-99999,,-1,-1
743.3608,0,0,0,0,0,1,-99999,-99999,-99999,,-1,-1
743.3718,-0.029055,-0.003701,-0.020249,0.059372,0.465561,0.883011,2.551979,0,-0.483395,Ground,-1,3.005936
743.3829,0.031548,-0.000417,-0.032187,0.033646,0.314682,0.948593,1.894302,0,-0.354794,Ground,2.611237,-1
743.3941,0.031548,-0.000417,-0.032187,0.033646,0.314682,0.948593,1.946809,0,-0.363904,Ground,2.611237,-1
743.4052,0.031512,-0.001091,-0.030172,0.002121,0.343002,0.939316,2.115688,0,-0.30384,Ground,2.591949,-1
743.4163,0,0,0,0,0,1,-99999,-99999,-99999,,-1,-1
743.4275,0,0,0,0,0,1,-99999,-99999,-99999,,-1,-1
743.4385,-0.027502,-0.011132,0.001593,0.231735,0.748291,0.621567,31.5966,0,-9.863424,Ground,-1,4.066238
743.4496,0.031644,-0.001039,-0.030638,0.025284,0.313507,0.949234,2.300919,0,-0.374188,Ground,2.539841,3.406128
743.4607,0.031676,-0.000453,-0.032217,0.033249,0.281647,0.958939,2.254137,0,-0.387728,Ground,2.528931,3.06723
743.4719,0.031676,-0.000453,-0.032217,0.033249,0.281647,0.958939,2.355582,0,-0.393775,Ground,2.528931,3.06723
743.483,0.031508,-0.000055,-0.033135,0.041061,0.258423,0.965149,2.349709,0,-0.411228,Ground,2.415649,2.966583
743.4942,0.021735,-0.002186,-0.026048,0.015167,0.306442,0.951752,2.728397,0,-0.36333,Ground,2.622513,2.807388
743.5051,0.021735,-0.002186,-0.026048,0.015167,0.306442,0.951752,2.886234,0,-0.370991,Ground,2.622513,2.807388
743.5164,-0.003029,-0.003475,-0.020848,-0.023972,0.33345,0.942444,3.292588,0,-0.255572,Ground,2.719513,2.715759
743.5273,0.032028,0.003392,-0.040558,0.084427,0.15564,0.984192,2.386728,0,-0.51665,Ground,2.321991,-1
743.5386,0.019885,-0.000075,-0.02882,0.092773,0.318405,0.94339,3.848643,0,-0.735408,Ground,2.466751,3.798187
743.5497,0.019885,-0.000075,-0.02882,0.092773,0.318405,0.94339,4.240275,0,-0.778212,Ground,2.466751,3.798187
743.5609,0.031749,0.00144,-0.033716,0.0298,0.248673,0.968124,3.752529,0,-0.441697,Ground,2.493103,-1
743.572,0.031698,0.001261,-0.033146,0.023499,0.257095,0.966095,4.225962,0,-0.429729,Ground,2.499481,-1
743.583,0.031698,0.001261,-0.033146,0.023499,0.257095,0.966095,4.67149,0,-0.436282,Ground,2.499481,-1
743.594,0.031538,0.000554,-0.030956,0.001953,0.285202,0.95845,5.754663,0,-0.345715,Ground,2.553024,-1
743.6051,0.031312,-0.000406,-0.028043,-0.012222,0.325989,0.945282,7.928888,0,-0.274301,Ground,2.637283,-1
743.6161,0.021407,-0.001795,-0.023788,0.059891,0.387268,0.920013,16.23751,0,-1.524681,Ground,2.54454,3.993454
743.6273,0.021407,-0.001795,-0.023788,0.059891,0.387268,0.920013,22.72474,0,-1.968612,Ground,2.54454,3.993454
743.6384,0.028349,0.002449,-0.037763,0.10524,0.187775,0.976547,6.289268,0,-0.898733,Ground,2.326019,2.978485
743.6497,0.031234,0.002275,-0.03777,0.107864,0.159378,0.981293,6.180093,0,-0.864741,Ground,2.418961,2.625305
743.6608,0.031234,0.002275,-0.03777,0.107864,0.159378,0.981293,6.750053,0,-0.889458,Ground,2.418961,2.625305
743.6717,0.031208,0.001225,-0.035172,0.09285,0.154404,0.983627,7.15476,0,-0.778008,Ground,2.436447,2.665009
743.6831,0.025451,-0.004111,-0.0198,-0.046066,0.2733,0.960815,17.16657,0,0.784595,Ground,2.929688,2.57605
743.6939,0.026221,-0.004332,-0.019517,-0.041138,0.268402,0.962418,19.42679,0,0.910221,Ground,2.766602,2.819504
743.7051,0.026221,-0.004332,-0.019517,-0.041138,0.268402,0.962418,24.28782,0,1.298919,Ground,2.766602,2.819504
743.7163,0.025729,-0.004425,-0.01943,-0.033356,0.251846,0.967178,24.11843,0,1.214954,Ground,2.908646,2.670151
743.7273,0.022755,-0.004266,-0.019581,-0.017853,0.217728,0.97583,19.10815,0,0.739986,Ground,2.936035,2.611176
743.7384,0.022755,-0.004266,-0.019581,-0.017853,0.217728,0.97583,24.35324,0,1.068469,Ground,2.936035,2.611176
743.7495,0.017085,-0.00332,-0.020663,-0.021118,0.259827,0.965408,-99999,-99999,-99999,,2.881546,2.553452
743.7606,-0.012623,-0.001921,-0.023008,0.008301,0.258713,0.965912,-99999,-99999,-99999,,2.995865,2.655853
743.7716,-0.026924,-0.001399,-0.024044,0.02713,0.226852,0.973541,-99999,-99999,-99999,,2.985611,2.60965
743.7829,-0.026924,-0.001399,-0.024044,0.02713,0.226852,0.973541,-99999,-99999,-99999,,2.985611,2.60965
743.7939,-0.028729,-0.001401,-0.024519,0.01825,0.208069,0.977936,-99999,-99999,-99999,,2.95076,2.606567
743.8051,-0.027573,-0.001279,-0.025217,0.009171,0.194855,0.980774,-99999,-99999,-99999,,2.926254,2.60614
743.8161,-0.027573,-0.001279,-0.025217,0.009171,0.194855,0.980774,-99999,-99999,-99999,,2.926254,2.60614
743.8272,-0.019373,-0.001388,-0.025241,0.006653,0.184311,0.982834,-99999,-99999,-99999,,2.918106,2.541214
743.8383,-0.005939,-0.001964,-0.023713,0.026077,0.189728,0.981476,-99999,-99999,-99999,,2.891876,2.510529
743.8495,-0.009585,-0.002509,-0.021988,0.057693,0.183304,0.981354,-99999,-99999,-99999,,2.865372,2.660507
743.8606,-0.009585,-0.002509,-0.021988,0.057693,0.183304,0.981354,-99999,-99999,-99999,,2.865372,2.660507
743.8717,0.006569,-0.002129,-0.023497,0.04097,0.169067,0.984741,-99999,-99999,-99999,,2.849823,2.554031
743.8829,0.012172,-0.002629,-0.022502,0.122147,0.151733,0.980835,-99999,-99999,-99999,,2.806717,2.559738
743.8939,0.012172,-0.002629,-0.022502,0.122147,0.151733,0.980835,-99999,-99999,-99999,,2.806717,2.559738
743.9051,-0.016885,-0.002304,-0.023259,0.127625,0.128418,0.98346,-99999,-99999,-99999,,2.82193,2.614014
743.9162,-0.016789,-0.002328,-0.023155,0.128128,0.124527,0.983902,-99999,-99999,-99999,,2.716354,2.5672
743.9271,-0.018527,-0.002321,-0.02312,0.12735,0.106094,0.98616,-99999,-99999,-99999,,2.83461,2.473892
743.9382,-0.018527,-0.002321,-0.02312,0.12735,0.106094,0.98616,-99999,-99999,-99999,,2.83461,2.473892
743.9494,-0.017658,-0.002658,-0.022489,0.138809,0.096146,0.985626,-99999,-99999,-99999,,2.864609,2.576416
743.9606,-0.019348,-0.002797,-0.022493,0.132217,0.091064,0.987015,-99999,-99999,-99999,,2.903641,2.66098
743.9717,-0.022309,-0.003063,-0.021898,0.135239,0.077286,0.987793,-99999,-99999,-99999,,2.779556,2.544907
743.9827,-0.022309,-0.003063,-0.021898,0.135239,0.077286,0.987793,-99999,-99999,-99999,,2.779556,2.544907
743.9938,-0.012739,-0.003177,-0.021687,0.136902,0.072372,0.98793,-99999,-99999,-99999,,2.754074,2.529404
744.0049,-0.003609,-0.003067,-0.021911,0.130478,0.065491,0.989273,-99999,-99999,-99999,,2.78949,2.481369
744.0162,-0.003609,-0.003067,-0.021911,0.130478,0.065491,0.989273,-99999,-99999,-99999,,2.78949,2.481369
744.0271,-0.001189,-0.003078,-0.021846,0.123749,0.062195,0.990356,-99999,-99999,-99999,,2.772598,2.592957
744.0382,-0.008391,-0.00298,-0.022032,0.116821,0.052017,0.991776,-99999,-99999,-99999,,2.746689,2.575577
744.0494,-0.008391,-0.00298,-0.022032,0.116821,0.052017,0.991776,-99999,-99999,-99999,,2.746689,2.575577
744.0604,-0.012882,-0.00298,-0.022061,0.117661,0.047424,0.991913,-99999,-99999,-99999,,2.710312,2.520187
744.0716,-0.014594,-0.002976,-0.022137,0.110886,0.038513,0.993073,-99999,-99999,-99999,,2.706223,2.444717
744.0827,-0.014972,-0.002947,-0.022173,0.109375,0.029358,0.993561,-99999,-99999,-99999,,2.705139,2.41037
744.0938,-0.014972,-0.002947,-0.022173,0.109375,0.029358,0.993561,-99999,-99999,-99999,,2.705139,2.41037
744.105,-0.005787,-0.0029,-0.022348,0.105057,0.030121,0.994003,-99999,-99999,-99999,,2.700912,2.596069
744.116,-0.005408,-0.003271,-0.021051,0.124817,0.031799,0.991669,-99999,-99999,-99999,,2.693924,2.54863
744.1272,-0.005408,-0.003271,-0.021051,0.124817,0.031799,0.991669,-99999,-99999,-99999,,2.693924,2.54863
744.1382,-0.014635,-0.003376,-0.020685,0.131195,0.033188,0.990799,-99999,-99999,-99999,,2.692917,2.489471
744.1497,-0.016975,-0.003453,-0.020596,0.126251,0.038315,0.991257,-99999,-99999,-99999,,2.692261,2.43364
744.1604,-0.018573,-0.003471,-0.020619,0.12294,0.037369,0.991699,-99999,-99999,-99999,,2.69194,2.514511
744.1718,-0.018573,-0.003471,-0.020619,0.12294,0.037369,0.991699,-99999,-99999,-99999,,2.69194,2.514511
744.183,-0.015869,-0.003573,-0.020565,0.119705,0.028625,0.992386,-99999,-99999,-99999,,2.682327,2.505447
744.1938,-0.000026,-0.003617,-0.02104,0.053055,0.021896,0.998337,-99999,-99999,-99999,,2.683334,2.538895
744.2049,-0.000026,-0.003617,-0.02104,0.053055,0.021896,0.998337,-99999,-99999,-99999,,2.683334,2.538895
744.2161,0.012028,-0.003698,-0.0213,0.023315,0.022598,0.999466,-99999,-99999,-99999,,2.611465,2.491943
744.2272,0.016252,-0.003751,-0.021261,0.027634,0.034378,0.999023,-99999,-99999,-99999,,2.667892,2.565521
744.2381,0.003558,-0.003644,-0.021247,0.024338,0.047134,0.998581,47.62007,0,-0.617602,Ground,2.742798,2.515152
744.2493,0.003558,-0.003644,-0.021247,0.024338,0.047134,0.998581,29.36329,0,-0.35347,Ground,2.742798,2.515152
744.2604,-0.00929,-0.003538,-0.021052,0.037369,0.064072,0.997238,26.47357,0,-0.625431,Ground,2.792023,2.487106
744.2715,-0.012856,-0.003317,-0.021314,0.029724,0.085281,0.995911,25.42257,0,-0.364082,Ground,2.661926,2.654297
744.2825,-0.012856,-0.003317,-0.021314,0.029724,0.085281,0.995911,18.17204,0,-0.245731,Ground,2.661926,2.654297
744.2936,-0.003558,-0.003271,-0.021407,0.035782,0.096146,0.994721,15.6844,0,-0.288393,Ground,2.778793,2.695923
744.3047,-0.00567,-0.003135,-0.021383,0.03508,0.129242,0.990982,17.06288,0,-0.26168,Ground,2.805115,2.474243
744.3159,-0.014277,-0.002917,-0.021086,0.037048,0.160568,0.986313,20.05986,0,-0.315193,Ground,2.76828,2.661438
744.327,-0.014277,-0.002917,-0.021086,0.037048,0.160568,0.986313,18.0824,0,-0.278953,Ground,2.76828,2.661438
744.3381,-0.021357,-0.002117,-0.021702,0.035767,0.180389,0.982941,25.45633,0,-0.347192,Ground,2.710068,2.633774
744.3492,-0.025526,-0.001185,-0.021546,0.041229,0.200974,0.978714,49.64484,0,-0.948834,Ground,2.754196,2.669342
744.3603,-0.025526,-0.001185,-0.021546,0.041229,0.200974,0.978714,-99999,-99999,-99999,,2.754196,2.669342
744.3715,-0.000173,-0.001587,-0.017801,-0.015472,0.183884,0.982819,-99999,-99999,-99999,,3.017273,2.554581
744.3827,-0.000056,-0.001354,-0.019157,0.006241,0.20845,0.977997,-99999,-99999,-99999,,2.893631,2.61058
744.3936,-0.01364,-0.001151,-0.020858,0.033295,0.240753,0.970001,-99999,-99999,-99999,,2.879791,2.636383
744.4047,-0.01364,-0.001151,-0.020858,0.033295,0.240753,0.970001,-99999,-99999,-99999,,2.879791,2.636383
744.416,0.002455,-0.001562,-0.020455,0.017868,0.245529,0.969208,-99999,-99999,-99999,,2.861877,2.57251
744.4269,-0.008082,-0.004231,-0.012273,-0.098938,0.305389,0.947067,-99999,-99999,-99999,,3.61467,2.656479
744.438,-0.008082,-0.004231,-0.012273,-0.098938,0.305389,0.947067,-99999,-99999,-99999,,3.61467,2.656479
744.4493,-0.008495,-0.001143,-0.023073,0.014801,0.213333,0.976852,-99999,-99999,-99999,,2.836304,2.619507
744.4603,-0.000716,-0.001788,-0.021291,0.040512,0.233215,0.971573,-99999,-99999,-99999,,2.808929,2.704926
744.4714,0.003775,-0.001829,-0.021263,0.036438,0.220276,0.974747,-99999,-99999,-99999,,2.805481,2.703598
744.4825,0.003775,-0.001829,-0.021263,0.036438,0.220276,0.974747,-99999,-99999,-99999,,2.805481,2.703598
744.4937,-0.000753,-0.002023,-0.021105,0.0383,0.205597,0.977875,-99999,-99999,-99999,,2.79715,2.62114
744.5047,-0.008675,-0.002079,-0.021024,0.037582,0.20076,0.978912,-99999,-99999,-99999,,2.798401,2.665512
744.5159,-0.008675,-0.002079,-0.021024,0.037582,0.20076,0.978912,-99999,-99999,-99999,,2.798401,2.665512
744.5269,-0.010944,-0.002157,-0.021295,0.055481,0.161926,0.98523,-99999,-99999,-99999,,2.807159,2.725143
744.538,0.000509,-0.002106,-0.022034,0.111191,0.154343,0.981735,-99999,-99999,-99999,,3.06546,2.591568
744.5491,0.000509,-0.002106,-0.022034,0.111191,0.154343,0.981735,-99999,-99999,-99999,,3.06546,2.591568
744.5602,-0.005014,-0.002079,-0.022357,0.101349,0.148148,0.983749,-99999,-99999,-99999,,2.918869,2.653748
744.5714,-0.008943,-0.002102,-0.022354,0.10257,0.144684,0.984131,-99999,-99999,-99999,,2.913406,2.689987
744.5826,-0.01446,-0.001994,-0.02263,0.099854,0.138779,0.98526,-99999,-99999,-99999,,2.909866,2.605682
744.5935,-0.01446,-0.001994,-0.02263,0.099854,0.138779,0.98526,-99999,-99999,-99999,,2.909866,2.605682
744.6047,-0.015435,-0.001989,-0.022624,0.098602,0.138992,0.985367,-99999,-99999,-99999,,2.929382,2.633163
744.6158,-0.008733,-0.0022,-0.022054,0.103561,0.142181,0.984406,-99999,-99999,-99999,,2.92244,2.798691
744.6269,-0.008733,-0.0022,-0.022054,0.103561,0.142181,0.984406,-99999,-99999,-99999,,2.92244,2.798691
744.638,-0.006012,-0.00215,-0.022127,0.105087,0.151871,0.982788,-99999,-99999,-99999,,2.943848,2.791138
744.6492,-0.010476,-0.002017,-0.022244,0.10733,0.150574,0.982742,-99999,-99999,-99999,,2.978119,2.790085
744.6602,-0.010476,-0.002017,-0.022244,0.10733,0.150574,0.982742,-99999,-99999,-99999,,2.978119,2.790085
744.6713,-0.001053,-0.002112,-0.021998,0.103027,0.158585,0.981949,-99999,-99999,-99999,,2.988388,2.754578
744.6826,0.01183,-0.002269,-0.021665,0.103256,0.157196,0.982147,-99999,-99999,-99999,,2.982925,2.729523
744.6936,0.011809,-0.002266,-0.021614,0.102585,0.169083,0.98024,-99999,-99999,-99999,,2.989334,2.699829
744.7047,0.011809,-0.002266,-0.021614,0.102585,0.169083,0.98024,-99999,-99999,-99999,,2.989334,2.699829
744.7159,0.000055,-0.001736,-0.021922,0.096115,0.181168,0.978729,-99999,-99999,-99999,,2.980103,2.747665
744.7269,-0.005546,-0.001614,-0.022023,0.101852,0.188095,0.976837,-99999,-99999,-99999,,2.97644,2.886215
744.7379,-0.005546,-0.001614,-0.022023,0.101852,0.188095,0.976837,-99999,-99999,-99999,,2.97644,2.886215
744.7492,-0.001048,-0.001659,-0.021955,0.099319,0.183991,0.97789,-99999,-99999,-99999,,3.033218,2.842514
744.7601,0.005475,-0.00176,-0.021777,0.100342,0.184753,0.977646,-99999,-99999,-99999,,3.017899,2.742737
744.7713,-0.00263,-0.001696,-0.022045,0.098526,0.182785,0.978195,-99999,-99999,-99999,,3.013229,2.713837
744.7824,-0.00263,-0.001696,-0.022045,0.098526,0.182785,0.978195,-99999,-99999,-99999,,3.013229,2.713837
744.7936,0.002096,-0.00178,-0.021977,0.096634,0.181915,0.978546,-99999,-99999,-99999,,2.998764,2.737228
744.8046,0.012919,-0.002071,-0.021301,0.104492,0.189438,0.976303,-99999,-99999,-99999,,3.012985,2.847031
744.8157,0.012919,-0.002071,-0.021301,0.104492,0.189438,0.976303,-99999,-99999,-99999,,3.012985,2.847031
744.8269,0.011011,-0.002065,-0.021314,0.104736,0.188965,0.976379,-99999,-99999,-99999,,3.008392,2.836441
744.8379,0.002124,-0.002038,-0.02135,0.109711,0.18544,0.976502,-99999,-99999,-99999,,3.017654,2.835236
744.8491,-0.009066,-0.002011,-0.021409,0.113358,0.177353,0.977585,-99999,-99999,-99999,,3.01619,2.824768
744.86,-0.009066,-0.002011,-0.021409,0.113358,0.177353,0.977585,-99999,-99999,-99999,,3.01619,2.824768
744.8713,-0.002716,-0.002079,-0.021354,0.11058,0.172775,0.978729,-99999,-99999,-99999,,3.004349,2.822144
744.8823,0.001473,-0.002176,-0.021236,0.11116,0.179901,0.977371,-99999,-99999,-99999,,3.012558,2.822906
744.8936,0.001473,-0.002176,-0.021236,0.11116,0.179901,0.977371,-99999,-99999,-99999,,3.012558,2.822906
744.9047,-0.000158,-0.002215,-0.021159,0.111755,0.185104,0.976334,-99999,-99999,-99999,,3.030197,2.821381
744.9158,-0.00082,-0.002208,-0.021142,0.11142,0.183533,0.976669,-99999,-99999,-99999,,3.031189,2.823257
744.9266,-0.001011,-0.002207,-0.021131,0.11113,0.182007,0.97699,-99999,-99999,-99999,,3.030548,2.819351
744.9378,-0.001011,-0.002207,-0.021131,0.11113,0.182007,0.97699,-99999,-99999,-99999,,3.030548,2.819351
744.949,-0.000711,-0.002216,-0.021108,0.110931,0.181442,0.977112,-99999,-99999,-99999,,3.032532,2.823212
744.96,-0.002045,-0.002213,-0.021105,0.109879,0.182205,0.977097,-99999,-99999,-99999,,3.031052,2.823288
744.9711,-0.001906,-0.002185,-0.021232,0.101761,0.182846,0.977844,-99999,-99999,-99999,,3.022827,2.901184
744.9822,-0.001906,-0.002185,-0.021232,0.101761,0.182846,0.977844,-99999,-99999,-99999,,3.022827,2.901184
744.9934,-0.012773,-0.002153,-0.021937,0.104157,0.076782,0.991577,-99999,-99999,-99999,,3.109894,2.840607
745.0045,-0.022325,-0.002334,-0.021594,0.114639,0.073471,0.990677,-99999,-99999,-99999,,3.223373,2.913727
745.0157,-0.022325,-0.002334,-0.021594,0.114639,0.073471,0.990677,-99999,-99999,-99999,,3.223373,2.913727
745.0268,-0.026972,-0.00254,-0.021302,0.118073,0.029511,0.992554,-99999,-99999,-99999,,3.117966,2.956314
745.0381,-0.027937,-0.002224,-0.02228,0.092377,0.021866,0.995483,-99999,-99999,-99999,,3.001282,2.787277
745.049,-0.027937,-0.002224,-0.02228,0.092377,0.021866,0.995483,-99999,-99999,-99999,,3.001282,2.787277
745.06,-0.01749,-0.00238,-0.021959,0.102005,0.02626,0.994431,-99999,-99999,-99999,,3.000595,2.886307
745.0712,0.000038,-0.002635,-0.021465,0.109467,0.03421,0.993393,-99999,-99999,-99999,,3.012268,2.903152
745.0822,-0.008278,-0.002671,-0.021212,0.111664,0.035828,0.993088,-99999,-99999,-99999,,3.026321,2.903015
745.0934,-0.008278,-0.002671,-0.021212,0.111664,0.035828,0.993088,-99999,-99999,-99999,,3.026321,2.903015
745.1045,-0.009755,-0.002629,-0.021315,0.108124,0.036346,0.993469,-99999,-99999,-99999,,3.032593,2.897842
745.1156,-0.011345,-0.002621,-0.021306,0.107651,0.036987,0.993485,-99999,-99999,-99999,,3.045181,2.898895
745.1267,-0.011345,-0.002621,-0.021306,0.107651,0.036987,0.993485,-99999,-99999,-99999,,3.045181,2.898895
745.1378,-0.008707,-0.002596,-0.021431,0.103622,0.038391,0.993866,-99999,-99999,-99999,,3.045074,2.88588
745.149,-0.004635,-0.002607,-0.021464,0.102753,0.041183,0.993851,-99999,-99999,-99999,,3.056137,2.885574
745.16,-0.002237,-0.002623,-0.021453,0.098633,0.043854,0.994156,-99999,-99999,-99999,,3.056549,2.88916
745.171,-0.002237,-0.002623,-0.021453,0.098633,0.043854,0.994156,-99999,-99999,-99999,,3.056549,2.88916
745.1822,0.004306,-0.002652,-0.02144,0.096832,0.046631,0.994202,-99999,-99999,-99999,,3.070801,2.882751
745.1932,0.006096,-0.002658,-0.021425,0.0979,0.048325,0.994019,-99999,-99999,-99999,,3.072098,2.85379
745.2044,0.006096,-0.002658,-0.021425,0.0979,0.048325,0.994019,-99999,-99999,-99999,,3.072098,2.85379
745.2155,0.003172,-0.002636,-0.021419,0.096024,0.050964,0.994064,-99999,-99999,-99999,,3.072266,2.85643
745.2266,0.000218,-0.00264,-0.021344,0.096878,0.051605,0.993942,-99999,-99999,-99999,,3.073135,2.859238
745.2377,-0.001086,-0.002621,-0.021382,0.094864,0.055664,0.993927,-99999,-99999,-99999,,3.073318,2.860535
745.2489,-0.001086,-0.002621,-0.021382,0.094864,0.055664,0.993927,-99999,-99999,-99999,,3.073318,2.860535
745.2599,0.00026,-0.002631,-0.021364,0.093948,0.056503,0.993958,-99999,-99999,-99999,,3.06601,2.867493
745.2711,-0.002683,-0.002619,-0.02136,0.094208,0.057068,0.993912,-99999,-99999,-99999,,3.065674,2.879807
745.2821,-0.002683,-0.002619,-0.02136,0.094208,0.057068,0.993912,-99999,-99999,-99999,,3.065674,2.879807
745.2933,-0.001337,-0.002622,-0.021362,0.090836,0.05687,0.994232,-99999,-99999,-99999,,3.065201,2.878967
745.3043,0.003538,-0.002538,-0.021624,0.075165,0.059204,0.995407,-99999,-99999,-99999,,3.072678,2.944641
745.3155,-0.027798,-0.003171,-0.020247,0.159836,-0.022003,0.986893,1.92,1.143334,-0.442538,O02_WestWall,3.233658,3.002579
745.3593,-0.027798,-0.003171,-0.020247,0.159836,-0.022003,0.986893,1.92,1.132045,-0.458246,O02_WestWall,3.233658,3.002579
745.3649,-0.025099,-0.003192,-0.020238,0.151291,-0.013123,0.988388,1.92,1.146112,-0.445759,O02_WestWall,3.096649,2.903473
745.3697,-0.025099,-0.003192,-0.020238,0.151291,-0.013123,0.988388,1.92,1.142255,-0.451599,O02_WestWall,3.096649,2.903473
745.3772,-0.023139,-0.003083,-0.020645,0.145447,-0.007584,0.989334,1.92,1.14885,-0.444666,O02_WestWall,3.076904,2.849457
745.3882,-0.023139,-0.003083,-0.020645,0.145447,-0.007584,0.989334,1.92,1.144381,-0.449874,O02_WestWall,3.076904,2.849457
745.3995,-0.009542,-0.003039,-0.021042,0.132416,-0.009689,0.991135,1.92,1.136774,-0.428837,O02_WestWall,3.116272,2.882278
745.4106,-0.013154,-0.00302,-0.021026,0.131424,-0.009109,0.991272,1.92,1.134516,-0.431438,O02_WestWall,3.129547,2.897766
745.4217,-0.013154,-0.00302,-0.021026,0.131424,-0.009109,0.991272,1.92,1.131972,-0.435224,O02_WestWall,3.129547,2.897766
745.4329,-0.017007,-0.002989,-0.021025,0.130325,-0.007263,0.99144,1.92,1.133256,-0.436621,O02_WestWall,3.136688,2.88147
745.4439,-0.007876,-0.002895,-0.021285,0.125687,0.00145,0.992065,1.92,1.149199,-0.430349,O02_WestWall,3.057037,2.798691
745.4549,0.002605,-0.002945,-0.021255,0.123489,-0.002258,0.99234,1.92,1.139126,-0.429595,O02_WestWall,3.024445,2.769745
745.4662,0.002605,-0.002945,-0.021255,0.123489,-0.002258,0.99234,1.92,1.137065,-0.432504,O02_WestWall,3.024445,2.769745
745.4772,0.006323,-0.002965,-0.021248,0.122391,-0.003952,0.992462,1.92,1.131318,-0.433238,O02_WestWall,2.98204,2.740585
745.4883,0.001602,-0.002936,-0.021255,0.122498,-0.000809,0.992462,1.92,1.134954,-0.435563,O02_WestWall,2.983017,2.767166
745.4995,0.001602,-0.002936,-0.021255,0.122498,-0.000809,0.992462,1.92,1.132041,-0.437876,O02_WestWall,2.983017,2.767166
745.5104,-0.00018,-0.002928,-0.021249,0.119492,-0.00354,0.992813,1.92,1.123554,-0.433408,O02_WestWall,3.001175,2.784119
745.5217,-0.002711,-0.002927,-0.021213,0.117294,-0.001663,0.993088,1.92,1.124687,-0.430561,O02_WestWall,2.981979,2.784378
745.5328,-0.002682,-0.002938,-0.021172,0.117432,-0.000946,0.993073,1.92,1.124072,-0.432142,O02_WestWall,2.982147,2.777267
745.5439,-0.002682,-0.002938,-0.021172,0.117432,-0.000946,0.993073,1.92,1.122489,-0.433584,O02_WestWall,2.982147,2.777267
745.5549,0.000903,-0.002952,-0.021153,0.118286,-0.001862,0.992966,1.92,1.119137,-0.436433,O02_WestWall,2.959396,2.771255
745.5662,-0.002851,-0.002942,-0.021135,0.117905,0.000244,0.993012,1.92,1.121961,-0.436706,O02_WestWall,2.946732,2.741287
745.5774,-0.002851,-0.002942,-0.021135,0.117905,0.000244,0.993012,1.92,1.120347,-0.437597,O02_WestWall,2.946732,2.741287
745.5882,-0.003048,-0.002942,-0.021099,0.115952,0.000214,0.99324,1.92,1.118033,-0.435458,O02_WestWall,2.929749,2.71788
745.5995,-0.005638,-0.002942,-0.021082,0.111755,0.005615,0.993713,1.92,1.126708,-0.427812,O02_WestWall,2.879074,2.704346
745.6105,-0.006258,-0.002935,-0.021076,0.108154,0.007156,0.994095,1.92,1.127474,-0.422112,O02_WestWall,2.864182,2.697235
745.6216,-0.006258,-0.002935,-0.021076,0.108154,0.007156,0.994095,1.92,1.124444,-0.424066,O02_WestWall,2.864182,2.697235
745.633,-0.00636,-0.002921,-0.021031,0.108231,0.006241,0.994095,1.92,1.119122,-0.426451,O02_WestWall,2.748001,2.666412
745.6437,-0.004378,-0.002911,-0.021042,0.104889,0.0065,0.994461,1.92,1.11543,-0.422284,O02_WestWall,2.715561,2.656647
745.6548,-0.004378,-0.002911,-0.021042,0.104889,0.0065,0.994461,1.92,1.11063,-0.424905,O02_WestWall,2.715561,2.656647
745.6661,-0.00104,-0.002968,-0.021126,0.087173,-0.000381,0.996185,1.92,1.092407,-0.392392,O02_WestWall,2.720673,2.748978
745.6772,0.026082,-0.00329,-0.021305,0.038437,-0.047104,0.998138,1.725152,1.060135,-0.269884,O02_L15_01,2.76503,2.636536
745.6881,0.028705,-0.003404,-0.021135,0.035172,-0.057755,0.997696,1.747597,1.029474,-0.269689,O02_L15_01,2.601974,2.639023
745.6993,0.028705,-0.003404,-0.021135,0.035172,-0.057755,0.997696,1.736565,1.029953,-0.269756,O02_L15_01,2.601974,2.639023
745.7106,0.027681,-0.003338,-0.021188,0.030838,-0.048096,0.998352,1.779053,1.03028,-0.2695,O02_L15_01,2.674164,2.503418
745.7214,0.025696,-0.003292,-0.021272,0.030167,-0.046509,0.998459,1.778208,1.030049,-0.269505,O02_L15_01,2.810333,2.508453
745.7328,0.025696,-0.003292,-0.021272,0.030167,-0.046509,0.998459,1.772445,1.02803,-0.269536,O02_L15_01,2.810333,2.508453
745.7438,0.007633,-0.003114,-0.021453,0.021912,-0.04953,0.99852,1.92,0.967843,-0.276129,O02_WestWall,2.808624,2.510101
745.7549,-0.009551,-0.002964,-0.021567,0.013687,-0.053741,0.998459,1.92,0.953895,-0.260163,O02_WestWall,2.743057,2.506592
745.766,-0.009551,-0.002964,-0.021567,0.013687,-0.053741,0.998459,1.92,0.947915,-0.260059,O02_WestWall,2.743057,2.506592
745.7774,-0.00751,-0.002975,-0.02154,0.014709,-0.053635,0.998444,1.92,0.941611,-0.261764,O02_WestWall,2.766983,2.505508
745.7882,-0.005103,-0.002994,-0.021522,0.014725,-0.051697,0.99855,1.92,0.939642,-0.260956,O02_WestWall,2.767685,2.506027
745.7994,-0.006003,-0.002986,-0.021512,0.01384,-0.052353,0.99852,1.92,0.93371,-0.259087,O02_WestWall,2.767975,2.500565
745.8106,-0.006003,-0.002986,-0.021512,0.01384,-0.052353,0.99852,1.92,0.930296,-0.25861,O02_WestWall,2.767975,2.500565
745.822,-0.007476,-0.002939,-0.021512,0.011459,-0.048615,0.998749,1.92,0.934967,-0.253427,O02_WestWall,2.772217,2.500931
745.8334,-0.005961,-0.002933,-0.021512,0.01239,-0.042786,0.998993,1.92,0.943376,-0.254679,O02_WestWall,2.672836,2.508209
745.8449,-0.005961,-0.002933,-0.021512,0.01239,-0.042786,0.998993,1.92,0.940065,-0.25384,O02_WestWall,2.672836,2.508209
745.8563,-0.018873,-0.003045,-0.021316,0.027771,-0.085007,0.995987,1.92,0.845679,-0.284738,O02_WestWall,2.565674,2.656708
745.8677,-0.021904,-0.003137,-0.021195,0.045853,-0.083023,0.995483,1.622026,0.966096,-0.270324,O02_L15_01,2.670609,2.642426
745.8793,-0.019898,-0.003139,-0.02121,0.045425,-0.081665,0.995621,1.629269,0.961126,-0.270271,O02_L15_01,2.721848,2.618317
745.8907,-0.019898,-0.003139,-0.02121,0.045425,-0.081665,0.995621,1.633825,0.954376,-0.27023,O02_L15_01,2.721848,2.618317
745.9021,-0.014145,-0.003138,-0.021252,0.04538,-0.082275,0.995575,1.639623,0.945791,-0.270179,O02_L15_01,2.697189,2.62085
745.9136,0.00316,-0.003219,-0.021233,0.048477,-0.077042,0.995834,1.614594,0.960059,-0.270358,O02_L15_01,2.692307,2.639435
745.925,0.008137,-0.003242,-0.021226,0.048325,-0.073517,0.996109,1.61834,0.960529,-0.270336,O02_L15_01,2.689667,2.640381
745.9364,0.008137,-0.003242,-0.021226,0.048325,-0.073517,0.996109,1.620544,0.95526,-0.270312,O02_L15_01,2.689667,2.640381
745.9479,-0.002345,-0.003176,-0.021233,0.046112,-0.076263,0.996018,1.645063,0.935853,-0.270126,O02_L15_01,2.696106,2.652466
745.9594,-0.014142,-0.003057,-0.021281,0.044983,-0.074524,0.996201,1.66007,0.928282,-0.270021,O02_L15_01,2.711349,2.705505
745.9709,-0.017062,-0.003035,-0.021258,0.044312,-0.068649,0.996643,1.671751,0.929891,-0.269954,O02_L15_01,2.726105,2.70784
745.9818,-0.017062,-0.003035,-0.021258,0.044312,-0.068649,0.996643,1.674254,0.924016,-0.269927,O02_L15_01,2.726105,2.70784
745.9931,-0.0056,-0.003098,-0.021228,0.047623,-0.063873,0.996811,1.643094,0.940564,-0.270147,O02_L15_01,2.763275,2.699448
746.0042,0.001318,-0.003136,-0.021213,0.049301,-0.058777,0.99704,1.631221,0.949596,-0.270237,O02_L15_01,2.793503,2.693375
746.0153,0.001318,-0.003136,-0.021213,0.049301,-0.058777,0.99704,1.631482,0.944957,-0.270226,O02_L15_01,2.793503,2.693375
746.0264,0.003619,-0.00314,-0.021203,0.049789,-0.055359,0.997223,1.626742,0.94851,-0.270262,O02_L15_01,2.860794,2.698868
746.0377,-0.00816,-0.003036,-0.021102,0.080658,-0.053528,0.9953,1.590336,0.961249,-0.315611,O02_L15_01,2.960587,2.761871
746.0486,-0.017627,-0.003051,-0.02086,0.087402,-0.046036,0.995102,1.590883,0.97037,-0.32671,O02_L15_01,2.866959,2.830933
746.0597,-0.017627,-0.003051,-0.02086,0.087402,-0.046036,0.995102,1.590724,0.967382,-0.326429,O02_L15_01,2.866959,2.830933
746.071,-0.015576,-0.003049,-0.020882,0.086731,-0.038437,0.995483,1.59123,0.97719,-0.324995,O02_L15_01,3.04187,2.833115
746.082,0.000831,-0.003045,-0.02104,0.087769,-0.034241,0.995544,1.591463,0.981503,-0.326196,O02_L15_01,3.022308,2.820404
746.093,0.000831,-0.003045,-0.02104,0.087769,-0.034241,0.995544,1.591305,0.978509,-0.325931,O02_L15_01,3.022308,2.820404
746.1041,0.013193,-0.003051,-0.021153,0.089172,-0.030334,0.995544,1.59151,0.982215,-0.327745,O02_L15_01,3.02449,2.821442
746.1152,0.012601,-0.003047,-0.021147,0.089752,-0.030273,0.995499,1.591337,0.978813,-0.328563,O02_L15_01,3.024994,2.815414
746.1263,0.005412,-0.003035,-0.021083,0.089645,-0.02919,0.995544,1.591273,0.977687,-0.327884,O02_L15_01,3.031662,2.80835
746.1375,0.005412,-0.003035,-0.021083,0.089645,-0.02919,0.995544,1.591121,0.974847,-0.327297,O02_L15_01,3.031662,2.80835
746.1486,0.002084,-0.003023,-0.021068,0.088806,-0.028625,0.995636,1.59103,0.973306,-0.325669,O02_L15_01,3.031738,2.815445
746.16,0.001974,-0.003009,-0.021053,0.08847,-0.028885,0.995651,1.590873,0.970365,-0.325197,O02_L15_01,3.032379,2.826874
746.1721,0.001974,-0.003009,-0.021053,0.08847,-0.028885,0.995651,1.59074,0.967869,-0.324863,O02_L15_01,3.032379,2.826874
746.1819,0.002315,-0.002991,-0.02099,0.091858,-0.023544,0.995483,1.591103,0.974157,-0.330309,O02_L15_01,3.036987,2.798035
746.193,0.004425,-0.002842,-0.021205,0.093948,-0.025452,0.995239,1.590801,0.967941,-0.334128,O02_L15_01,3.07843,2.870407
746.204,-0.029983,-0.002625,-0.021134,0.080933,-0.030151,0.996262,1.590122,0.957531,-0.312516,O02_L15_01,2.965836,2.799652
746.2152,-0.029983,-0.002625,-0.021134,0.080933,-0.030151,0.996262,1.589996,0.955144,-0.31234,O02_L15_01,2.965836,2.799652
746.2264,0,0,0,0,0,1,-99999,-99999,-99999,,2.042145,2.906509
746.2375,-0.024642,-0.003506,-0.021274,0.053833,-0.240097,0.969238,1.452999,0.626957,-0.257409,O02_G06_03,3.198898,4.341431
746.2485,-0.024642,-0.003506,-0.021274,0.053833,-0.240097,0.969238,1.452999,0.625174,-0.257377,O02_G06_03,3.198898,4.341431
746.2598,0,0,0,0,0,1,-99999,-99999,-99999,,-1,1.893082
746.2719,-0.029834,-0.003039,-0.018956,0.110153,-0.143723,0.98346,1.563979,0.742274,-0.368451,O02_G06_03,2.800095,2.363647
746.2818,-0.029834,-0.003039,-0.018956,0.110153,-0.143723,0.98346,1.56246,0.742274,-0.368174,O02_G06_03,2.800095,2.363647
746.293,-0.029635,-0.002593,-0.020981,0.085358,-0.081497,0.992996,1.584673,0.852377,-0.322791,O02_L15_01,2.340805,2.708298
746.3041,-0.02987,-0.002582,-0.021107,0.085983,-0.069702,0.993851,1.585742,0.872755,-0.32289,O02_L15_01,2.740204,2.692245
746.3151,-0.029883,-0.002756,-0.020725,0.090942,-0.070709,0.993332,1.585597,0.868994,-0.331423,O02_L15_01,2.71904,2.660965
746.3265,-0.029883,-0.002756,-0.020725,0.090942,-0.070709,0.993332,1.585524,0.867644,-0.330969,O02_L15_01,2.71904,2.660965
746.3374,-0.029835,-0.003156,-0.019697,0.126221,-0.01976,0.991791,1.590458,0.95517,-0.387272,O02_L15_01,2.919388,2.873184
746.3485,-0.027978,-0.003139,-0.019742,0.119202,-0.019592,0.992676,1.590371,0.954994,-0.374669,O02_L15_01,2.880173,2.894882
746.3598,-0.0226,-0.003056,-0.020047,0.107666,-0.025467,0.993851,1.589718,0.94487,-0.354767,O02_L15_01,2.84816,2.951202
746.371,-0.0226,-0.003056,-0.020047,0.107666,-0.025467,0.993851,1.58968,0.944206,-0.354234,O02_L15_01,2.84816,2.951202
746.3818,-0.00676,-0.00286,-0.020893,0.101685,-0.034241,0.994217,1.588814,0.928839,-0.344395,O02_L15_01,2.892471,2.928543
746.393,-0.010139,-0.002928,-0.020569,0.101852,-0.035751,0.994156,1.588657,0.925885,-0.344056,O02_L15_01,2.912674,2.851395
746.404,-0.010139,-0.002928,-0.020569,0.101852,-0.035751,0.994156,1.588627,0.925381,-0.34342,O02_L15_01,2.912674,2.851395
746.4152,-0.004184,-0.00286,-0.020973,0.103195,-0.034622,0.994049,1.588714,0.926862,-0.344888,O02_L15_01,2.913773,2.87265
746.4263,-0.003919,-0.002861,-0.020984,0.102631,-0.033493,0.994141,1.588758,0.927931,-0.342968,O02_L15_01,2.932983,2.852005
746.4374,-0.002417,-0.002865,-0.021001,0.103409,-0.032166,0.99411,1.588824,0.929132,-0.343564,O02_L15_01,2.946457,2.902969
746.4484,-0.002417,-0.002865,-0.021001,0.103409,-0.032166,0.99411,1.588789,0.92851,-0.343075,O02_L15_01,2.946457,2.902969
746.4596,-0.002473,-0.002869,-0.020998,0.10289,-0.030914,0.994202,1.588856,0.929966,-0.341519,O02_L15_01,2.956436,2.91684
746.4706,-0.002592,-0.002871,-0.020992,0.102387,-0.03064,0.994263,1.588845,0.929898,-0.340318,O02_L15_01,2.9655,2.912964
746.4818,-0.002592,-0.002871,-0.020992,0.102387,-0.03064,0.994263,1.588819,0.929434,-0.340032,O02_L15_01,2.9655,2.912964
746.4928,-0.001173,-0.002869,-0.021013,0.10405,-0.029907,0.99411,1.588889,0.930509,-0.342275,O02_L15_01,3.019897,2.911087
746.5041,-0.0012,-0.002871,-0.021014,0.104462,-0.02977,0.99408,1.588887,0.930425,-0.342671,O02_L15_01,3.020538,2.910034
746.5151,-0.0012,-0.002871,-0.021014,0.104462,-0.02977,0.99408,1.58888,0.930318,-0.342509,O02_L15_01,3.020538,2.910034
746.5263,-0.000956,-0.002868,-0.021023,0.105606,-0.028748,0.993988,1.588973,0.931905,-0.344117,O02_L15_01,3.021286,2.897964
746.5374,-0.000321,-0.002867,-0.021041,0.105927,-0.027115,0.994003,1.589097,0.934275,-0.344084,O02_L15_01,3.045609,2.89801
746.5483,-0.000482,-0.002806,-0.021246,0.103699,-0.027588,0.994217,1.589016,0.933228,-0.339841,O02_L15_01,3.045563,2.90123
746.5595,-0.000482,-0.002806,-0.021246,0.103699,-0.027588,0.994217,1.589001,0.932991,-0.339397,O02_L15_01,3.045563,2.90123
746.5707,-0.000235,-0.002806,-0.021249,0.104919,-0.027023,0.99411,1.589058,0.933918,-0.340816,O02_L15_01,3.060516,2.901352
746.5817,-0.001773,-0.002798,-0.021116,0.111694,-0.01442,0.993622,1.590252,0.955465,-0.35118,O02_L15_01,3.196304,2.929718
746.5928,-0.001773,-0.002798,-0.021116,0.111694,-0.01442,0.993622,1.590212,0.954783,-0.350559,O02_L15_01,3.196304,2.929718
746.6039,-0.025159,-0.002916,-0.020108,0.11145,0.015701,0.993637,1.592915,1.00662,-0.348172,O02_L15_01,3.007202,3.007248
746.6151,-0.026729,-0.002911,-0.020115,0.111481,0.020233,0.993546,1.593316,1.014328,-0.347737,O02_L15_01,3.072159,3.002228
746.6262,-0.028078,-0.002931,-0.020113,0.115326,0.011581,0.993256,1.592573,0.999328,-0.354751,O02_L15_01,3.071457,2.874939
746.6374,-0.028078,-0.002931,-0.020113,0.115326,0.011581,0.993256,1.592544,0.998792,-0.354637,O02_L15_01,3.071457,2.874939
746.6483,-0.024445,-0.002914,-0.020224,0.115784,0.019608,0.993073,1.593273,1.012665,-0.354945,O02_L15_01,3.070251,2.989273
746.6595,-0.003432,-0.002809,-0.020787,0.11264,0.01593,0.9935,1.592906,1.006262,-0.349839,O02_L15_01,3.070068,3.018402
746.6708,-0.003432,-0.002809,-0.020787,0.11264,0.01593,0.9935,1.592871,1.005566,-0.350097,O02_L15_01,3.070068,3.018402
746.6818,-0.000981,-0.002805,-0.02084,0.111847,0.016678,0.993576,1.592923,1.006726,-0.348665,O02_L15_01,3.072311,3.020569
746.6928,-0.000131,-0.002802,-0.020861,0.113205,0.016418,0.993424,1.592914,1.006237,-0.351236,O02_L15_01,3.076874,3.020752
746.7039,-0.000215,-0.002805,-0.020847,0.112335,0.016693,0.993515,1.592917,1.006478,-0.349673,O02_L15_01,3.090668,3.017731
746.715,-0.000215,-0.002805,-0.020847,0.112335,0.016693,0.993515,1.592888,1.00593,-0.349679,O02_L15_01,3.090668,3.017731
746.7261,-0.000091,-0.002805,-0.020851,0.112839,0.016464,0.993469,1.592857,1.005248,-0.350455,O02_L15_01,3.090729,3.017654
746.7372,0.000445,-0.002803,-0.020865,0.112763,0.016342,0.993485,1.59281,1.004363,-0.350286,O02_L15_01,3.099106,3.018723
746.7484,-0.000659,-0.002809,-0.02083,0.112763,0.016312,0.993485,1.59276,1.003443,-0.350031,O02_L15_01,3.120514,3.020905
746.7594,-0.000659,-0.002809,-0.02083,0.112763,0.016312,0.993485,1.59274,1.003076,-0.349993,O02_L15_01,3.120514,3.020905
746.7706,-0.000589,-0.002809,-0.020825,0.1129,0.015839,0.993469,1.592664,1.001608,-0.350129,O02_L15_01,3.138428,3.019943
746.7817,-0.000535,-0.002805,-0.020825,0.113281,0.016159,0.993424,1.592674,1.001712,-0.350848,O02_L15_01,3.140594,3.019226
746.7927,-0.000535,-0.002805,-0.020825,0.113281,0.016159,0.993424,1.592671,1.001652,-0.350822,O02_L15_01,3.140594,3.019226
746.804,-0.000643,-0.002807,-0.020819,0.114044,0.016769,0.993332,1.592725,1.002544,-0.352088,O02_L15_01,3.184128,3.020721
746.8149,0.000801,-0.002803,-0.020843,0.114288,0.017075,0.993286,1.592767,1.003291,-0.352555,O02_L15_01,3.197769,3.022079
746.8261,0.000801,-0.002803,-0.020843,0.114288,0.017075,0.993286,1.592801,1.003939,-0.352469,O02_L15_01,3.197769,3.022079
746.8373,0.001697,-0.00279,-0.020897,0.113098,0.016937,0.993439,1.592755,1.003244,-0.350934,O02_L15_01,3.208435,3.037384
746.8483,0.001329,-0.002777,-0.020927,0.111649,0.016342,0.993607,1.592705,1.002514,-0.349046,O02_L15_01,3.218323,3.040497
746.8594,0.001006,-0.002778,-0.020917,0.11145,0.016434,0.993622,1.59269,1.002227,-0.348968,O02_L15_01,3.218414,3.045517
746.8704,0.001006,-0.002778,-0.020917,0.11145,0.016434,0.993622,1.592666,1.001737,-0.349326,O02_L15_01,3.218414,3.045517
746.8815,0.001169,-0.002775,-0.020913,0.111191,0.016083,0.993668,1.592625,1.000966,-0.349188,O02_L15_01,3.232742,3.040222
746.8927,0.000471,-0.002778,-0.020902,0.112396,0.016769,0.993515,1.592688,1.00193,-0.351293,O02_L15_01,3.247284,3.076584
746.9039,0.000471,-0.002778,-0.020902,0.112396,0.016769,0.993515,1.592667,1.001513,-0.351329,O02_L15_01,3.247284,3.076584
746.915,0.000915,-0.002776,-0.020909,0.112961,0.016678,0.993454,1.592637,1.000809,-0.352567,O02_L15_01,3.251236,3.060425
746.926,0.000494,-0.002778,-0.020901,0.113342,0.018234,0.993378,1.592752,1.002931,-0.353144,O02_L15_01,3.261459,3.082108
746.9372,0.000494,-0.002778,-0.020901,0.113342,0.018234,0.993378,1.59273,1.002498,-0.353213,O02_L15_01,3.261459,3.082108
746.9482,-0.00011,-0.00278,-0.020889,0.113754,0.017319,0.993347,1.592618,1.000258,-0.354073,O02_L15_01,3.270966,3.081558
746.9595,0.000619,-0.002781,-0.020898,0.114441,0.018295,0.993256,1.592684,1.001374,-0.355275,O02_L15_01,3.271042,3.082397
746.9706,0.00062,-0.002781,-0.020897,0.114883,0.018982,0.993195,1.592711,1.001797,-0.356113,O02_L15_01,3.270966,3.077362
746.9816,0.00062,-0.002781,-0.020897,0.114883,0.018982,0.993195,1.592685,1.001328,-0.355929,O02_L15_01,3.270966,3.077362
746.9927,0.00088,-0.00278,-0.020904,0.114685,0.01918,0.99321,1.592662,1.000938,-0.355568,O02_L15_01,3.279358,3.077454
747.0038,0.000637,-0.002779,-0.020906,0.114731,0.020874,0.993164,1.592784,1.003291,-0.355219,O02_L15_01,3.278641,3.084198
747.0148,0.000637,-0.002779,-0.020906,0.114731,0.020874,0.993164,1.592726,1.002189,-0.355196,O02_L15_01,3.278641,3.084198
747.0259,0.000925,-0.002778,-0.020911,0.11441,0.020813,0.99321,1.592658,1.00098,-0.354416,O02_L15_01,3.273758,3.078674
747.037,0.000338,-0.00278,-0.020898,0.113983,0.019058,0.993286,1.592444,0.996986,-0.353718,O02_L15_01,3.27327,3.082809
747.0482,0.000354,-0.00278,-0.020894,0.113037,0.018875,0.993408,1.592358,0.995571,-0.351832,O02_L15_01,3.273407,3.07196
747.0593,0.000354,-0.00278,-0.020894,0.113037,0.018875,0.993408,1.592317,0.994818,-0.351508,O02_L15_01,3.273407,3.07196
747.0707,0.000116,-0.00278,-0.020885,0.112793,0.020508,0.993393,1.592415,0.996746,-0.351054,O02_L15_01,3.273895,3.072861
747.0815,-0.000144,-0.002781,-0.020879,0.112778,0.020721,0.993393,1.59239,0.996303,-0.350744,O02_L15_01,3.274078,3.072937
747.0927,-0.000144,-0.002781,-0.020879,0.112778,0.020721,0.993393,1.59234,0.995332,-0.350958,O02_L15_01,3.274078,3.072937
747.1038,-0.000655,-0.002784,-0.020865,0.112839,0.021072,0.993378,1.592348,0.995464,-0.351067,O02_L15_01,3.274277,3.07373
747.1149,-0.003704,-0.002931,-0.020693,0.110504,0.001114,0.993866,1.590505,0.9606,-0.348605,O02_L15_01,3.193176,3.085434
747.1259,0.014393,-0.00296,-0.021429,0.072189,-0.045822,0.996323,1.585929,0.880577,-0.286622,O02_L15_01,3.284698,3.068298
747.1372,0.014393,-0.00296,-0.021429,0.072189,-0.045822,0.996323,1.585893,0.879867,-0.28685,O02_L15_01,3.284698,3.068298
747.1481,0.019067,-0.002983,-0.021539,0.07309,-0.052917,0.995911,1.585208,0.866557,-0.288925,O02_L15_01,3.122681,3.033997
747.1592,0.017218,-0.00298,-0.021513,0.073318,-0.049301,0.996079,1.585519,0.872444,-0.289224,O02_L15_01,3.124008,2.978333
747.1708,0.003602,-0.002947,-0.021418,0.068893,-0.053894,0.996155,1.585068,0.864685,-0.282047,O02_L15_01,3.124557,3.044083
747.1814,0.003602,-0.002947,-0.021418,0.068893,-0.053894,0.996155,1.585048,0.864284,-0.282269,O02_L15_01,3.124557,3.044083
747.1926,-0.005309,-0.00293,-0.021338,0.06485,-0.055008,0.996368,1.584883,0.861952,-0.275367,O02_L15_01,3.125092,3.054977
747.2037,0.000362,-0.002954,-0.021344,0.067856,-0.053131,0.996277,1.585028,0.86411,-0.280458,O02_L15_01,3.125839,3.078384
747.2149,0.000362,-0.002954,-0.021344,0.067856,-0.053131,0.996277,1.584994,0.86347,-0.280328,O02_L15_01,3.125839,3.078384
747.226,-0.000349,-0.002955,-0.021332,0.067307,-0.052414,0.996353,1.584996,0.863632,-0.279321,O02_L15_01,3.139038,3.08165
747.2371,-0.000203,-0.002964,-0.021309,0.067535,-0.052078,0.996353,1.584994,0.86356,-0.279596,O02_L15_01,3.139999,3.082291
747.2481,-0.000203,-0.002964,-0.021309,0.067535,-0.052078,0.996353,1.584953,0.862785,-0.279574,O02_L15_01,3.139999,3.082291
747.2592,-0.000463,-0.002971,-0.021286,0.067078,-0.051743,0.996399,1.58495,0.862838,-0.27856,O02_L15_01,3.127151,3.082443
747.2709,-0.000105,-0.002986,-0.021257,0.067154,-0.050781,0.996445,1.585007,0.863936,-0.278463,O02_L15_01,3.126862,3.068497
747.2814,-0.000105,-0.002986,-0.021257,0.067154,-0.050781,0.996445,1.584967,0.863154,-0.278742,O02_L15_01,3.126862,3.068497
747.2927,-0.000005,-0.002996,-0.021232,0.067413,-0.04834,0.996552,1.585168,0.866979,-0.278838,O02_L15_01,3.121445,3.080811
747.3035,0.000098,-0.003002,-0.02121,0.06781,-0.048187,0.996521,1.585139,0.866397,-0.27908,O02_L15_01,3.154404,3.088333
747.3148,-0.000447,-0.003001,-0.021194,0.068787,-0.04863,0.996445,1.58506,0.864662,-0.280961,O02_L15_01,3.154678,3.088776
747.326,-0.000447,-0.003001,-0.021194,0.068787,-0.04863,0.996445,1.585027,0.864039,-0.280887,O02_L15_01,3.154678,3.088776
747.3371,-0.002811,-0.002996,-0.021177,0.067566,-0.048676,0.996521,1.584992,0.863611,-0.278849,O02_L15_01,3.122284,3.087524
747.3481,-0.001602,-0.003,-0.021175,0.068146,-0.047028,0.996552,1.585125,0.866029,-0.279899,O02_L15_01,3.122879,3.066971
747.3592,-0.001602,-0.003,-0.021175,0.068146,-0.047028,0.996552,1.585108,0.865657,-0.280267,O02_L15_01,3.122879,3.066971
747.3703,-0.002052,-0.002998,-0.021169,0.068512,-0.047165,0.996521,1.585075,0.864943,-0.281005,O02_L15_01,3.155853,3.061478
747.3813,-0.001615,-0.002999,-0.02117,0.06958,-0.046295,0.996491,1.585155,0.866238,-0.282903,O02_L15_01,3.164261,3.063202
747.3925,-0.001149,-0.002745,-0.021303,0.104599,-0.002914,0.994507,1.589421,0.940956,-0.339761,O02_L15_01,3.278961,3.161194
747.4037,-0.001149,-0.002745,-0.021303,0.104599,-0.002914,0.994507,1.589424,0.941006,-0.339806,O02_L15_01,3.278961,3.161194
747.4148,-0.018668,-0.002829,-0.020444,0.110703,0.018768,0.993668,1.591436,0.978347,-0.348692,O02_L15_01,3.241058,3.143265
747.4258,-0.025213,-0.002975,-0.020108,0.117035,0.027222,0.992752,1.592233,0.992379,-0.358735,O02_L15_01,3.301163,3.137848
747.4369,-0.025213,-0.002975,-0.020108,0.117035,0.027222,0.992752,1.592236,0.992469,-0.358454,O02_L15_01,3.301163,3.137848
747.4481,-0.022722,-0.00297,-0.02014,0.111343,0.026489,0.993424,1.592107,0.99114,-0.348738,O02_L15_01,3.268341,3.134384
747.4591,-0.01487,-0.002917,-0.020365,0.112335,0.023026,0.993393,1.591778,0.984691,-0.350233,O02_L15_01,3.237869,3.133255
747.4707,-0.001817,-0.00283,-0.020726,0.113998,0.01738,0.993317,1.591279,0.97484,-0.353,O02_L15_01,3.263596,3.164948
747.4814,-0.001817,-0.00283,-0.020726,0.113998,0.01738,0.993317,1.591272,0.974788,-0.3523,O02_L15_01,3.263596,3.164948
747.4927,-0.002474,-0.002845,-0.020678,0.1138,0.018478,0.993317,1.591361,0.976566,-0.351613,O02_L15_01,3.28302,3.166519
747.5036,-0.001906,-0.002843,-0.020691,0.113403,0.018234,0.993378,1.591307,0.975667,-0.350536,O02_L15_01,3.25853,3.164993
747.5146,-0.001906,-0.002843,-0.020691,0.113403,0.018234,0.993378,1.591301,0.975571,-0.350363,O02_L15_01,3.25853,3.164993
747.5259,-0.000535,-0.00284,-0.020738,0.112488,0.018997,0.993469,1.591347,0.976689,-0.348302,O02_L15_01,3.259323,3.162674
747.5369,0.000913,-0.002832,-0.020779,0.113358,0.018814,0.993362,1.591342,0.97644,-0.349645,O02_L15_01,3.316711,3.162033
747.5479,0.000926,-0.00283,-0.020776,0.113861,0.018799,0.993317,1.591313,0.975781,-0.350504,O02_L15_01,3.317642,3.15712
747.5592,0.000926,-0.00283,-0.020776,0.113861,0.018799,0.993317,1.591296,0.97544,-0.350793,O02_L15_01,3.317642,3.15712
747.5703,0.000445,-0.002833,-0.020746,0.1138,0.017426,0.993347,1.591147,0.972545,-0.351186,O02_L15_01,3.317413,3.151337
747.5814,0.000072,-0.002838,-0.020731,0.115082,0.016251,0.99321,1.591033,0.97006,-0.353883,O02_L15_01,3.318848,3.150604
747.5925,0.000072,-0.002838,-0.020731,0.115082,0.016251,0.99321,1.591015,0.969704,-0.353938,O02_L15_01,3.318848,3.150604
747.6036,-0.000048,-0.002838,-0.020739,0.115356,0.018967,0.993134,1.591273,0.974586,-0.354213,O02_L15_01,3.319519,3.145599
747.6146,-0.000323,-0.002824,-0.020776,0.113815,0.01738,0.993347,1.591119,0.971955,-0.351717,O02_L15_01,3.319748,3.137024
747.6257,-0.000153,-0.002826,-0.020769,0.114258,0.018433,0.993271,1.591226,0.97389,-0.352508,O02_L15_01,3.320618,3.142075
747.6368,-0.000153,-0.002826,-0.020769,0.114258,0.018433,0.993271,1.591207,0.973571,-0.352186,O02_L15_01,3.320618,3.142075
747.6479,-0.000703,-0.002827,-0.02075,0.114197,0.018112,0.993286,1.591196,0.973387,-0.351899,O02_L15_01,3.320618,3.141907
747.6591,0.000017,-0.002823,-0.020769,0.114105,0.017715,0.993301,1.59115,0.972585,-0.351259,O02_L15_01,3.30603,3.14151
747.6708,0.000017,-0.002823,-0.020769,0.114105,0.017715,0.993301,1.591149,0.972666,-0.350486,O02_L15_01,3.30603,3.14151
747.6813,-0.001341,-0.002826,-0.020752,0.113998,0.019287,0.993286,1.591281,0.975271,-0.349661,O02_L15_01,3.298843,3.140854
747.6924,-0.0012,-0.002814,-0.020781,0.113602,0.018494,0.993347,1.591184,0.973533,-0.348727,O02_L15_01,3.298813,3.136154
747.7036,-0.001238,-0.002814,-0.02078,0.113098,0.018677,0.993393,1.591208,0.974146,-0.34735,O02_L15_01,3.282684,3.141434
747.7146,-0.001238,-0.002814,-0.02078,0.113098,0.018677,0.993393,1.591211,0.97426,-0.346959,O02_L15_01,3.282684,3.141434
747.7258,-0.003132,-0.002723,-0.020907,0.124451,0.034897,0.991608,1.592768,1.001953,-0.364125,O02_L15_01,3.252625,3.125793
747.737,-0.010075,-0.002741,-0.020779,0.120514,0.033905,0.992127,1.592657,1.000643,-0.357264,O02_L15_01,3.328064,3.122543
747.7479,-0.010075,-0.002741,-0.020779,0.120514,0.033905,0.992127,1.592666,1.000822,-0.357152,O02_L15_01,3.328064,3.122543
747.7591,-0.010941,-0.002746,-0.020763,0.120972,0.032669,0.992111,1.59255,0.99854,-0.35777,O02_L15_01,3.311249,3.10762
747.7708,-0.008955,-0.002742,-0.020795,0.121155,0.030624,0.992157,1.592354,0.994741,-0.358167,O02_L15_01,3.309784,3.134796
747.7812,0.000549,-0.002709,-0.020975,0.123703,0.029739,0.991867,1.592296,0.993138,-0.3625,O02_L15_01,3.32843,3.151031
747.7922,0.000549,-0.002709,-0.020975,0.123703,0.029739,0.991867,1.592275,0.992805,-0.36193,O02_L15_01,3.32843,3.151031
747.8035,0.002362,-0.002705,-0.021002,0.123169,0.029465,0.991943,1.59225,0.992453,-0.360916,O02_L15_01,3.33609,3.162872
747.8145,0.002,-0.002711,-0.020987,0.122955,0.029633,0.991959,1.592255,0.992562,-0.360684,O02_L15_01,3.328629,3.151199
747.8259,0.002,-0.002711,-0.020987,0.122955,0.029633,0.991959,1.592247,0.992445,-0.360442,O02_L15_01,3.328629,3.151199
747.8369,0.001293,-0.002719,-0.020967,0.122925,0.029282,0.991974,1.592205,0.991637,-0.360518,O02_L15_01,3.319748,3.151031
747.8479,0.000639,-0.002725,-0.020946,0.123535,0.029114,0.991898,1.592186,0.991118,-0.361775,O02_L15_01,3.303864,3.147339
747.8591,0.000639,-0.002725,-0.020946,0.123535,0.029114,0.991898,1.592172,0.99086,-0.361799,O02_L15_01,3.303864,3.147339
747.8708,0.000012,-0.00273,-0.020924,0.123703,0.029129,0.991882,1.592174,0.990848,-0.362162,O02_L15_01,3.295822,3.155579
747.8812,-0.000104,-0.002731,-0.020919,0.123413,0.029312,0.991913,1.592167,0.990836,-0.361206,O02_L15_01,3.296692,3.171021
747.8923,-0.001111,-0.002736,-0.020891,0.122482,0.029449,0.99202,1.592164,0.990957,-0.359545,O02_L15_01,3.296738,3.188278
747.9034,-0.001111,-0.002736,-0.020891,0.122482,0.029449,0.99202,1.592155,0.990817,-0.359235,O02_L15_01,3.296738,3.188278
747.9146,-0.000636,-0.002736,-0.020888,0.122315,0.02916,0.99205,1.592108,0.989924,-0.359267,O02_L15_01,3.270554,3.195694
747.9257,0.000165,-0.002677,-0.021058,0.118973,0.02681,0.992523,1.591863,0.985896,-0.353778,O02_L15_01,3.271271,3.177322
747.937,-0.000346,-0.002676,-0.021065,0.118195,0.027634,0.9926,1.591907,0.986918,-0.352279,O02_L15_01,3.271729,3.190308
747.9479,-0.000346,-0.002676,-0.021065,0.118195,0.027634,0.9926,1.591897,0.986702,-0.35244,O02_L15_01,3.271729,3.190308
747.9589,-0.001378,-0.00268,-0.021048,0.118485,0.028885,0.992523,1.592014,0.988882,-0.352899,O02_L15_01,3.277115,3.191605
747.9708,-0.00191,-0.002682,-0.021033,0.118454,0.028778,0.992539,1.592002,0.988647,-0.353004,O02_L15_01,3.277298,3.194885
747.9811,-0.00191,-0.002682,-0.021033,0.118454,0.028778,0.992539,1.591988,0.988369,-0.35303,O02_L15_01,3.277298,3.194885
747.9922,-0.001679,-0.002682,-0.021032,0.117645,0.029861,0.9926,1.592059,0.989912,-0.351385,O02_L15_01,3.271805,3.197174
748.0033,-0.001281,-0.002685,-0.021015,0.118805,0.031128,0.992416,1.592159,0.991586,-0.353396,O02_L15_01,3.273193,3.196411
748.0145,-0.001281,-0.002685,-0.021015,0.118805,0.031128,0.992416,1.592171,0.991799,-0.353487,O02_L15_01,3.273193,3.196411
748.0256,-0.000519,-0.002748,-0.020823,0.122788,0.032898,0.991882,1.592335,0.994163,-0.359983,O02_L15_01,3.273438,3.18718
748.0369,0.001426,-0.002925,-0.02064,0.120987,0.012543,0.992569,1.590461,0.958614,-0.358367,O02_L15_01,3.257248,3.11528
748.0479,0.008976,-0.002915,-0.021369,0.076416,-0.04187,0.996185,1.585108,0.864936,-0.286447,O02_L15_01,3.224304,3.226074
748.0589,0.008976,-0.002915,-0.021369,0.076416,-0.04187,0.996185,1.585074,0.864321,-0.286233,O02_L15_01,3.224304,3.226074
748.0711,0.006364,-0.002898,-0.021452,0.075989,-0.039078,0.996338,1.585319,0.869138,-0.284972,O02_L15_01,3.195984,3.119965
748.0811,0.000773,-0.002883,-0.02142,0.07254,-0.043472,0.996414,1.584869,0.861221,-0.279276,O02_L15_01,3.178482,3.117828
748.0923,-0.002333,-0.00288,-0.021384,0.069962,-0.041718,0.996674,1.584991,0.86407,-0.27472,O02_L15_01,3.17598,3.077133
748.1033,-0.002333,-0.00288,-0.021384,0.069962,-0.041718,0.996674,1.584973,0.863788,-0.274269,O02_L15_01,3.17598,3.077133
748.1147,-0.00913,-0.002873,-0.02132,0.067123,-0.043854,0.996765,1.58865,0.857815,-0.270316,O02_L15_01,3.145081,3.113281
748.126,0.00272,-0.002891,-0.021407,0.072937,-0.041901,0.996445,1.5849,0.861797,-0.279432,O02_L15_01,3.145233,3.113007
748.1369,0.00272,-0.002891,-0.021407,0.072937,-0.041901,0.996445,1.584862,0.861082,-0.279311,O02_L15_01,3.145233,3.113007
748.1478,0.00199,-0.002897,-0.021393,0.07283,-0.039673,0.996552,1.585026,0.864239,-0.278992,O02_L15_01,3.146118,3.11322
748.1591,0.002395,-0.002899,-0.021391,0.073471,-0.039642,0.996506,1.585018,0.863987,-0.279891,O02_L15_01,3.142288,3.098129
748.17,0.002455,-0.0029,-0.021391,0.073746,-0.038544,0.996521,1.585103,0.865552,-0.280434,O02_L15_01,3.112595,3.107498
748.1813,0.002455,-0.0029,-0.021391,0.073746,-0.038544,0.996521,1.585105,0.865571,-0.280545,O02_L15_01,3.112595,3.107498
748.1922,0.002973,-0.0029,-0.021387,0.074814,-0.039185,0.996414,1.585056,0.864423,-0.282311,O02_L15_01,3.111115,3.103592
748.2034,0.002461,-0.002902,-0.021372,0.0746,-0.039322,0.996429,1.585036,0.864103,-0.281764,O02_L15_01,3.113586,3.107666
748.2144,0.002461,-0.002902,-0.021372,0.0746,-0.039322,0.996429,1.585036,0.864079,-0.282084,O02_L15_01,3.113586,3.107666
748.2256,0.002116,-0.002902,-0.021361,0.075775,-0.039597,0.996323,1.585013,0.863438,-0.283784,O02_L15_01,3.100952,3.115051
748.2368,0.001158,-0.002901,-0.02134,0.07637,-0.040604,0.996246,1.584921,0.861572,-0.284708,O02_L15_01,3.101501,3.114792
748.2478,0.000771,-0.002899,-0.021323,0.077164,-0.041428,0.996155,1.584831,0.859685,-0.286135,O02_L15_01,3.109238,3.115921
748.259,0.000771,-0.002899,-0.021323,0.077164,-0.041428,0.996155,1.584813,0.8594,-0.285741,O02_L15_01,3.109238,3.115921
748.2709,0.000722,-0.002899,-0.02132,0.077881,-0.042206,0.996063,1.584741,0.857855,-0.28705,O02_L15_01,3.109253,3.115524
748.2809,0.00029,-0.002901,-0.021313,0.079239,-0.041626,0.995972,1.584768,0.858109,-0.289301,O02_L15_01,3.125137,3.131165
748.2922,0.00029,-0.002901,-0.021313,0.079239,-0.041626,0.995972,1.584739,0.85756,-0.289266,O02_L15_01,3.125137,3.131165
748.3033,0.00083,-0.002902,-0.021313,0.07959,-0.042633,0.995911,1.584629,0.855411,-0.28978,O02_L15_01,3.125412,3.115448
748.3143,0,-0.002905,-0.021298,0.079193,-0.041855,0.995972,1.584673,0.856335,-0.288969,O02_L15_01,3.13414,3.115952
748.3257,0.000576,-0.002907,-0.0213,0.07962,-0.041443,0.995956,1.58469,0.85655,-0.289895,O02_L15_01,3.126358,3.112
748.3365,0.000576,-0.002907,-0.0213,0.07962,-0.041443,0.995956,1.584673,0.856227,-0.289883,O02_L15_01,3.126358,3.112
748.3476,0.001032,-0.00291,-0.021302,0.080353,-0.040085,0.995956,1.584791,0.858323,-0.291232,O02_L15_01,3.134811,3.110306
748.359,0.001326,-0.002914,-0.021299,0.080719,-0.038849,0.995972,1.584909,0.860503,-0.291807,O02_L15_01,3.134827,3.110916
748.3708,0.001326,-0.002914,-0.021299,0.080719,-0.038849,0.995972,1.584912,0.860565,-0.291764,O02_L15_01,3.134827,3.110916
748.3811,-0.00002,-0.002912,-0.02129,0.079773,-0.038437,0.996063,1.584938,0.861254,-0.290229,O02_L15_01,3.109695,3.111252
748.3921,-0.00042,-0.002907,-0.021292,0.079956,-0.038361,0.996048,1.584942,0.861318,-0.290349,O02_L15_01,3.109268,3.113388
748.4031,-0.00042,-0.002907,-0.021292,0.079956,-0.038361,0.996048,1.584967,0.861776,-0.290501,O02_L15_01,3.109268,3.113388
748.4142,-0.001443,-0.002903,-0.021286,0.079346,-0.038498,0.996094,1.584933,0.861276,-0.28917,O02_L15_01,3.1091,3.125687
748.4256,-0.002039,-0.002901,-0.021281,0.0793,-0.039352,0.996063,1.584848,0.859688,-0.288968,O02_L15_01,3.108505,3.138275
748.4365,-0.002413,-0.002901,-0.021277,0.079254,-0.039063,0.996079,1.584857,0.859884,-0.288663,O02_L15_01,3.108994,3.138199
748.4477,-0.002413,-0.002901,-0.021277,0.079254,-0.039063,0.996079,1.58483,0.859332,-0.288985,O02_L15_01,3.108994,3.138199
748.4587,-0.00251,-0.002901,-0.021276,0.079956,-0.039795,0.996002,1.584708,0.856886,-0.290083,O02_L15_01,3.11499,3.139343
748.4708,-0.001978,-0.002917,-0.021251,0.080109,-0.037827,0.996063,1.58487,0.859932,-0.290463,O02_L15_01,3.115265,3.144775
748.4809,-0.001978,-0.002917,-0.021251,0.080109,-0.037827,0.996063,1.584833,0.859185,-0.290667,O02_L15_01,3.115265,3.144775
748.492,-0.001724,-0.002922,-0.021232,0.080917,-0.03862,0.995956,1.584724,0.856921,-0.292268,O02_L15_01,3.120468,3.140121
748.5031,-0.001653,-0.002924,-0.021231,0.081482,-0.038681,0.995911,1.584698,0.856266,-0.293696,O02_L15_01,3.120773,3.139694
748.5142,-0.000873,-0.002931,-0.021233,0.081818,-0.036697,0.995956,1.584861,0.859267,-0.294597,O02_L15_01,3.122025,3.120544
748.5255,-0.000873,-0.002931,-0.021233,0.081818,-0.036697,0.995956,1.584841,0.858866,-0.294751,O02_L15_01,3.122025,3.120544
748.5366,0.000841,-0.002934,-0.021243,0.081589,-0.037125,0.995972,1.58478,0.857744,-0.294495,O02_L15_01,3.117355,3.086136
748.5476,0.00288,-0.002935,-0.021254,0.082703,-0.036011,0.995911,1.584897,0.859736,-0.296418,O02_L15_01,3.103897,3.051651
748.5588,0.00288,-0.002935,-0.021254,0.082703,-0.036011,0.995911,1.584875,0.859349,-0.296112,O02_L15_01,3.103897,3.051651
748.5699,0.004233,-0.002937,-0.02126,0.083633,-0.03537,0.995865,1.584934,0.860318,-0.297549,O02_L15_01,3.077637,3.005646
748.5808,0.003251,-0.002936,-0.021253,0.082047,-0.035599,0.995987,1.5849,0.859998,-0.294724,O02_L15_01,3.060562,2.991104
748.592,0.001883,-0.002932,-0.021235,0.08168,-0.032211,0.996124,1.585186,0.865621,-0.293376,O02_L15_01,3.034515,2.950027
748.6031,0.001883,-0.002932,-0.021235,0.08168,-0.032211,0.996124,1.585161,0.865163,-0.29318,O02_L15_01,3.034515,2.950027
748.6142,0.001093,-0.002934,-0.021228,0.08168,-0.03186,0.99614,1.585156,0.865083,-0.29304,O02_L15_01,3.004517,2.886566
748.6252,0.001251,-0.002942,-0.021221,0.082932,-0.030792,0.996079,1.585246,0.86659,-0.294837,O02_L15_01,2.999573,2.822372
748.6364,0.000553,-0.002942,-0.021213,0.082123,-0.030594,0.99614,1.585242,0.86664,-0.29365,O02_L15_01,2.968582,2.809052
748.6475,0.000553,-0.002942,-0.021213,0.082123,-0.030594,0.99614,1.585228,0.866393,-0.293534,O02_L15_01,2.968582,2.809052
748.6589,-0.000184,-0.002941,-0.021208,0.081726,-0.02948,0.996216,1.585329,0.868426,-0.29263,O02_L15_01,2.944595,2.787231
748.6707,-0.000509,-0.002939,-0.021206,0.081573,-0.029694,0.996216,1.585311,0.868102,-0.29239,O02_L15_01,2.944672,2.737457
748.6808,-0.000509,-0.002939,-0.021206,0.081573,-0.029694,0.996216,1.585285,0.8676,-0.292533,O02_L15_01,2.944672,2.737457
748.6919,-0.000703,-0.002938,-0.021208,0.081955,-0.029984,0.99617,1.585255,0.866939,-0.293206,O02_L15_01,2.944519,2.693024
748.7031,-0.000735,-0.002933,-0.021213,0.08226,-0.029129,0.99617,1.585313,0.867971,-0.293964,O02_L15_01,2.931107,2.677826
748.7141,-0.000735,-0.002933,-0.021213,0.08226,-0.029129,0.99617,1.585263,0.866995,-0.294061,O02_L15_01,2.931107,2.677826
748.7253,-0.000584,-0.002924,-0.021223,0.082062,-0.030914,0.99614,1.58505,0.862948,-0.293976,O02_L15_01,2.901367,2.61731
748.7364,-0.000318,-0.002922,-0.021232,0.081238,-0.03093,0.996201,1.585004,0.862202,-0.292801,O02_L15_01,2.860184,2.610184
748.7474,-0.001579,-0.002921,-0.021234,0.079575,-0.030502,0.996353,1.585009,0.862632,-0.290012,O02_L15_01,2.805908,2.606812
748.7588,-0.001579,-0.002921,-0.021234,0.079575,-0.030502,0.996353,1.584976,0.861975,-0.290204,O02_L15_01,2.805908,2.606812
748.7708,-0.001998,-0.002896,-0.02128,0.078644,-0.033249,0.996338,1.58466,0.856095,-0.288911,O02_L15_01,2.785034,2.556366
748.7809,-0.001877,-0.002891,-0.021282,0.077789,-0.035614,0.996323,1.58437,0.850709,-0.287667,O02_L15_01,2.777496,2.545563
748.7919,-0.001877,-0.002891,-0.021282,0.077789,-0.035614,0.996323,1.584344,0.850208,-0.287831,O02_L15_01,2.777496,2.545563
748.8031,-0.001537,-0.002891,-0.021284,0.077911,-0.036972,0.996262,1.584154,0.846539,-0.28809,O02_L15_01,2.769852,2.531128
748.8141,-0.002068,-0.002889,-0.021281,0.076538,-0.037262,0.996368,1.584054,0.844928,-0.285588,O02_L15_01,2.750595,2.483398
748.8253,-0.000268,-0.002891,-0.021292,0.076553,-0.035431,0.996429,1.584167,0.847108,-0.285335,O02_L15_01,2.721344,2.460953
748.8363,-0.000268,-0.002891,-0.021292,0.076553,-0.035431,0.996429,1.584089,0.845644,-0.285201,O02_L15_01,2.721344,2.460953
748.8476,-0.000062,-0.00289,-0.021289,0.076859,-0.03566,0.996399,1.584012,0.844111,-0.28566,O02_L15_01,2.70842,2.435364
748.8587,0.000008,-0.00289,-0.021283,0.07634,-0.035141,0.99646,1.584001,0.844078,-0.28422,O02_L15_01,2.704025,2.427277
748.8701,-0.000293,-0.002891,-0.021266,0.076416,-0.035767,0.996429,1.583884,0.841816,-0.284526,O02_L15_01,2.696762,2.402008
748.8811,-0.000293,-0.002891,-0.021266,0.076416,-0.035767,0.996429,1.583828,0.840781,-0.284143,O02_L15_01,2.696762,2.402008
748.892,-0.002651,-0.002887,-0.021246,0.075134,-0.036713,0.996491,1.583676,0.838139,-0.281974,O02_L15_01,2.677414,2.399811
748.903,-0.002703,-0.002883,-0.021237,0.075363,-0.036774,0.996475,1.583601,0.836681,-0.282163,O02_L15_01,2.6772,2.397614
748.9141,-0.002703,-0.002883,-0.021237,0.075363,-0.036774,0.996475,1.583509,0.83494,-0.282099,O02_L15_01,2.6772,2.397614
748.9252,-0.002482,-0.002878,-0.021227,0.076294,-0.038071,0.996353,1.583282,0.830427,-0.283691,O02_L15_01,2.663101,2.398193
748.9363,-0.000157,-0.002874,-0.021226,0.074951,-0.034149,0.996597,1.583548,0.835802,-0.281167,O02_L15_01,2.627991,2.401459
748.9474,0.00011,-0.002876,-0.021224,0.075836,-0.032654,0.996582,1.583609,0.836802,-0.282574,O02_L15_01,2.59494,2.399094
748.9586,0.00011,-0.002876,-0.021224,0.075836,-0.032654,0.996582,1.583521,0.835123,-0.282467,O02_L15_01,2.59494,2.399094
748.9696,-0.007185,-0.002959,-0.021309,0.052689,-0.062119,0.996674,1.65271,0.742274,-0.256099,O02_G06_03,2.542068,2.362396
748.981,-0.012416,-0.002975,-0.021517,0.029144,-0.088211,0.995667,1.525427,0.763435,-0.198015,O02_L22,2.432373,2.402618
748.9918,-0.012416,-0.002975,-0.021517,0.029144,-0.088211,0.995667,1.524653,0.763313,-0.197931,O02_L22,2.432373,2.402618
749.003,-0.006706,-0.003061,-0.021448,0.033371,-0.088501,0.995514,1.523781,0.761822,-0.204661,O02_L22,2.496368,2.387985
749.014,0.000486,-0.003092,-0.021424,0.03334,-0.086716,0.995667,1.52621,0.762273,-0.204588,O02_L22,2.50795,2.363434
749.0252,0.003767,-0.003101,-0.021417,0.03331,-0.087692,0.995575,1.522149,0.761744,-0.203574,O02_L22,2.527084,2.362244
749.0363,0.003767,-0.003101,-0.021417,0.03331,-0.087692,0.995575,1.520268,0.761472,-0.203241,O02_L22,2.527084,2.362244
749.0474,0.004966,-0.003105,-0.021405,0.032394,-0.087494,0.995636,1.518338,0.761506,-0.201325,O02_L22,2.545853,2.387939
749.0584,-0.000998,-0.003081,-0.021414,0.029739,-0.089066,0.995575,1.511389,0.761354,-0.195793,O02_L22,2.546463,2.387894
749.0697,-0.000998,-0.003081,-0.021414,0.029739,-0.089066,0.995575,1.509826,0.761222,-0.195045,O02_L22,2.546463,2.387894
749.0807,-0.000213,-0.003089,-0.021399,0.030045,-0.088608,0.995606,1.509712,0.761121,-0.195451,O02_L22,2.546707,2.388016
749.0917,0.00016,-0.003095,-0.021382,0.030151,-0.088165,0.995636,1.508949,0.761019,-0.195271,O02_L22,2.542526,2.394531
749.1029,0.00016,-0.003095,-0.021382,0.030151,-0.088165,0.995636,1.508058,0.760932,-0.194906,O02_L22,2.542526,2.394531
749.114,0.001025,-0.003099,-0.021367,0.030777,-0.088104,0.995621,1.507167,0.760609,-0.195727,O02_L22,2.552902,2.409027
749.1251,0.001576,-0.003102,-0.021348,0.031082,-0.087967,0.995636,1.506212,0.760417,-0.195826,O02_L22,2.587524,2.419693
749.1362,0.000036,-0.003095,-0.021336,0.030365,-0.086273,0.995804,1.509362,0.761207,-0.194698,O02_L22,2.616547,2.445953
749.1474,0.000036,-0.003095,-0.021336,0.030365,-0.086273,0.995804,1.507887,0.761005,-0.194379,O02_L22,2.616547,2.445953
749.1584,-0.000762,-0.003091,-0.021334,0.029511,-0.085144,0.995926,1.509614,0.761552,-0.193187,O02_L22,2.616577,2.450928
749.1696,0.000219,-0.003093,-0.021322,0.032608,-0.084946,0.99585,1.510296,0.760692,-0.19814,O02_L22,2.616379,2.454941
749.1806,0.000219,-0.003093,-0.021322,0.032608,-0.084946,0.99585,1.509187,0.760558,-0.19781,O02_L22,2.616379,2.454941
749.1918,0.00006,-0.003089,-0.021317,0.032455,-0.083542,0.995972,1.511691,0.760999,-0.197856,O02_L22,2.62352,2.466492
749.203,-0.002102,-0.003075,-0.021323,0.031998,-0.084503,0.995895,1.508003,0.760627,-0.19639,O02_L22,2.629807,2.471466
749.2139,-0.002944,-0.003068,-0.021329,0.031479,-0.083588,0.995987,1.509397,0.761043,-0.195556,O02_L22,2.645096,2.484039
749.2252,-0.002944,-0.003068,-0.021329,0.031479,-0.083588,0.995987,1.5083,0.760931,-0.195129,O02_L22,2.645096,2.484039
749.2362,-0.006547,-0.003047,-0.02134,0.029922,-0.084839,0.995941,1.5043,0.760859,-0.191867,O02_L22,2.675903,2.505066
749.2473,-0.006462,-0.003043,-0.021344,0.029892,-0.082672,0.996124,1.509293,0.761731,-0.191991,O02_L22,2.692093,2.517593
749.2584,-0.006462,-0.003043,-0.021344,0.029892,-0.082672,0.996124,1.509301,0.761764,-0.191833,O02_L22,2.692093,2.517593
749.2697,-0.003218,-0.003054,-0.021334,0.031631,-0.078537,0.996399,1.520741,0.763049,-0.195719,O02_L22,2.701004,2.519699
749.2806,-0.003683,-0.00305,-0.021334,0.032394,-0.078568,0.996368,1.520333,0.76279,-0.196652,O02_L22,2.72113,2.540131
749.2918,-0.003357,-0.003047,-0.021337,0.03331,-0.078766,0.996323,1.519737,0.76248,-0.197678,O02_L22,2.728806,2.556778
749.3029,-0.003357,-0.003047,-0.021337,0.03331,-0.078766,0.996323,1.519785,0.762529,-0.197472,O02_L22,2.728806,2.556778
749.314,-0.000591,-0.003055,-0.021335,0.035584,-0.078033,0.996307,1.521594,0.762128,-0.201137,O02_L22,2.74025,2.560059
749.3251,-0.000535,-0.003054,-0.021333,0.036011,-0.077438,0.996338,1.523554,0.762335,-0.201868,O02_L22,2.756546,2.56546
749.3362,-0.000535,-0.003054,-0.021333,0.036011,-0.077438,0.996338,1.522968,0.762328,-0.201373,O02_L22,2.756546,2.56546
749.3473,-0.000847,-0.003052,-0.021334,0.036301,-0.077408,0.996323,1.523079,0.762344,-0.20139,O02_L22,2.774216,2.580948
749.3583,-0.000323,-0.003054,-0.021331,0.037094,-0.077103,0.996323,1.523719,0.762268,-0.202355,O02_L22,2.774338,2.596909
749.3698,0.000074,-0.003055,-0.02133,0.038147,-0.076782,0.996307,1.524238,0.762022,-0.204064,O02_L22,2.790207,2.619034
749.3806,0.000074,-0.003055,-0.02133,0.038147,-0.076782,0.996307,1.523232,0.761945,-0.203543,O02_L22,2.790207,2.619034
749.3917,-0.000805,-0.003054,-0.021327,0.037979,-0.077576,0.996262,1.52037,0.761556,-0.202913,O02_L22,2.805679,2.621613
749.4028,-0.000863,-0.003058,-0.021318,0.038055,-0.077454,0.996262,1.520186,0.761471,-0.203176,O02_L22,2.789703,2.640793
749.4139,-0.000863,-0.003058,-0.021318,0.038055,-0.077454,0.996262,1.519674,0.761332,-0.203409,O02_L22,2.789703,2.640793
749.425,-0.0006,-0.003067,-0.02131,0.038422,-0.075836,0.996368,1.524072,0.761778,-0.205145,O02_L22,2.806,2.642761
749.4361,-0.002077,-0.003067,-0.021303,0.037308,-0.075897,0.996414,1.523647,0.761968,-0.203802,O02_L22,2.806076,2.655975
749.4473,-0.002028,-0.003074,-0.021291,0.038269,-0.075516,0.996399,1.525566,0.761873,-0.206019,O02_L22,2.820221,2.656418
749.4584,-0.002028,-0.003074,-0.021291,0.038269,-0.075516,0.996399,1.525808,0.761886,-0.206175,O02_L22,2.820221,2.656418
749.4699,-0.002314,-0.003073,-0.021284,0.037292,-0.075592,0.996429,1.525489,0.762069,-0.204965,O02_L22,2.806198,2.661972
749.4807,-0.002223,-0.003073,-0.021284,0.037338,-0.075775,0.996414,1.525576,0.762079,-0.204991,O02_L22,2.809448,2.661789
749.4918,-0.002925,-0.003071,-0.021285,0.037018,-0.076187,0.996399,1.52459,0.762018,-0.204406,O02_L22,2.809479,2.661758
749.5027,-0.002925,-0.003071,-0.021285,0.037018,-0.076187,0.996399,1.524589,0.762053,-0.204228,O02_L22,2.809479,2.661758
749.5139,-0.001708,-0.003077,-0.021284,0.037598,-0.076019,0.996384,1.524785,0.761975,-0.204801,O02_L22,2.809601,2.661346
749.525,-0.000973,-0.003077,-0.021284,0.037109,-0.076386,0.996384,1.523466,0.761977,-0.203594,O02_L22,2.809265,2.661041
749.5372,-0.00112,-0.003077,-0.021288,0.037506,-0.076584,0.996353,1.522986,0.761799,-0.204056,O02_L22,2.789841,2.671051
749.5472,-0.00112,-0.003077,-0.021288,0.037506,-0.076584,0.996353,1.522757,0.761741,-0.204139,O02_L22,2.789841,2.671051
749.5582,-0.000807,-0.003078,-0.021288,0.03772,-0.076828,0.996323,1.523007,0.761705,-0.204549,O02_L22,2.793121,2.655029
749.5696,-0.000883,-0.003078,-0.021288,0.036911,-0.076935,0.996338,1.522189,0.761787,-0.203397,O02_L22,2.789001,2.643631
749.5804,-0.000883,-0.003078,-0.021288,0.036911,-0.076935,0.996338,1.523363,0.761944,-0.203669,O02_L22,2.789001,2.643631
749.5917,-0.000892,-0.00308,-0.021288,0.036957,-0.076874,0.996353,1.524147,0.762002,-0.204084,O02_L22,2.788452,2.643677
749.6028,-0.001506,-0.00308,-0.021289,0.036301,-0.076904,0.996368,1.524579,0.762269,-0.203127,O02_L22,2.769623,2.64563
749.6138,-0.001506,-0.00308,-0.021289,0.036301,-0.076904,0.996368,1.524867,0.762212,-0.203677,O02_L22,2.769623,2.64563
749.6251,-0.000744,-0.003084,-0.021286,0.036697,-0.078262,0.996246,1.521229,0.761456,-0.204195,O02_L22,2.76828,2.645752
749.636,-0.001013,-0.003084,-0.021284,0.036804,-0.078445,0.996231,1.521325,0.761325,-0.204944,O02_L22,2.766388,2.645828
749.6472,-0.001013,-0.003084,-0.021284,0.036804,-0.078445,0.996231,1.521417,0.761285,-0.205225,O02_L22,2.766388,2.645828
749.6583,-0.000916,-0.003086,-0.021279,0.03717,-0.077347,0.996307,1.524269,0.761583,-0.206311,O02_L22,2.768875,2.64592
749.6697,-0.001148,-0.003085,-0.021279,0.03685,-0.077347,0.996307,1.524716,0.76164,-0.206425,O02_L22,2.769882,2.645706
749.6804,-0.0012,-0.003085,-0.021277,0.036697,-0.077576,0.996307,1.524239,0.761605,-0.206168,O02_L22,2.795654,2.645782
749.6917,-0.0012,-0.003085,-0.021277,0.036697,-0.077576,0.996307,1.524361,0.761592,-0.206346,O02_L22,2.795654,2.645782
749.7026,-0.001445,-0.003085,-0.021277,0.036758,-0.078445,0.996231,1.52237,0.761274,-0.206145,O02_L22,2.810898,2.652206
749.7137,-0.001615,-0.003085,-0.021278,0.035873,-0.078461,0.996262,1.522379,0.761657,-0.20422,O02_L22,2.810593,2.664673
749.7249,-0.001615,-0.003085,-0.021278,0.035873,-0.078461,0.996262,1.523203,0.761842,-0.204037,O02_L22,2.810593,2.664673
749.7361,-0.001663,-0.003085,-0.021278,0.03595,-0.078827,0.996231,1.522691,0.761842,-0.203572,O02_L22,2.810654,2.652344
749.7472,-0.001704,-0.003084,-0.021282,0.035828,-0.078842,0.996231,1.523159,0.762069,-0.202852,O02_L22,2.794983,2.664276
749.7582,-0.001437,-0.003085,-0.021284,0.03595,-0.079071,0.996216,1.52332,0.762161,-0.202533,O02_L22,2.795013,2.66449
749.7697,-0.001437,-0.003085,-0.021284,0.03595,-0.079071,0.996216,1.523856,0.762408,-0.201775,O02_L22,2.795013,2.66449
749.7803,-0.001809,-0.003084,-0.021284,0.036118,-0.079941,0.99614,1.521731,0.762197,-0.20091,O02_L22,2.807663,2.664337
749.7916,-0.001568,-0.003083,-0.021286,0.036194,-0.079559,0.99617,1.522993,0.762553,-0.200259,O02_L22,2.807129,2.664429
749.8026,-0.001568,-0.003083,-0.021286,0.036194,-0.079559,0.99617,1.523557,0.762851,-0.199266,O02_L22,2.807129,2.664429
749.8137,-0.001719,-0.003083,-0.021286,0.036163,-0.079941,0.99614,1.522546,0.762875,-0.198232,O02_L22,2.791275,2.660721
749.8249,-0.003224,-0.003031,-0.021342,0.026993,-0.074814,0.996826,1.532979,0.767696,-0.183365,O02_L22,2.80159,2.667465
749.8361,0.007109,-0.003032,-0.021274,0.016159,-0.066681,0.997635,1.550911,0.774341,-0.166097,O02_L22,2.956451,2.647903
749.847,0.007109,-0.003032,-0.021274,0.016159,-0.066681,0.997635,1.550638,0.77451,-0.165,O02_L22,2.956451,2.647903
749.8582,0.013113,-0.003062,-0.021253,0.022842,-0.061035,0.997864,1.567879,0.775177,-0.177254,O02_L22,2.904297,2.653885
749.8692,0.017774,-0.003085,-0.021243,0.026276,-0.061035,0.997788,1.568803,0.77429,-0.182565,O02_L22,2.905838,2.652695
749.8804,0.017774,-0.003085,-0.021243,0.026276,-0.061035,0.997788,1.568171,0.774339,-0.181746,O02_L22,2.905838,2.652695
749.8915,0.011421,-0.003052,-0.021287,0.021622,-0.062012,0.997833,1.563806,0.775374,-0.172573,O02_L22,2.888474,2.682312
749.9026,0.003035,-0.003009,-0.02134,0.01709,-0.066666,0.99762,1.548954,0.774573,-0.163155,O02_L22,2.913071,2.708145
749.9137,0.003035,-0.003009,-0.02134,0.01709,-0.066666,0.99762,1.548038,0.774576,-0.162309,O02_L22,2.913071,2.708145
749.9249,0.00367,-0.003012,-0.021337,0.018402,-0.066345,0.99762,1.548758,0.774349,-0.164107,O02_L22,2.887772,2.718414
749.936,0.003814,-0.003012,-0.021334,0.019669,-0.066177,0.997604,1.549405,0.774076,-0.166071,O02_L22,2.888199,2.718552
749.947,0.002054,-0.003004,-0.021343,0.019791,-0.067535,0.997513,1.545547,0.773455,-0.165705,O02_L22,2.912613,2.719757
749.9581,0.002054,-0.003004,-0.021343,0.019791,-0.067535,0.997513,1.545302,0.773428,-0.165622,O02_L22,2.912613,2.719757
749.9693,0.001222,-0.003,-0.021348,0.020691,-0.067245,0.997513,1.546176,0.773322,-0.166949,O02_L22,2.904617,2.712585
749.9804,0.000157,-0.002995,-0.021355,0.018906,-0.067657,0.997528,1.544629,0.773617,-0.164055,O02_L22,2.904602,2.727356
749.9915,0.000157,-0.002995,-0.021355,0.018906,-0.067657,0.997528,1.544874,0.77369,-0.163913,O02_L22,2.904602,2.727356
750.0026,-0.000109,-0.00299,-0.021351,0.019165,-0.068741,0.997437,1.542074,0.77311,-0.1643,O02_L22,2.903992,2.727783
750.0137,0.000173,-0.002993,-0.021337,0.018326,-0.069412,0.997406,1.540096,0.773062,-0.162749,O02_L22,2.919296,2.713409
750.0247,-0.000748,-0.002989,-0.021322,0.017487,-0.070038,0.997376,1.537948,0.772987,-0.161182,O02_L22,2.867813,2.706009
750.0359,-0.000748,-0.002989,-0.021322,0.017487,-0.070038,0.997376,1.537505,0.772906,-0.161189,O02_L22,2.867813,2.706009
750.047,-0.000368,-0.002996,-0.021304,0.018036,-0.070068,0.997376,1.537716,0.772767,-0.162083,O02_L22,2.910934,2.691498
750.058,-0.000381,-0.002997,-0.021304,0.017853,-0.069855,0.997391,1.537681,0.77283,-0.161733,O02_L22,2.91095,2.691666
750.0693,-0.000381,-0.002997,-0.021304,0.017853,-0.069855,0.997391,1.536905,0.772709,-0.161638,O02_L22,2.91095,2.691666
750.0803,-0.000443,-0.002998,-0.021303,0.017761,-0.06752,0.997559,1.542551,0.773674,-0.161885,O02_L22,2.874863,2.690796
750.0916,0.000325,-0.003003,-0.021296,0.018646,-0.067017,0.997574,1.543845,0.773529,-0.163792,O02_L22,2.875061,2.689316
750.1027,0.000187,-0.003004,-0.021294,0.018951,-0.066696,0.997589,1.543989,0.773456,-0.16429,O02_L22,2.875275,2.676224
750.1137,0.000187,-0.003004,-0.021294,0.018951,-0.066696,0.997589,1.543764,0.773379,-0.164473,O02_L22,2.875275,2.676224
750.1247,-0.000479,-0.003001,-0.021296,0.018692,-0.067078,0.997559,1.54185,0.773151,-0.16389,O02_L22,2.874969,2.689529
750.136,-0.000681,-0.003001,-0.021297,0.018433,-0.066925,0.997574,1.542531,0.77336,-0.163452,O02_L22,2.873245,2.689575
750.147,-0.000681,-0.003001,-0.021297,0.018433,-0.066925,0.997574,1.542497,0.773343,-0.163506,O02_L22,2.873245,2.689575
750.1581,-0.000193,-0.003004,-0.021295,0.018921,-0.066864,0.997574,1.543077,0.773305,-0.164223,O02_L22,2.874741,2.68956
750.1692,0.000028,-0.003005,-0.021295,0.018951,-0.067459,0.997528,1.541264,0.77304,-0.163917,O02_L22,2.872665,2.656647
750.1802,0.000028,-0.003005,-0.021295,0.018951,-0.067459,0.997528,1.540446,0.77292,-0.163781,O02_L22,2.872665,2.656647
750.1914,-0.000397,-0.003001,-0.021301,0.018753,-0.067764,0.997513,1.539445,0.772903,-0.16296,O02_L22,2.872299,2.641953
750.2025,-0.000059,-0.003001,-0.0213,0.019287,-0.06781,0.997498,1.539573,0.772844,-0.163373,O02_L22,2.872253,2.665604
750.2137,-0.000059,-0.003001,-0.0213,0.019287,-0.06781,0.997498,1.539579,0.772898,-0.163107,O02_L22,2.872253,2.665604
750.2248,0.000544,-0.003003,-0.0213,0.019211,-0.067078,0.997559,1.541357,0.773327,-0.162556,O02_L22,2.873978,2.66748
750.2358,-0.000582,-0.002998,-0.021305,0.01825,-0.067413,0.997543,1.539275,0.773346,-0.160573,O02_L22,2.874298,2.665421
750.247,0.000519,-0.003002,-0.021301,0.019012,-0.066925,0.997574,1.540153,0.773216,-0.162026,O02_L22,2.872604,2.65596
750.2581,0.000519,-0.003002,-0.021301,0.019012,-0.066925,0.997574,1.539849,0.773202,-0.16182,O02_L22,2.872604,2.65596
750.2692,0.000545,-0.003002,-0.0213,0.018692,-0.067474,0.997543,1.537479,0.772936,-0.161014,O02_L22,2.867447,2.669647
750.2804,-0.000045,-0.003002,-0.0213,0.018433,-0.067459,0.997543,1.53728,0.772955,-0.16074,O02_L22,2.868835,2.66954
750.2914,-0.000045,-0.003002,-0.0213,0.018433,-0.067459,0.997543,1.537141,0.772882,-0.160979,O02_L22,2.868835,2.66954
750.3025,-0.000287,-0.003004,-0.0213,0.018906,-0.06575,0.99765,1.541698,0.773346,-0.16277,O02_L22,2.868958,2.670563
750.3135,-0.000287,-0.003009,-0.021284,0.018509,-0.065659,0.997665,1.542053,0.77352,-0.162213,O02_L22,2.876694,2.672241
750.3247,-0.000298,-0.003013,-0.021272,0.018311,-0.065948,0.99765,1.540704,0.773349,-0.161851,O02_L22,2.878967,2.67131
750.3358,-0.000298,-0.003013,-0.021272,0.018311,-0.065948,0.99765,1.540197,0.773274,-0.161772,O02_L22,2.878967,2.67131
750.3469,0.000485,-0.003016,-0.021268,0.019058,-0.067795,0.997513,1.534971,0.772241,-0.162248,O02_L22,2.878799,2.658737
750.3579,0.000933,-0.00302,-0.021267,0.019806,-0.067261,0.997528,1.536386,0.772275,-0.163359,O02_L22,2.885864,2.658585
750.3698,0.000933,-0.00302,-0.021267,0.019806,-0.067261,0.997528,1.535488,0.772301,-0.16241,O02_L22,2.885864,2.658585
750.3801,0.000978,-0.003021,-0.021267,0.019852,-0.067307,0.997528,1.534697,0.772275,-0.161827,O02_L22,2.888458,2.658386
750.3914,0.015889,-0.003101,-0.021392,-0.002029,-0.078598,0.996903,1.55103,0.742274,-0.126325,O02_G06_03,2.844788,2.760986
750.4023,0.030311,-0.003475,-0.020575,-0.032806,-0.079117,0.996323,0.616989,1.283299,-0.033274,CursorCube,2.817032,2.554474
750.4135,0.030311,-0.003475,-0.020575,-0.032806,-0.079117,0.996323,0.61694,1.283299,-0.032933,CursorCube,2.817032,2.554474
750.4246,0.03089,-0.003468,-0.020612,-0.025436,-0.079742,0.996491,0.615963,1.283299,-0.036878,CursorCube,2.825333,2.600403
750.4358,0.030899,-0.003444,-0.020696,-0.022751,-0.079147,0.996597,0.616669,1.283299,-0.038162,CursorCube,2.809662,2.589523
750.4468,0.030899,-0.003444,-0.020696,-0.022751,-0.079147,0.996597,0.616974,1.283299,-0.037881,CursorCube,2.809662,2.589523
750.4581,0.030862,-0.003414,-0.020759,-0.023788,-0.080475,0.99646,0.615182,1.283299,-0.036872,CursorCube,2.807877,2.603806
750.4692,0.03034,-0.003393,-0.02081,-0.023636,-0.079391,0.996552,0.616415,1.283299,-0.036638,CursorCube,2.833328,2.610672
750.4801,0.03034,-0.003393,-0.02081,-0.023636,-0.079391,0.996552,0.616252,1.283299,-0.036314,CursorCube,2.833328,2.610672
750.4913,-0.000789,-0.00308,-0.021513,-0.067001,-0.087387,0.993912,0.608321,1.283299,-0.010364,CursorCube,2.827026,2.610565
750.5024,0.000399,-0.003089,-0.021497,-0.065353,-0.086807,0.994064,0.608219,1.283299,-0.011083,CursorCube,2.83284,2.620712
750.5134,0.000399,-0.003089,-0.021497,-0.065353,-0.086807,0.994064,0.607914,1.283299,-0.010727,CursorCube,2.83284,2.620712
750.5245,0.000324,-0.003086,-0.0215,-0.064697,-0.086899,0.99411,0.607225,1.283299,-0.010819,CursorCube,2.832458,2.628098
750.536,0.001289,-0.003095,-0.021488,-0.063538,-0.085281,0.994324,0.608566,1.283299,-0.011212,CursorCube,2.83316,2.628281
750.5468,0.001991,-0.003099,-0.021477,-0.062805,-0.084229,0.994461,0.609462,1.283299,-0.011527,CursorCube,2.842316,2.628265
750.5579,0.001991,-0.003099,-0.021477,-0.062805,-0.084229,0.994461,0.609087,1.283299,-0.01119,CursorCube,2.842316,2.628265
750.5692,0.001315,-0.003093,-0.021426,-0.065018,-0.088257,0.993958,0.603863,1.283299,-0.00977,CursorCube,2.861267,2.632492
750.5801,0.001974,-0.0031,-0.021411,-0.063858,-0.087067,0.994141,0.604159,1.283299,-0.010246,CursorCube,2.861496,2.632675
750.5912,0.001974,-0.0031,-0.021411,-0.063858,-0.087067,0.994141,0.603021,1.283299,-0.010188,CursorCube,2.861496,2.632675
750.6024,0.001699,-0.003098,-0.021416,-0.064026,-0.086929,0.994141,0.601967,1.283299,-0.010021,CursorCube,2.864929,2.633514
750.6135,0.002781,-0.003104,-0.021396,-0.061615,-0.084503,0.994507,0.603288,1.283299,-0.011316,CursorCube,2.89859,2.635101
750.6245,0.0022,-0.003098,-0.021392,-0.062576,-0.085602,0.994354,0.600676,1.283299,-0.010676,CursorCube,2.918121,2.648743
750.6359,0.0022,-0.003098,-0.021392,-0.062576,-0.085602,0.994354,0.599449,1.283299,-0.010626,CursorCube,2.918121,2.648743
750.6469,0.001774,-0.003094,-0.021387,-0.063553,-0.085617,0.994293,0.598402,1.283299,-0.009917,CursorCube,2.940125,2.636292
750.6578,0.001294,-0.003089,-0.021396,-0.063339,-0.085449,0.994324,0.597503,1.283299,-0.009868,CursorCube,2.939972,2.636429
750.6702,0.002349,-0.003097,-0.021381,-0.060593,-0.082733,0.994721,0.599135,1.283299,-0.011383,CursorCube,2.93959,2.650452
750.6801,0.002349,-0.003097,-0.021381,-0.060593,-0.082733,0.994721,0.597683,1.283299,-0.011311,CursorCube,2.93959,2.650452
750.6913,0.003374,-0.003104,-0.021365,-0.058655,-0.079849,0.995071,0.599642,1.283299,-0.012381,CursorCube,2.940277,2.6586
750.7021,0.002495,-0.003085,-0.021384,-0.058823,-0.079498,0.995087,0.598815,1.283299,-0.012317,CursorCube,2.940002,2.690125
750.7133,0.002495,-0.003085,-0.021384,-0.058823,-0.079498,0.995087,0.597738,1.283299,-0.012335,CursorCube,2.940002,2.690125
750.7244,0.001765,-0.003061,-0.021443,-0.059921,-0.075989,0.9953,0.600425,1.283299,-0.011688,CursorCube,2.939636,2.690475
750.736,0.001796,-0.003052,-0.021457,-0.059952,-0.076187,0.995285,0.599142,1.283299,-0.011495,CursorCube,2.939682,2.715057
750.7468,0.001023,-0.003039,-0.021476,-0.060944,-0.075821,0.995255,0.598358,1.283299,-0.010866,CursorCube,2.902618,2.727249
750.7581,0.001023,-0.003039,-0.021476,-0.060944,-0.075821,0.995255,0.597147,1.283299,-0.010562,CursorCube,2.902618,2.727249
750.7689,0.001153,-0.003032,-0.021481,-0.059998,-0.075104,0.995361,0.596684,1.283299,-0.010941,CursorCube,2.894958,2.762177
750.78,0.010603,-0.003173,-0.021362,-0.059036,-0.088196,0.994339,0.581126,1.283299,-0.010893,CursorCube,2.96077,2.707245
750.7911,0.010603,-0.003173,-0.021362,-0.059036,-0.088196,0.994339,0.58019,1.283299,-0.010482,CursorCube,2.96077,2.707245
750.8022,0.029405,-0.003401,-0.021032,-0.034714,-0.106003,0.993744,0.55992,1.283299,-0.02282,CursorCube,2.855057,2.728012
750.8133,0.029575,-0.003433,-0.021028,-0.038788,-0.098602,0.994354,0.566648,1.283299,-0.020308,CursorCube,2.91333,2.762421
750.8245,0.028619,-0.00344,-0.021047,-0.04686,-0.091919,0.994659,0.573029,1.283299,-0.015447,CursorCube,2.895493,2.787857
750.8357,0.028619,-0.00344,-0.021047,-0.04686,-0.091919,0.994659,0.571995,1.283299,-0.014742,CursorCube,2.895493,2.787857
750.8467,0.019893,-0.003337,-0.021253,-0.060959,-0.095749,0.99353,0.567773,1.283299,-0.006208,CursorCube,2.894699,2.787415
750.8577,0.006344,-0.003189,-0.021561,-0.082214,-0.101563,0.991409,0.56169,1.283299,0.006231,CursorCube,2.868561,2.774979
750.8696,0.006344,-0.003189,-0.021561,-0.082214,-0.101563,0.991409,0.56102,1.283299,0.007082,CursorCube,2.868561,2.774979
750.8799,0.004186,-0.003163,-0.021636,-0.084824,-0.100922,0.991257,0.561437,1.283299,0.009253,CursorCube,2.863708,2.744919
750.8911,0.001197,-0.003131,-0.0217,-0.088715,-0.101929,0.990814,0.560496,1.283299,0.012246,CursorCube,2.856445,2.726105
750.9022,-0.000143,-0.003114,-0.021723,-0.089737,-0.1026,0.990662,0.559564,1.283299,0.013592,CursorCube,2.847641,2.726334
750.9134,-0.000143,-0.003114,-0.021723,-0.089737,-0.1026,0.990662,0.559198,1.283299,0.014364,CursorCube,2.847641,2.726334
750.9244,-0.000625,-0.003108,-0.021734,-0.090393,-0.102417,0.990616,0.559397,1.283299,0.015503,CursorCube,2.84082,2.726288
750.9356,0.001903,-0.003128,-0.021711,-0.085983,-0.098984,0.991364,0.562677,1.283299,0.013924,CursorCube,2.806519,2.723145
750.9467,0.001903,-0.003128,-0.021711,-0.085983,-0.098984,0.991364,0.562526,1.283299,0.014625,CursorCube,2.806519,2.723145
750.9578,0.004336,-0.003135,-0.021684,-0.080353,-0.097977,0.991928,0.563269,1.283299,0.01235,CursorCube,2.801971,2.708038
750.9689,0.004767,-0.003139,-0.02166,-0.079788,-0.095779,0.992188,0.565375,1.283299,0.012743,CursorCube,2.791107,2.660248
750.9799,0.002112,-0.003122,-0.021665,-0.081985,-0.097458,0.991852,0.563476,1.283299,0.014584,CursorCube,2.782043,2.647659
750.9911,0.002112,-0.003122,-0.021665,-0.081985,-0.097458,0.991852,0.563575,1.283299,0.015279,CursorCube,2.782043,2.647659
751.0021,0.001992,-0.003131,-0.021629,-0.078247,-0.096176,0.992279,0.564884,1.283299,0.013985,CursorCube,2.779327,2.626236
751.0133,0.002038,-0.003136,-0.021591,-0.076279,-0.097183,0.992325,0.563746,1.283299,0.013641,CursorCube,2.779587,2.585602
751.0243,0.002038,-0.003136,-0.021591,-0.076279,-0.097183,0.992325,0.564017,1.283299,0.014471,CursorCube,2.779587,2.585602
751.0355,0.003199,-0.003155,-0.021541,-0.073471,-0.095764,0.992676,0.56564,1.283299,0.013771,CursorCube,2.778442,2.585922
751.0466,0.002091,-0.003145,-0.021525,-0.069977,-0.098236,0.992691,0.563178,1.283299,0.012688,CursorCube,2.778946,2.576782
751.0577,0.002091,-0.003145,-0.021525,-0.069977,-0.098236,0.992691,0.563294,1.283299,0.013605,CursorCube,2.778946,2.576782
751.0688,-0.000973,-0.00312,-0.02155,-0.074127,-0.100693,0.992142,0.56113,1.283299,0.016729,CursorCube,2.779449,2.57663
751.08,-0.001655,-0.00311,-0.021537,-0.071732,-0.10321,0.992065,0.558889,1.283299,0.016357,CursorCube,2.76741,2.569717
751.091,-0.000609,-0.003118,-0.021524,-0.068665,-0.10231,0.992371,0.560108,1.283299,0.015665,CursorCube,2.784668,2.566757
751.1021,-0.000609,-0.003118,-0.021524,-0.068665,-0.10231,0.992371,0.560202,1.283299,0.016514,CursorCube,2.784668,2.566757
751.1133,0.002159,-0.003132,-0.021488,-0.060349,-0.100601,0.993088,0.562083,1.283299,0.012927,CursorCube,2.792419,2.566574
751.1243,-0.000637,-0.003104,-0.02155,-0.063477,-0.10173,0.992783,0.561191,1.283299,0.015575,CursorCube,2.784241,2.552841
751.1356,-0.000637,-0.003104,-0.02155,-0.063477,-0.10173,0.992783,0.561566,1.283299,0.016603,CursorCube,2.784241,2.552841
751.1466,-0.006242,-0.003025,-0.021723,-0.070206,-0.10611,0.991867,0.557596,1.283299,0.021105,CursorCube,2.763199,2.546677
751.1577,-0.00624,-0.003016,-0.02174,-0.066757,-0.106659,0.99205,0.557474,1.283299,0.020308,CursorCube,2.762604,2.538147
751.1687,-0.003717,-0.003033,-0.021713,-0.061142,-0.105087,0.992569,0.559234,1.283299,0.018432,CursorCube,2.762222,2.539688
751.1799,-0.003717,-0.003033,-0.021713,-0.061142,-0.105087,0.992569,0.559533,1.283299,0.019606,CursorCube,2.762222,2.539688
751.191,0.000061,-0.003062,-0.021678,-0.0504,-0.101059,0.993591,0.56357,1.283299,0.014953,CursorCube,2.785828,2.556458
751.2021,0.002513,-0.003082,-0.021644,-0.042358,-0.09938,0.994141,0.564793,1.283299,0.011482,CursorCube,2.804077,2.556305
751.2133,0.002513,-0.003082,-0.021644,-0.042358,-0.09938,0.994141,0.564089,1.283299,0.012454,CursorCube,2.804077,2.556305
751.2243,0.001718,-0.003077,-0.021645,-0.042023,-0.100754,0.994019,0.561812,1.283299,0.012885,CursorCube,2.786133,2.567764
751.2354,0.003307,-0.003112,-0.02159,-0.045837,-0.097595,0.994156,0.5641,1.283299,0.015566,CursorCube,2.788071,2.548019
751.2465,0.001624,-0.003115,-0.021561,-0.045486,-0.098831,0.994049,0.562104,1.283299,0.015732,CursorCube,2.822464,2.570221
751.2577,0.001624,-0.003115,-0.021561,-0.045486,-0.098831,0.994049,0.561313,1.283299,0.016023,CursorCube,2.822464,2.570221
751.27,0.0004,-0.003112,-0.021571,-0.042343,-0.09906,0.994171,0.560379,1.283299,0.014447,CursorCube,2.844772,2.582642
751.2798,-0.004494,-0.003077,-0.021633,-0.050049,-0.101914,0.99353,0.556957,1.283299,0.018586,CursorCube,2.844528,2.590332
751.291,-0.004494,-0.003077,-0.021633,-0.050049,-0.101914,0.99353,0.555894,1.283299,0.018626,CursorCube,2.844528,2.590332
751.302,-0.002622,-0.00309,-0.021609,-0.041046,-0.099365,0.994202,0.556973,1.283299,0.013797,CursorCube,2.843735,2.624603
751.3132,-0.000547,-0.003099,-0.021582,-0.03392,-0.099319,0.994461,0.555675,1.283299,0.009912,CursorCube,2.842789,2.641647
751.3242,0.002459,-0.003093,-0.021573,-0.026535,-0.100372,0.994583,0.553369,1.283299,0.005802,CursorCube,2.841873,2.661194
751.3353,0.002459,-0.003093,-0.021573,-0.026535,-0.100372,0.994583,0.552424,1.283299,0.005722,CursorCube,2.841873,2.661194
751.3464,0.001621,-0.003077,-0.021597,-0.02771,-0.099289,0.994659,0.552921,1.283299,0.00626,CursorCube,2.842346,2.665192
751.3577,0.001105,-0.003071,-0.021609,-0.027603,-0.097107,0.994888,0.554615,1.283299,0.00601,CursorCube,2.843918,2.670685
751.3688,0.001105,-0.003071,-0.021609,-0.027603,-0.097107,0.994888,0.554542,1.283299,0.006011,CursorCube,2.843918,2.670685
751.38,0.002632,-0.003078,-0.021593,-0.024063,-0.094574,0.995224,0.556367,1.283299,0.003963,CursorCube,2.850037,2.678696
751.391,0.002965,-0.003077,-0.021591,-0.022873,-0.092056,0.995483,0.558253,1.283299,0.003354,CursorCube,2.850159,2.698181
751.402,0.001442,-0.003058,-0.021613,-0.025375,-0.090179,0.99559,0.559497,1.283299,0.004656,CursorCube,2.867554,2.733765
751.4131,0.001442,-0.003058,-0.021613,-0.025375,-0.090179,0.99559,0.558653,1.283299,0.004666,CursorCube,2.867554,2.733765
751.4243,0.000162,-0.003042,-0.021631,-0.027771,-0.09198,0.995361,0.556359,1.283299,0.005913,CursorCube,2.867218,2.73378
751.4352,-0.000998,-0.003024,-0.021652,-0.030075,-0.093414,0.995163,0.554557,1.283299,0.007101,CursorCube,2.871338,2.738159
751.4464,-0.000998,-0.003024,-0.021652,-0.030075,-0.093414,0.995163,0.553976,1.283299,0.007202,CursorCube,2.871338,2.738159
751.4575,0.000029,-0.003029,-0.021633,-0.028198,-0.09256,0.9953,0.55409,1.283299,0.006284,CursorCube,2.871445,2.733978
751.4686,0.000112,-0.003028,-0.021626,-0.02803,-0.091904,0.995361,0.55393,1.283299,0.006123,CursorCube,2.872269,2.757492
751.4797,0.0005,-0.00303,-0.021614,-0.028595,-0.090454,0.995483,0.554482,1.283299,0.006311,CursorCube,2.876984,2.796295
751.491,0.0005,-0.00303,-0.021614,-0.028595,-0.090454,0.995483,0.553227,1.283299,0.006198,CursorCube,2.876984,2.796295
751.5019,0.000877,-0.003034,-0.021609,-0.029648,-0.09021,0.995468,0.552272,1.283299,0.006544,CursorCube,2.877136,2.812057
751.5131,0.000812,-0.003038,-0.021661,-0.033936,-0.086578,0.995651,0.55424,1.283299,0.008694,CursorCube,2.879486,2.809235
751.5241,0.000812,-0.003038,-0.021661,-0.033936,-0.086578,0.995651,0.552493,1.283299,0.008672,CursorCube,2.879486,2.809235
751.5353,0.002148,-0.003047,-0.021648,-0.031815,-0.086365,0.995743,0.550836,1.283299,0.007617,CursorCube,2.876053,2.797516
751.5463,0.01529,-0.003283,-0.021449,-0.027527,-0.142197,0.989441,0.55,1.246385,0.005958,CursorCube,2.916092,2.996597
751.5576,0.015245,-0.003313,-0.021435,-0.030594,-0.142563,0.989304,0.55,1.244404,0.007576,CursorCube,3.013092,2.870224
751.5687,0.015245,-0.003313,-0.021435,-0.030594,-0.142563,0.989304,0.55,1.242597,0.007623,CursorCube,3.013092,2.870224
751.5798,0.007387,-0.003276,-0.021485,-0.047226,-0.141953,0.988739,0.55,1.241479,0.016407,CursorCube,2.914673,2.871643
751.5908,-0.000803,-0.003233,-0.02154,-0.063538,-0.141556,0.987885,0.55,1.24018,0.025162,CursorCube,2.915787,2.857086
751.6019,-0.000803,-0.003233,-0.02154,-0.063538,-0.141556,0.987885,0.55,1.238709,0.025078,CursorCube,2.915787,2.857086
751.6132,-0.005151,-0.003219,-0.021502,-0.073349,-0.140411,0.987366,0.55,1.237927,0.030341,CursorCube,2.957687,2.858948
751.6241,-0.003084,-0.003228,-0.021475,-0.069534,-0.140549,0.987625,0.55,1.236371,0.028213,CursorCube,2.957748,2.859329
751.6353,-0.003084,-0.003228,-0.021475,-0.069534,-0.140549,0.987625,0.55,1.235294,0.028194,CursorCube,2.957748,2.859329
751.6464,-0.006421,-0.003204,-0.02152,-0.076279,-0.139252,0.987305,0.55,1.235134,0.031807,CursorCube,2.962433,2.866882
751.6573,-0.01097,-0.003168,-0.021581,-0.085556,-0.137161,0.986832,0.55,1.235848,0.036812,CursorCube,3.021149,2.879623
751.6686,-0.013009,-0.003138,-0.021609,-0.090302,-0.132935,0.987,0.55,1.238062,0.039259,CursorCube,3.025894,2.891769
751.6796,-0.013009,-0.003138,-0.021609,-0.090302,-0.132935,0.987,0.55,1.237515,0.039516,CursorCube,3.025894,2.891769
751.6907,-0.0071,-0.003167,-0.021542,-0.078491,-0.132385,0.988083,0.55,1.237175,0.0333,CursorCube,3.026627,2.892822
751.7018,-0.006029,-0.003165,-0.021508,-0.076874,-0.13208,0.988251,0.55,1.236278,0.032583,CursorCube,3.029373,2.891876
751.7131,-0.006029,-0.003165,-0.021508,-0.076874,-0.13208,0.988251,0.55,1.235205,0.032828,CursorCube,3.029373,2.891876
751.724,0.000107,-0.003197,-0.021399,-0.064941,-0.12767,0.989685,0.55,1.236715,0.026577,CursorCube,3.006287,2.910233
751.7352,-0.002202,-0.003177,-0.021412,-0.070236,-0.119751,0.990311,0.55,1.24062,0.02949,CursorCube,3.008453,2.912491
751.7468,-0.002202,-0.003177,-0.021412,-0.070236,-0.119751,0.990311,0.55,1.239279,0.029779,CursorCube,3.008453,2.912491
751.7574,-0.001534,-0.003183,-0.021393,-0.069183,-0.114975,0.990952,0.55,1.241191,0.029494,CursorCube,3.010315,2.913086
751.7685,-0.005533,-0.003143,-0.021442,-0.079803,-0.116501,0.989975,0.55,1.238802,0.035441,CursorCube,2.988068,2.900146
751.7796,-0.005533,-0.003143,-0.021442,-0.079803,-0.116501,0.989975,0.55,1.237451,0.035818,CursorCube,2.988068,2.900146
751.7908,-0.005159,-0.003131,-0.021455,-0.075668,-0.113815,0.990601,0.55,1.237924,0.034061,CursorCube,2.975143,2.968552
751.8018,-0.002058,-0.003149,-0.021418,-0.071106,-0.108429,0.991547,0.55,1.240191,0.031901,CursorCube,2.959686,2.968445
751.813,0.004295,-0.003164,-0.021597,-0.064392,-0.089401,0.993897,0.55,1.251405,0.028538,CursorCube,2.953751,2.934296
751.824,0.004295,-0.003164,-0.021597,-0.064392,-0.089401,0.993897,0.55,1.249963,0.028929,CursorCube,2.953751,2.934296
751.8351,0.01022,-0.003064,-0.0217,-0.05072,-0.08197,0.995331,0.55,1.253321,0.022043,CursorCube,2.871048,2.919174
751.8461,0.016053,-0.002895,-0.021333,-0.00647,-0.052948,0.998566,0.55,1.270434,-0.000339,CursorCube,2.80423,2.898346
751.8574,0.016053,-0.002895,-0.021333,-0.00647,-0.052948,0.998566,0.55,1.26904,-0.000189,CursorCube,2.80423,2.898346
751.8685,0.012931,-0.002793,-0.021459,-0.007233,-0.034149,0.99939,0.55,1.279335,0.000433,CursorCube,2.80954,2.877747
751.8797,0.000493,-0.002764,-0.021481,-0.029633,-0.029953,0.9991,0.55,1.280712,0.01174,CursorCube,2.843399,2.917938
751.8907,-0.009725,-0.002714,-0.021581,-0.048523,-0.032211,0.998291,0.55,1.278263,0.021043,CursorCube,2.844208,2.916122
751.9018,-0.009725,-0.002714,-0.021581,-0.048523,-0.032211,0.998291,0.55,1.277248,0.020714,CursorCube,2.844208,2.916122
751.9129,-0.010811,-0.002701,-0.021643,-0.050125,-0.027542,0.998352,0.55,1.279135,0.021087,CursorCube,2.846786,2.915604
751.9241,0.000423,-0.002733,-0.021579,-0.029648,-0.025192,0.999237,0.55,1.27972,0.010356,CursorCube,2.853836,2.888657
751.9351,0.000423,-0.002733,-0.021579,-0.029648,-0.025192,0.999237,0.55,1.278899,0.009663,CursorCube,2.853836,2.888657
751.9462,0.005329,-0.002751,-0.021515,-0.019714,-0.024109,0.999512,0.55,1.278906,0.004006,CursorCube,2.872086,2.88829
751.9574,0.00404,-0.002732,-0.021518,-0.022354,-0.02446,0.999435,0.55,1.278089,0.004463,CursorCube,2.876495,2.874664
751.9685,0.005331,-0.002738,-0.021494,-0.020157,-0.022232,0.999542,0.55,1.278797,0.002497,CursorCube,2.87616,2.874069
751.9796,0.005331,-0.002738,-0.021494,-0.020157,-0.022232,0.999542,0.55,1.278331,0.001737,CursorCube,2.87616,2.874069
751.9908,0.004045,-0.002728,-0.021528,-0.024033,-0.019257,0.999512,0.55,1.279677,0.002942,CursorCube,2.878342,2.870651
752.0018,0.004017,-0.002725,-0.021535,-0.024185,-0.015732,0.999573,0.55,1.281437,0.002322,CursorCube,2.88652,2.865356
752.0129,0.004017,-0.002725,-0.021535,-0.024185,-0.015732,0.999573,0.55,1.281087,0.001628,CursorCube,2.88652,2.865356
752.024,0.003166,-0.002715,-0.021556,-0.025879,-0.01181,0.999588,0.55,1.283085,0.00188,CursorCube,2.895752,2.851044
752.0351,-0.001475,-0.00267,-0.021648,-0.033813,-0.011108,0.999359,0.55,1.283113,0.005348,CursorCube,2.910217,2.842468
752.0461,-0.004816,-0.002624,-0.02174,-0.043671,-0.011902,0.998962,0.55,1.282281,0.009713,CursorCube,2.910507,2.838669
752.0573,-0.004816,-0.002624,-0.02174,-0.043671,-0.011902,0.998962,0.55,1.281854,0.009272,CursorCube,2.910507,2.838669
752.0684,-0.005939,-0.002613,-0.021778,-0.050674,-0.009964,0.998657,0.55,1.282821,0.012282,CursorCube,2.909668,2.836823
752.0795,-0.001219,-0.00264,-0.02172,-0.04277,-0.007126,0.999054,0.551454,1.283299,0.00783,CursorCube,2.926422,2.840988
752.0906,-0.001219,-0.00264,-0.02172,-0.04277,-0.007126,0.999054,0.551031,1.283299,0.007407,CursorCube,2.926422,2.840988
752.1017,0.000144,-0.002648,-0.021704,-0.039352,-0.006104,0.999191,0.551821,1.283299,0.005321,CursorCube,2.930328,2.841522
752.113,0.000838,-0.002652,-0.021695,-0.03743,-0.005463,0.999283,0.552194,1.283299,0.004085,CursorCube,2.930801,2.848419
752.1241,0.001154,-0.002659,-0.021652,-0.037201,-0.00502,0.999283,0.552337,1.283299,0.003573,CursorCube,2.927597,2.845551
752.1353,0.001154,-0.002659,-0.021652,-0.037201,-0.00502,0.999283,0.552218,1.283299,0.003436,CursorCube,2.927597,2.845551
752.1461,0.001137,-0.002664,-0.021618,-0.038666,-0.003632,0.999237,0.553568,1.283299,0.004026,CursorCube,2.910385,2.836349
752.1573,-0.000834,-0.002655,-0.021631,-0.043106,-0.003326,0.999054,0.55388,1.283299,0.006276,CursorCube,2.909927,2.836807
752.1683,-0.000603,-0.002656,-0.021626,-0.044189,-0.002686,0.999008,0.554575,1.283299,0.00682,CursorCube,2.910095,2.851563
752.1795,-0.000603,-0.002656,-0.021626,-0.044189,-0.002686,0.999008,0.554432,1.283299,0.006866,CursorCube,2.910095,2.851563
752.1906,-0.000577,-0.002656,-0.021625,-0.043961,-0.002213,0.999023,0.554562,1.283299,0.006724,CursorCube,2.932907,2.852539
752.2017,0.000145,-0.00266,-0.021609,-0.043259,-0.002472,0.999054,0.553947,1.283299,0.006498,CursorCube,2.910675,2.852402
752.2129,0.000145,-0.00266,-0.021609,-0.043259,-0.002472,0.999054,0.553597,1.283299,0.006633,CursorCube,2.910675,2.852402
752.2238,0.001243,-0.002665,-0.021593,-0.04129,-0.002335,0.99913,0.5537,1.283299,0.00577,CursorCube,2.885895,2.852249
752.2352,0.000928,-0.002661,-0.021604,-0.04364,-0.002274,0.999039,0.553763,1.283299,0.007247,CursorCube,2.886749,2.852737
752.2463,0.000928,-0.002661,-0.021604,-0.04364,-0.002274,0.999039,0.55418,1.283299,0.007369,CursorCube,2.886749,2.852737
752.2573,0.00153,-0.002666,-0.021599,-0.042618,-0.001755,0.999085,0.554998,1.283299,0.007148,CursorCube,2.910965,2.852539
752.2684,0.001297,-0.002666,-0.0216,-0.044159,-0.001663,0.999008,0.555597,1.283299,0.008219,CursorCube,2.911926,2.8694
752.2796,0.001531,-0.002669,-0.02159,-0.043457,-0.00061,0.999054,0.557177,1.283299,0.008118,CursorCube,2.91275,2.869568
752.2906,0.001531,-0.002669,-0.02159,-0.043457,-0.00061,0.999054,0.557499,1.283299,0.008509,CursorCube,2.91275,2.869568
752.3016,0.000986,-0.002667,-0.02158,-0.043076,-0.000504,0.999069,0.557983,1.283299,0.00881,CursorCube,2.913406,2.870209
752.3128,0.00048,-0.002691,-0.021467,-0.045273,0.000031,0.998962,0.558946,1.283299,0.01038,CursorCube,2.913956,2.879044
752.3239,0.00048,-0.002691,-0.021467,-0.045273,0.000031,0.998962,0.559423,1.283299,0.010747,CursorCube,2.913956,2.879044
752.335,0.001187,-0.002703,-0.02144,-0.043869,0.000397,0.999023,0.560192,1.283299,0.010558,CursorCube,2.915024,2.879929
752.3461,0.000051,-0.002697,-0.021449,-0.045364,0.000702,0.998962,0.560805,1.283299,0.01188,CursorCube,2.917557,2.880066
752.3572,-0.000779,-0.002693,-0.021457,-0.046478,0.000916,0.998917,0.561166,1.283299,0.013108,CursorCube,2.931564,2.904068
752.3684,-0.000779,-0.002693,-0.021457,-0.046478,0.000916,0.998917,0.561104,1.283299,0.013682,CursorCube,2.931564,2.904068
752.3794,-0.000857,-0.002693,-0.021457,-0.0457,0.000839,0.998947,0.560635,1.283299,0.013922,CursorCube,2.953476,2.904724
752.3905,0.00099,-0.002702,-0.02144,-0.038864,0.00061,0.999237,0.559783,1.283299,0.011176,CursorCube,2.956421,2.905624
752.4015,0.00099,-0.002702,-0.02144,-0.038864,0.00061,0.999237,0.559599,1.283299,0.011872,CursorCube,2.956421,2.905624
752.4128,0.001768,-0.002697,-0.021472,-0.036011,-0.000778,0.999344,0.55802,1.283299,0.011135,CursorCube,2.955261,2.905411
752.4264,0.001325,-0.002692,-0.021493,-0.035049,-0.000961,0.999374,0.55778,1.283299,0.011253,CursorCube,2.953888,2.906357
752.4351,0.00196,-0.002698,-0.0215,-0.033035,-0.000458,0.999451,0.558244,1.283299,0.010864,CursorCube,2.952728,2.90477
752.446,0.00196,-0.002698,-0.0215,-0.033035,-0.000458,0.999451,0.558293,1.283299,0.011456,CursorCube,2.952728,2.90477
752.4572,0.002017,-0.002698,-0.021515,-0.032867,0.00032,0.999451,0.558773,1.283299,0.012043,CursorCube,2.953278,2.900803
752.4681,0.001227,-0.002694,-0.021524,-0.033707,-0.0009,0.99942,0.557431,1.283299,0.0131,CursorCube,2.952164,2.904099
752.4794,0.001227,-0.002694,-0.021524,-0.033707,-0.0009,0.99942,0.556804,1.283299,0.013796,CursorCube,2.952164,2.904099
752.4906,0.001544,-0.002695,-0.021536,-0.032303,-0.0009,0.999466,0.556076,1.283299,0.013613,CursorCube,2.952698,2.90387
752.5015,0.003205,-0.002704,-0.021528,-0.028549,-0.001495,0.999588,0.554661,1.283299,0.012256,CursorCube,2.958206,2.899796
752.5127,0.004093,-0.002708,-0.02152,-0.024246,-0.001968,0.999695,0.553609,1.283299,0.010651,CursorCube,2.958496,2.879044
752.5239,0.004093,-0.002708,-0.02152,-0.024246,-0.001968,0.999695,0.553169,1.283299,0.011158,CursorCube,2.958496,2.879044
752.5349,0.001548,-0.002693,-0.021543,-0.026505,-0.002579,0.999634,0.55263,1.283299,0.013026,CursorCube,2.958237,2.871964
752.546,0.000007,-0.002685,-0.021556,-0.026428,-0.00325,0.999634,0.552415,1.283299,0.013813,CursorCube,2.945221,2.898727
752.5571,0.000007,-0.002685,-0.021556,-0.026428,-0.00325,0.999634,0.552663,1.283299,0.014581,CursorCube,2.945221,2.898727
752.5681,-0.000375,-0.002681,-0.021561,-0.026917,-0.003387,0.999619,0.551996,1.283299,0.015648,CursorCube,2.955521,2.896713
752.5794,0.000361,-0.002685,-0.021558,-0.025589,-0.003311,0.999664,0.551056,1.283299,0.015697,CursorCube,2.95549,2.903229
752.5905,0.000799,-0.002676,-0.021576,-0.023056,-0.004852,0.99971,0.55,1.281825,0.015135,CursorCube,2.958115,2.906265
752.6015,0.000799,-0.002676,-0.021576,-0.023056,-0.004852,0.99971,0.55,1.280372,0.015533,CursorCube,2.958115,2.906265
752.6128,-0.00135,-0.002649,-0.021712,-0.026947,-0.00177,0.999634,0.55,1.280951,0.017774,CursorCube,2.956863,2.902756
752.6237,-0.002567,-0.002641,-0.021716,-0.028061,-0.002823,0.999588,0.55,1.279153,0.018515,CursorCube,2.9561,2.902527
752.6348,-0.002567,-0.002641,-0.021716,-0.028061,-0.002823,0.999588,0.55,1.277923,0.018608,CursorCube,2.9561,2.902527
752.6459,-0.001669,-0.002652,-0.021694,-0.026611,-0.001801,0.999634,0.55,1.277148,0.017923,CursorCube,2.956131,2.936737
752.657,-0.001314,-0.002664,-0.021645,-0.021652,-0.001984,0.999756,0.55,1.27538,0.01557,CursorCube,2.958328,2.920105
752.6682,-0.001931,-0.002661,-0.021637,-0.023209,-0.002319,0.999725,0.55,1.27349,0.016363,CursorCube,2.958588,2.920273
752.6793,-0.001931,-0.002661,-0.021637,-0.023209,-0.002319,0.999725,0.55,1.271655,0.016382,CursorCube,2.958588,2.920273
752.6904,-0.001412,-0.002664,-0.02163,-0.02179,-0.002274,0.999756,0.55,1.269857,0.015698,CursorCube,2.96138,2.920013
752.7014,-0.001321,-0.002665,-0.021628,-0.020462,0.001297,0.999786,0.55,1.270202,0.015079,CursorCube,2.962631,2.918869
752.7126,-0.001321,-0.002665,-0.021628,-0.020462,0.001297,0.999786,0.55,1.268104,0.014974,CursorCube,2.962631,2.918869
752.7237,-0.00268,-0.002774,-0.021667,-0.014526,-0.043533,0.998932,0.55,1.237383,0.011893,CursorCube,2.991165,2.972916
752.7347,-0.023993,-0.002947,-0.02176,-0.027084,-0.096802,0.994934,0.55,1.198331,0.01825,CursorCube,2.984634,2.934738
752.7458,-0.023993,-0.002947,-0.02176,-0.027084,-0.096802,0.994934,0.55,1.194918,0.017797,CursorCube,2.984634,2.934738
752.7571,-0.026897,-0.003122,-0.02173,-0.048172,-0.146317,0.988052,1.452999,0.258115,0.016787,O02_G06_03,2.942856,2.865021
752.7681,-0.027788,-0.003168,-0.021919,-0.040894,-0.14212,0.988998,1.452999,0.255262,0.000169,O02_G06_03,3.071014,2.924911
752.7793,-0.016811,-0.003232,-0.021719,-0.020248,-0.146362,0.989014,1.437034,0.243523,-0.040969,O02_G06_04,2.935349,2.945129
752.7903,-0.016811,-0.003232,-0.021719,-0.020248,-0.146362,0.989014,1.434,0.232073,-0.045341,O02_G06_04,2.935349,2.945129
752.8014,0.016718,-0.003449,-0.021421,0.038712,-0.12915,0.99086,1.445868,0.243523,-0.160653,O02_G06_04,2.935822,2.917175
752.8125,0.012675,-0.003407,-0.021442,0.029648,-0.130631,0.990982,1.434,0.237378,-0.148874,O02_G06_04,2.933853,2.901611
752.8237,0.012675,-0.003407,-0.021442,0.029648,-0.130631,0.990982,1.434,0.22011,-0.156442,O02_G06_04,2.933853,2.901611
752.8348,-0.003142,-0.003235,-0.021878,-0.001724,-0.127045,0.991882,1.434,0.215912,-0.105212,O02_G06_04,2.911774,3.009384
752.8459,-0.001625,-0.003237,-0.021894,0.002182,-0.123276,0.992355,1.452999,0.184123,-0.124029,O02_G06_03,2.916199,2.989243
752.8569,0.001929,-0.003254,-0.021911,0.012695,-0.11171,0.993652,1.434,0.214433,-0.149645,O02_G06_04,2.903976,3.009872
752.868,0.001929,-0.003254,-0.021911,0.012695,-0.11171,0.993652,1.452999,0.177148,-0.162117,O02_G06_03,2.903976,3.009872
752.8796,0.0079,-0.00329,-0.021586,0.034042,-0.096634,0.994736,1.452999,0.200725,-0.210465,O02_G06_03,2.896545,2.884186
752.8902,0.019016,-0.003228,-0.021485,0.050613,-0.097656,0.993927,1.452999,0.182647,-0.252232,O02_G06_03,2.874695,2.948212
752.9014,0.019016,-0.003228,-0.021485,0.050613,-0.097656,0.993927,1.452999,0.170678,-0.261603,O02_G06_03,2.874695,2.948212
752.9127,0.026775,-0.003161,-0.021521,0.06749,-0.095367,0.993149,1.452999,0.163228,-0.304038,O02_G06_03,2.906616,2.853958
752.9236,0.023408,-0.003105,-0.02157,0.06572,-0.081802,0.994476,1.452999,0.190384,-0.306922,O02_G06_03,3.019852,2.955017
752.9347,0.023408,-0.003105,-0.02157,0.06572,-0.081802,0.994476,1.452999,0.179649,-0.316557,O02_G06_03,3.019852,2.955017
752.9458,0.001277,-0.002955,-0.021756,0.019333,-0.078171,0.99675,1.452999,0.186642,-0.23507,O02_G06_03,2.903137,2.908325
752.9569,-0.023977,-0.002812,-0.021922,-0.029556,-0.080826,0.996277,1.452999,0.177655,-0.150075,O02_G06_03,2.84967,2.912018
752.968,-0.025487,-0.002977,-0.021925,-0.030243,-0.087158,0.995728,1.452999,0.152339,-0.157551,O02_G06_03,3.000748,2.897568
752.9792,-0.025487,-0.002977,-0.021925,-0.030243,-0.087158,0.995728,1.452999,0.146392,-0.165041,O02_G06_03,3.000748,2.897568
752.9903,-0.022396,-0.003244,-0.021598,-0.015121,-0.150391,0.98851,1.40587,0.002273,-0.201341,O02_Floor,2.877914,2.943161
753.0013,-0.016712,-0.003244,-0.021631,-0.001785,-0.144638,0.989471,1.413306,0.002273,-0.236739,O02_Floor,2.938675,2.911606
753.0126,-0.001857,-0.003229,-0.021969,0.023895,-0.128403,0.991425,1.447062,0.002273,-0.301874,O02_Floor,2.905289,2.909653
753.0236,-0.001857,-0.003229,-0.021969,0.023895,-0.128403,0.991425,1.443165,0.002273,-0.308624,O02_Floor,2.905289,2.909653
753.0349,0.010098,-0.003359,-0.021446,0.049194,-0.126099,0.990784,1.441089,0.002273,-0.367402,O02_Floor,2.931229,2.929916
753.0458,-0.012792,-0.003219,-0.021596,0.002838,-0.137802,0.990448,1.418272,0.002273,-0.273144,O02_Floor,2.942749,2.920151
753.0569,-0.012792,-0.003219,-0.021596,0.002838,-0.137802,0.990448,1.416142,0.002273,-0.278084,O02_Floor,2.942749,2.920151
753.0679,0.002125,-0.003299,-0.021478,0.035187,-0.126816,0.991287,1.434535,0.002273,-0.353156,O02_Floor,2.956192,2.920761
753.0791,0.012849,-0.003359,-0.021401,0.057678,-0.117615,0.991379,1.450271,0.002273,-0.408764,O02_Floor,2.949646,2.919662
753.0902,0.012849,-0.003359,-0.021401,0.057678,-0.117615,0.991379,1.448201,0.002273,-0.411552,O02_Floor,2.949646,2.919662
753.1013,0.009216,-0.003329,-0.021449,0.049713,-0.112976,0.99234,1.461835,0.002273,-0.40051,O02_Floor,2.965057,2.921524
753.1125,0.006009,-0.003306,-0.021478,0.042084,-0.111954,0.992813,1.46639,0.002273,-0.387409,O02_Floor,2.964951,2.922516
753.1235,0.014081,-0.003343,-0.021412,0.055222,-0.109253,0.992477,1.470779,0.002273,-0.417596,O02_Floor,2.973022,2.936844
753.1346,0.014081,-0.003343,-0.021412,0.055222,-0.109253,0.992477,1.471366,0.002273,-0.41856,O02_Floor,2.973022,2.936844
753.1457,0.017979,-0.003364,-0.021374,0.066956,-0.103546,0.992355,1.484906,0.002273,-0.447044,O02_Floor,2.977707,2.938248
753.1568,0.016744,-0.003347,-0.021382,0.06044,-0.101624,0.992981,1.493,0.002273,-0.433975,O02_Floor,2.99707,2.939331
753.1679,0.016744,-0.003347,-0.021382,0.06044,-0.101624,0.992981,1.495215,0.002273,-0.432625,O02_Floor,2.99707,2.939331
753.1794,0.00785,-0.003295,-0.021424,0.03923,-0.091003,0.995071,1.436458,0.108523,-0.36299,O02_G06_04,3.002716,2.944702
753.1902,-0.013922,-0.002834,-0.022034,-0.033234,-0.072754,0.99678,1.452999,0.163713,-0.215696,O02_G06_03,3.010925,2.893982
753.2013,-0.013922,-0.002834,-0.022034,-0.033234,-0.072754,0.99678,1.452999,0.166437,-0.212874,O02_G06_03,3.010925,2.893982
753.2123,-0.024018,-0.002416,-0.022046,-0.087311,0.020599,0.995956,0.55,1.183962,-0.011502,CursorCube,3.049484,2.887756
753.2235,-0.016942,-0.002319,-0.02145,-0.115646,0.097504,0.98848,0.55,1.237547,0.004528,CursorCube,2.94548,2.952744
753.2346,-0.016942,-0.002319,-0.02145,-0.115646,0.097504,0.98848,0.55,1.237299,0.005639,CursorCube,2.94548,2.952744
753.2457,0.0011,-0.002388,-0.021066,-0.104202,0.149368,0.983261,0.55,1.268618,0.000712,CursorCube,3.01886,2.996201
753.257,0.00108,-0.002446,-0.020915,-0.112228,0.152924,0.981842,0.55,1.270403,0.00577,CursorCube,3.11145,2.998123
753.2679,-0.005366,-0.002397,-0.021281,-0.110962,0.157867,0.981201,0.55,1.272508,0.006149,CursorCube,3.161865,3.060562
753.2791,-0.005366,-0.002397,-0.021281,-0.110962,0.157867,0.981201,0.55,1.271456,0.007046,CursorCube,3.161865,3.060562
753.2903,-0.020258,-0.002313,-0.021335,-0.137955,0.141861,0.980209,0.55,1.261658,0.021754,CursorCube,3.074921,3.124283
753.3011,0.008243,-0.002538,-0.021057,-0.084564,0.160019,0.983475,0.55,1.269907,-0.004727,CursorCube,3.039841,3.052277
753.3123,0.008243,-0.002538,-0.021057,-0.084564,0.160019,0.983475,0.55,1.269183,-0.004123,CursorCube,3.039841,3.052277
753.3236,0.024806,-0.002669,-0.020752,-0.049194,0.158234,0.98616,0.55,1.266997,-0.021689,CursorCube,3.072235,3.045578
753.3346,0.016362,-0.002595,-0.020905,-0.065506,0.158417,0.985184,0.55,1.268079,-0.012834,CursorCube,3.040649,3.048477
753.3456,0.016362,-0.002595,-0.020905,-0.065506,0.158417,0.985184,0.55,1.269165,-0.012402,CursorCube,3.040649,3.048477
753.3568,0.004578,-0.002483,-0.021136,-0.087341,0.157822,0.983582,0.55,1.270788,-0.000729,CursorCube,3.042374,3.04631
753.3679,-0.001671,-0.002418,-0.021264,-0.09964,0.158112,0.982376,0.55,1.272937,0.005761,CursorCube,3.074875,3.049667
753.379,0.005372,-0.002475,-0.0211,-0.08374,0.1577,0.983917,0.55,1.273632,-0.002197,CursorCube,3.076279,3.047852
753.3901,0.005372,-0.002475,-0.0211,-0.08374,0.1577,0.983917,0.55,1.274871,-0.002027,CursorCube,3.076279,3.047852
753.4012,0.007631,-0.002473,-0.021075,-0.078552,0.160461,0.983902,0.55,1.277325,-0.004501,CursorCube,3.078796,3.045151
753.4122,0.005856,-0.002431,-0.021139,-0.080826,0.159226,0.983917,0.55,1.277483,-0.002964,CursorCube,3.082275,3.040314
753.4234,0.005856,-0.002431,-0.021139,-0.080826,0.159226,0.983917,0.55,1.278167,-0.002573,CursorCube,3.082275,3.040314
753.4344,0.000464,-0.002357,-0.021248,-0.088165,0.153275,0.984238,0.55,1.275491,0.001608,CursorCube,3.0802,3.054962
753.4457,-0.003117,-0.002317,-0.021327,-0.094727,0.151367,0.983917,0.55,1.275189,0.005503,CursorCube,3.080338,3.058075
753.4568,-0.003117,-0.002317,-0.021327,-0.094727,0.151367,0.983917,0.55,1.275463,0.006093,CursorCube,3.080338,3.058075
753.4678,-0.004695,-0.0023,-0.021361,-0.095093,0.150482,0.984024,0.55,1.27502,0.006985,CursorCube,3.08728,3.055038
753.4789,-0.004045,-0.002307,-0.021354,-0.093033,0.149689,0.984329,0.55,1.274394,0.006666,CursorCube,3.108704,3.055069
753.4902,-0.000686,-0.002346,-0.021277,-0.085617,0.144501,0.985779,0.55,1.270941,0.003694,CursorCube,3.124359,3.04805
753.5011,-0.000686,-0.002346,-0.021277,-0.085617,0.144501,0.985779,0.55,1.27099,0.004574,CursorCube,3.124359,3.04805
753.5123,0.001177,-0.002386,-0.021249,-0.08168,0.145584,0.985962,0.55,1.271871,0.003451,CursorCube,3.124344,3.053238
753.5233,0.000949,-0.002404,-0.021219,-0.08197,0.144836,0.986038,0.55,1.271826,0.004679,CursorCube,3.127075,3.071747
753.5345,0.000949,-0.002404,-0.021219,-0.08197,0.144836,0.986038,0.55,1.272261,0.005759,CursorCube,3.127075,3.071747
753.5456,0.002831,-0.002426,-0.021153,-0.076889,0.144547,0.986496,0.55,1.272641,0.004268,CursorCube,3.125763,3.078888
753.5568,0.002493,-0.002422,-0.021161,-0.076065,0.144486,0.986572,0.55,1.273259,0.004966,CursorCube,3.11058,3.087265
753.5678,0.002493,-0.002422,-0.021161,-0.076065,0.144486,0.986572,0.55,1.273686,0.006013,CursorCube,3.11058,3.087265
753.579,-0.001841,-0.002372,-0.021288,-0.082489,0.144165,0.986099,0.55,1.274076,0.010403,CursorCube,3.109985,3.078766
753.59,-0.003962,-0.002314,-0.021416,-0.087189,0.143906,0.985733,0.55,1.27464,0.013983,CursorCube,3.106537,3.086731
753.6011,-0.003323,-0.002308,-0.021421,-0.082291,0.142624,0.986343,0.55,1.27407,0.012566,CursorCube,3.116486,3.088882
753.6122,-0.003323,-0.002308,-0.021421,-0.082291,0.142624,0.986343,0.55,1.274732,0.013565,CursorCube,3.116486,3.088882
753.6235,0.000872,-0.00228,-0.021412,-0.071701,0.136017,0.988098,0.550077,1.271182,0.009166,CursorCube,3.097443,3.08551
753.6344,0.003504,-0.002288,-0.021392,-0.06694,0.137817,0.98819,0.550094,1.272955,0.007833,CursorCube,3.090256,3.086441
753.6455,0.003504,-0.002288,-0.021392,-0.06694,0.137817,0.98819,0.550044,1.273651,0.009044,CursorCube,3.090256,3.086441
753.6566,0.004501,-0.002274,-0.021439,-0.061386,0.137848,0.988541,0.549516,1.274549,0.007426,CursorCube,3.069794,3.077225
753.6677,0.000909,-0.002229,-0.021502,-0.061905,0.134949,0.988907,0.549275,1.27341,0.008882,CursorCube,3.085007,3.077286
753.6789,-0.003518,-0.00219,-0.02158,-0.068253,0.132431,0.988831,0.549167,1.271863,0.013399,CursorCube,3.091599,3.073212
753.6901,-0.003518,-0.00219,-0.02158,-0.068253,0.132431,0.988831,0.54902,1.271621,0.014501,CursorCube,3.091599,3.073212
753.7011,-0.003032,-0.002196,-0.021574,-0.063049,0.13179,0.989258,0.54883,1.270741,0.012954,CursorCube,3.105072,3.072266
753.7121,0.001805,-0.002238,-0.021502,-0.053787,0.13089,0.989929,0.548347,1.269775,0.009145,CursorCube,3.090256,3.020233
753.7233,0.001805,-0.002238,-0.021502,-0.053787,0.13089,0.989929,0.547825,1.269436,0.00994,CursorCube,3.090256,3.020233
753.7343,0.003829,-0.002256,-0.021473,-0.047241,0.12677,0.990799,0.547525,1.266332,0.007203,CursorCube,3.086792,3.016342
753.7457,0.003897,-0.00228,-0.021475,-0.040573,0.127289,0.991028,0.54733,1.266014,0.004284,CursorCube,3.109894,2.992798
753.7567,0.003897,-0.00228,-0.021475,-0.040573,0.127289,0.991028,0.547379,1.265334,0.004743,CursorCube,3.109894,2.992798
753.7677,0.0036,-0.002288,-0.02149,-0.039215,0.12616,0.991226,0.5475,1.263843,0.004509,CursorCube,3.109528,2.978439
753.7789,0.002688,-0.002295,-0.021513,-0.032654,0.125244,0.991577,0.547556,1.262522,0.001504,CursorCube,3.106934,2.950226
753.7901,0.003132,-0.002313,-0.021506,-0.030945,0.127976,0.991287,0.547622,1.263545,0.001037,CursorCube,3.105713,2.9496
753.801,0.003132,-0.002313,-0.021506,-0.030945,0.127976,0.991287,0.547562,1.263014,0.001355,CursorCube,3.105713,2.9496
753.8121,-0.000161,-0.002296,-0.021533,-0.035339,0.128113,0.991119,0.547393,1.262784,0.004019,CursorCube,3.10556,2.932465
753.8232,-0.000369,-0.002317,-0.02147,-0.034714,0.128967,0.991028,0.547421,1.263048,0.00391,CursorCube,3.101151,2.932388
753.8344,-0.000369,-0.002317,-0.02147,-0.034714,0.128967,0.991028,0.547453,1.263164,0.003999,CursorCube,3.101151,2.932388
753.8455,0.000193,-0.002325,-0.021452,-0.035812,0.131699,0.990631,0.547465,1.26518,0.004578,CursorCube,3.107162,2.922348
753.8565,0.001352,-0.002331,-0.021426,-0.031204,0.131439,0.99083,0.547393,1.265423,0.002011,CursorCube,3.106812,2.915436
753.8677,0.002571,-0.002337,-0.021401,-0.025803,0.131851,0.990921,0.547239,1.266091,-0.001037,CursorCube,3.10672,2.916626
753.8788,0.002571,-0.002337,-0.021401,-0.025803,0.131851,0.990921,0.546974,1.26659,-0.001307,CursorCube,3.10672,2.916626
753.8899,0.001983,-0.00233,-0.021407,-0.027283,0.131683,0.990906,0.546961,1.266882,-0.000965,CursorCube,3.106934,2.915909
753.9009,0.001126,-0.002328,-0.021396,-0.028732,0.133148,0.990677,0.546832,1.268185,-0.000405,CursorCube,3.11264,2.924469
753.9122,0.001126,-0.002328,-0.021396,-0.028732,0.133148,0.990677,0.546729,1.268372,-0.000702,CursorCube,3.11264,2.924469
753.9234,0.000499,-0.002324,-0.021403,-0.029541,0.133133,0.990646,0.546489,1.26874,-0.000398,CursorCube,3.129227,2.924454
753.9343,0.000711,-0.002325,-0.021401,-0.028915,0.133255,0.990646,0.546135,1.268971,-0.000878,CursorCube,3.128845,2.934326
753.9455,0.000711,-0.002325,-0.021401,-0.028915,0.133255,0.990646,0.545631,1.269259,-0.000896,CursorCube,3.128845,2.934326
753.9566,-0.000563,-0.002318,-0.021416,-0.030243,0.131775,0.990814,0.544983,1.268938,-0.000235,CursorCube,3.129166,2.940689
753.9675,0.000958,-0.00233,-0.021414,-0.028641,0.129318,0.99118,0.544068,1.268273,-0.001156,CursorCube,3.101715,2.944733
753.9788,0.001835,-0.002337,-0.021436,-0.025528,0.12941,0.991257,0.543364,1.269098,-0.002686,CursorCube,3.10112,2.958893
753.9899,0.001835,-0.002337,-0.021436,-0.025528,0.12941,0.991257,0.54222,1.27051,-0.002669,CursorCube,3.10112,2.958893
754.0011,0.01238,-0.002287,-0.021231,0.043625,0.166046,0.985138,0.564586,1.28,-0.040395,CursorCube,3.186813,3.065735
754.0121,0.00405,-0.002198,-0.021199,0.068069,0.171372,0.982849,1.498594,0.742274,-0.236996,O02_G06_03,3.08522,3.028793
754.0231,0.00405,-0.002198,-0.021199,0.068069,0.171372,0.982849,1.503163,0.742274,-0.238567,O02_G06_03,3.08522,3.028793
754.0344,0.009672,-0.002196,-0.02099,0.105881,0.193649,0.975327,1.587136,0.742274,-0.31794,O02_G06_03,3.082764,3.086212
754.0454,0.021341,-0.0022,-0.021073,0.101624,0.198914,0.974731,1.610749,0.742274,-0.315373,O02_G06_03,3.070282,3.044037
754.0566,0.02604,-0.002185,-0.021176,0.105682,0.189362,0.976196,1.581227,0.742274,-0.317711,O02_G06_03,3.103058,3.016037
754.0676,0.02604,-0.002185,-0.021176,0.105682,0.189362,0.976196,1.587481,0.742274,-0.319555,O02_G06_03,3.103058,3.016037
754.0788,0.026897,-0.002185,-0.021183,0.105209,0.188171,0.976471,1.588725,0.742274,-0.319985,O02_G06_03,3.101929,3.132339
754.0898,-0.016006,-0.002297,-0.020655,0.077606,0.184097,0.979828,1.578196,0.742274,-0.270869,O02_G06_03,3.11618,3.070221
754.101,-0.016006,-0.002297,-0.020655,0.077606,0.184097,0.979828,1.584751,0.742274,-0.273512,O02_G06_03,3.11618,3.070221
754.1119,-0.017333,-0.00228,-0.020697,0.074554,0.182495,0.980362,1.585324,0.742274,-0.269405,O02_G06_03,3.149826,3.068008
754.1232,-0.012992,-0.00228,-0.020747,0.076279,0.182907,0.980148,1.595137,0.742274,-0.275905,O02_G06_03,3.150131,3.093216
754.1342,-0.01193,-0.002275,-0.020787,0.077271,0.182053,0.98024,1.599999,0.742274,-0.280178,O02_G06_03,3.149506,3.099777
754.1454,-0.01193,-0.002275,-0.020787,0.077271,0.182053,0.98024,1.610256,0.742274,-0.284501,O02_G06_03,3.149506,3.099777
754.1567,-0.00856,-0.00228,-0.020799,0.080292,0.179199,0.980515,1.60818,0.742274,-0.291576,O02_G06_03,3.130051,3.114716
754.1677,-0.008024,-0.002275,-0.020827,0.08139,0.177383,0.980759,1.610377,0.742274,-0.295918,O02_G06_03,3.146591,3.104736
754.1788,-0.008024,-0.002275,-0.020827,0.08139,0.177383,0.980759,1.617774,0.742274,-0.299356,O02_G06_03,3.146591,3.104736
754.1899,-0.008509,-0.00227,-0.020844,0.080704,0.175354,0.981186,1.619034,0.742274,-0.300316,O02_G06_03,3.167084,3.098892
754.2009,-0.010242,-0.002246,-0.020937,0.077499,0.17131,0.982147,1.613692,0.742274,-0.295658,O02_G06_03,3.189514,3.091919
754.212,-0.010242,-0.002246,-0.020937,0.077499,0.17131,0.982147,1.622513,0.742274,-0.298639,O02_G06_03,3.189514,3.091919
754.2232,-0.008256,-0.002251,-0.020971,0.076996,0.168747,0.982636,1.622436,0.742274,-0.298913,O02_G06_03,3.188309,3.090836
754.2341,-0.007993,-0.002251,-0.021027,0.077332,0.165085,0.983231,1.616797,0.742274,-0.299421,O02_G06_03,3.186081,3.089355
754.2452,-0.010669,-0.002242,-0.021043,0.072845,0.16037,0.98436,1.606506,0.742274,-0.290428,O02_G06_03,3.207657,3.087509
754.2565,-0.010669,-0.002242,-0.021043,0.072845,0.16037,0.98436,1.613616,0.742274,-0.292431,O02_G06_03,3.207657,3.087509
754.2676,-0.011824,-0.002239,-0.021062,0.070084,0.160309,0.984573,1.620952,0.742274,-0.289881,O02_G06_03,3.214249,3.086929
754.2786,-0.008551,-0.002251,-0.021075,0.071182,0.160461,0.984467,1.62885,0.742274,-0.294554,O02_G06_03,3.258896,3.086517
754.2897,-0.008551,-0.002251,-0.021075,0.071182,0.160461,0.984467,1.636366,0.742274,-0.297171,O02_G06_03,3.258896,3.086517
754.3009,-0.004119,-0.002273,-0.021079,0.070572,0.156082,0.985214,1.626544,0.742274,-0.295687,O02_G06_03,3.253372,3.095062
754.312,0.001265,-0.002302,-0.021077,0.073944,0.144363,0.986755,1.588463,0.742274,-0.295717,O02_G06_03,3.252609,3.101028
754.323,0.001265,-0.002302,-0.021077,0.073944,0.144363,0.986755,1.592898,0.742274,-0.297937,O02_G06_03,3.252609,3.101028
754.3342,0.001082,-0.002168,-0.021418,0.078659,0.142487,0.986664,1.588529,0.742274,-0.30684,O02_G06_03,3.316559,3.127914
754.3452,-0.020091,-0.002015,-0.021302,0.093155,0.184677,0.978363,1.753996,0.742274,-0.368508,O02_G06_03,3.28392,3.163651
754.3563,-0.028406,-0.002053,-0.021157,0.093903,0.190949,0.977081,1.78616,0.742274,-0.378904,O02_G06_03,3.149475,3.143707
754.3674,-0.028406,-0.002053,-0.021157,0.093903,0.190949,0.977081,1.792218,0.742274,-0.38258,O02_G06_03,3.149475,3.143707
754.3785,-0.028182,-0.00152,-0.022689,0.066528,0.163071,0.98436,1.682656,0.742274,-0.312185,O02_G06_03,3.185852,3.132355
754.3898,-0.021743,-0.001584,-0.022533,0.07225,0.159027,0.984619,1.671308,0.742274,-0.322419,O02_G06_03,3.222443,3.157837
754.4008,-0.021743,-0.001584,-0.022533,0.07225,0.159027,0.984619,1.674051,0.742274,-0.325619,O02_G06_03,3.222443,3.157837
754.4118,0.000881,-0.001862,-0.021884,0.091949,0.164307,0.982101,1.696525,0.742274,-0.368452,O02_G06_03,3.205551,3.130371
754.423,0.00077,-0.00186,-0.021883,0.091614,0.162186,0.982483,1.692796,0.742274,-0.370114,O02_G06_03,3.207932,3.124924
754.4341,0.002519,-0.001883,-0.021826,0.092468,0.161987,0.982437,1.697049,0.742274,-0.375731,O02_G06_03,3.215637,3.117508
754.4452,0.002519,-0.001883,-0.021826,0.092468,0.161987,0.982437,1.70276,0.742274,-0.379862,O02_G06_03,3.215637,3.117508
754.4564,0.002792,-0.001888,-0.021814,0.092392,0.160049,0.982758,1.703058,0.742274,-0.382993,O02_G06_03,3.215424,3.102356
754.4675,-0.000326,-0.001873,-0.021837,0.090225,0.15979,0.983002,1.710737,0.742274,-0.383569,O02_G06_03,3.207581,3.101059
754.4785,-0.000326,-0.001873,-0.021837,0.090225,0.15979,0.983002,1.721337,0.742274,-0.389669,O02_G06_03,3.207581,3.101059
754.4897,-0.002074,-0.002081,-0.02118,0.102142,0.167053,0.980637,1.760031,0.742274,-0.424085,O02_G06_03,3.215927,3.142746
754.5009,-0.006883,-0.002051,-0.021232,0.097504,0.164551,0.981522,1.760267,0.742274,-0.419241,O02_G06_03,3.214813,3.155334
754.5118,-0.007908,-0.002066,-0.021218,0.092529,0.165939,0.981781,1.773736,0.742274,-0.417074,O02_G06_03,3.214294,3.141769
754.5229,-0.007908,-0.002066,-0.021218,0.092529,0.165939,0.981781,1.78058,0.742274,-0.422411,O02_G06_03,3.214294,3.141769
754.5341,-0.008243,-0.002071,-0.021223,0.090134,0.16626,0.981949,1.787365,0.742274,-0.423805,O02_G06_03,3.197952,3.131393
754.5453,-0.009141,-0.002073,-0.02131,0.083649,0.152756,0.984711,1.739023,0.742274,-0.404692,O02_G06_03,3.198105,3.001282
754.5563,-0.006531,-0.002068,-0.021819,0.010101,0.129578,0.991516,1.661602,0.742274,-0.264914,O02_G06_03,3.214508,3.047394
754.5674,-0.006531,-0.002068,-0.021819,0.010101,0.129578,0.991516,1.664055,0.742274,-0.269652,O02_G06_03,3.214508,3.047394
754.5786,0.00757,-0.002435,-0.021056,-0.001892,0.136154,0.990677,1.68836,0.742274,-0.257238,O02_G06_03,3.147003,2.97673
754.5898,0.012646,-0.002483,-0.020986,0.002136,0.131149,0.991348,1.670977,0.742274,-0.266072,O02_G06_03,3.146942,2.973572
754.6008,0.012646,-0.002483,-0.020986,0.002136,0.131149,0.991348,1.671938,0.742274,-0.270883,O02_G06_03,3.146942,2.973572
754.6119,0.016862,-0.002515,-0.020961,0.004654,0.130447,0.99144,1.669003,0.742274,-0.279585,O02_G06_03,3.171097,2.984253
754.6229,0.006393,-0.002443,-0.021055,-0.007477,0.132706,0.991119,1.679905,0.742274,-0.265075,O02_G06_03,3.149048,3.050751
754.634,0.006393,-0.002443,-0.021055,-0.007477,0.132706,0.991119,1.682271,0.742274,-0.269779,O02_G06_03,3.149048,3.050751
754.6451,-0.000089,-0.002396,-0.021115,-0.018951,0.131378,0.99115,1.681945,0.742274,-0.254297,O02_G06_03,3.152878,3.021652
754.6563,-0.004873,-0.002367,-0.021143,-0.022171,0.134857,0.990601,1.700592,0.742274,-0.255044,O02_G06_03,3.181961,3.023407
754.6673,-0.009325,-0.002322,-0.021224,-0.026352,0.135635,0.990402,1.711643,0.742274,-0.253354,O02_G06_03,3.179367,3.034882
754.6784,-0.009325,-0.002322,-0.021224,-0.026352,0.135635,0.990402,1.721194,0.742274,-0.257928,O02_G06_03,3.179367,3.034882
754.6897,-0.005675,-0.002354,-0.021164,-0.026505,0.13562,0.990402,1.731403,0.742274,-0.262439,O02_G06_03,3.178497,3.034668
754.7007,-0.005737,-0.00233,-0.021212,-0.03067,0.133698,0.99054,1.735026,0.742274,-0.258852,O02_G06_03,3.179794,3.037704
754.7117,-0.005737,-0.00233,-0.021212,-0.03067,0.133698,0.99054,1.743831,0.742274,-0.26317,O02_G06_03,3.179794,3.037704
754.7229,0.001838,-0.002375,-0.021127,-0.035172,0.129318,0.990967,1.73703,0.742274,-0.258106,O02_G06_03,3.181061,3.035843
754.734,-0.002656,-0.002308,-0.021226,-0.04187,0.126038,0.991135,1.73224,0.742274,-0.24942,O02_G06_03,3.180801,3.043289
754.7451,-0.008686,-0.002197,-0.021446,-0.046631,0.118057,0.991898,1.710975,0.742274,-0.242574,O02_G06_03,3.173645,3.048645
754.7562,-0.008686,-0.002197,-0.021446,-0.046631,0.118057,0.991898,1.716083,0.742274,-0.246527,O02_G06_03,3.173645,3.048645
754.7674,-0.005946,-0.002227,-0.0214,-0.049637,0.114883,0.992127,1.710912,0.742274,-0.24422,O02_G06_03,3.17186,3.048691
754.7797,-0.00621,-0.00222,-0.021406,-0.048691,0.111008,0.992615,1.699107,0.742274,-0.247972,O02_G06_03,3.169357,3.053131
754.7897,-0.00621,-0.00222,-0.021406,-0.048691,0.111008,0.992615,1.6996,0.742274,-0.251433,O02_G06_03,3.169357,3.053131
754.8008,0.003143,-0.002323,-0.02125,-0.049912,0.101456,0.993576,1.672313,0.742274,-0.250289,O02_G06_03,3.16481,3.048599
754.8117,0.001611,-0.002332,-0.021263,-0.059677,0.092361,0.993927,1.656811,0.742274,-0.237067,O02_G06_03,3.180511,3.061768
754.8229,0.005108,-0.002409,-0.021149,-0.058487,0.095963,0.993652,1.685049,0.742274,-0.246287,O02_G06_03,3.2323,3.150208
754.834,0.005108,-0.002409,-0.021149,-0.058487,0.095963,0.993652,1.699122,0.742274,-0.251856,O02_G06_03,3.2323,3.150208
754.8453,0.006982,-0.002472,-0.020984,-0.062103,0.095398,0.993485,1.705431,0.742274,-0.251331,O02_G06_03,3.210205,3.132202
754.8561,0.007876,-0.002487,-0.020888,-0.068176,0.088425,0.993744,1.682339,0.742274,-0.243549,O02_G06_03,3.242554,3.150436
754.8674,0.007876,-0.002487,-0.020888,-0.068176,0.088425,0.993744,1.673633,0.742274,-0.246766,O02_G06_03,3.242554,3.150436
754.8783,0.009481,-0.00249,-0.020833,-0.071136,0.085327,0.993805,1.652644,0.742274,-0.244344,O02_G06_03,3.247055,3.106506
754.8895,0.012203,-0.002557,-0.020699,-0.072357,0.085693,0.993683,1.646775,0.742274,-0.246058,O02_G06_03,3.256851,3.163345
754.9006,0.015113,-0.002628,-0.020542,-0.071777,0.086975,0.993607,1.64374,0.742274,-0.251293,O02_G06_03,3.261475,3.068787
754.9117,0.015113,-0.002628,-0.020542,-0.071777,0.086975,0.993607,1.641946,0.742274,-0.255837,O02_G06_03,3.261475,3.068787
754.9228,0.014119,-0.002622,-0.020538,-0.073944,0.088623,0.993301,1.649304,0.742274,-0.257944,O02_G06_03,3.262375,3.153076
754.9338,0.010402,-0.002562,-0.020673,-0.077026,0.083328,0.99353,1.641697,0.742274,-0.258176,O02_G06_03,3.266205,3.109634
754.9451,0.010402,-0.002562,-0.020673,-0.077026,0.083328,0.99353,1.653739,0.742274,-0.263905,O02_G06_03,3.266205,3.109634
754.9561,0.006278,-0.002536,-0.020758,-0.088379,0.08754,0.992218,1.684573,0.742274,-0.254073,O02_G06_03,3.293747,3.110107
754.9672,0.003503,-0.002506,-0.020782,-0.095978,0.082718,0.991928,1.690347,0.742274,-0.247026,O02_G06_03,3.323608,3.110443
754.9783,-0.004706,-0.002544,-0.020814,-0.105377,0.088348,0.990494,1.725385,0.742274,-0.237927,O02_G06_03,3.324295,3.110123
754.9894,-0.004706,-0.002544,-0.020814,-0.105377,0.088348,0.990494,1.736578,0.742274,-0.240732,O02_G06_03,3.324295,3.110123
755.0006,-0.011851,-0.002585,-0.021201,-0.119812,0.080704,0.989502,1.720566,0.742274,-0.218484,O02_G06_03,3.347076,3.242371
755.0117,-0.007399,-0.002831,-0.020988,-0.118286,0.07373,0.990234,1.701156,0.742274,-0.220164,O02_G06_03,3.259354,3.22496
755.0228,-0.007399,-0.002831,-0.020988,-0.118286,0.07373,0.990234,1.698487,0.742274,-0.220188,O02_G06_03,3.259354,3.22496
755.0339,-0.000682,-0.003108,-0.020642,-0.119537,0.071442,0.99025,1.686258,0.742274,-0.217107,O02_G06_03,3.36203,3.116821
755.045,0.002292,-0.003158,-0.020591,-0.11911,0.071716,0.99028,1.683648,0.742274,-0.217059,O02_G06_03,3.36731,3.134674
755.056,0.002292,-0.003158,-0.020591,-0.11911,0.071716,0.99028,1.68496,0.742274,-0.216732,O02_G06_03,3.36731,3.134674
755.0671,0.004718,-0.003106,-0.020696,-0.117065,0.070511,0.990616,1.68484,0.742274,-0.219667,O02_G06_03,3.35968,3.121506
755.0782,0.007553,-0.003014,-0.020801,-0.11467,0.068237,0.991043,1.684015,0.742274,-0.223161,O02_G06_03,3.294815,3.186386
755.0894,-0.007346,-0.002756,-0.021206,-0.122925,0.059982,0.990585,1.667225,0.742274,-0.210035,O02_G06_03,3.281372,3.113174
755.1008,-0.007346,-0.002756,-0.021206,-0.122925,0.059982,0.990585,1.671679,0.742274,-0.209106,O02_G06_03,3.281372,3.113174
755.1116,-0.012162,-0.002687,-0.021297,-0.127045,0.055008,0.990356,1.66156,0.742274,-0.201537,O02_G06_03,3.347092,3.144608
755.1227,-0.005479,-0.002786,-0.021114,-0.122559,0.058929,0.990707,1.672656,0.742274,-0.206275,O02_G06_03,3.362289,3.145233
755.1339,-0.005479,-0.002786,-0.021114,-0.122559,0.058929,0.990707,1.672962,0.742274,-0.204052,O02_G06_03,3.362289,3.145233
755.145,-0.002063,-0.002846,-0.02101,-0.120606,0.060074,0.990875,1.676288,0.742274,-0.204638,O02_G06_03,3.346909,3.144287
755.1561,-0.002671,-0.002844,-0.02102,-0.120728,0.059631,0.990891,1.676582,0.742274,-0.202303,O02_G06_03,3.334137,3.137909
755.1671,-0.004044,-0.002834,-0.021044,-0.121124,0.055023,0.991104,1.668287,0.742274,-0.199807,O02_G06_03,3.332443,3.141342
755.1782,-0.004044,-0.002834,-0.021044,-0.121124,0.055023,0.991104,1.673655,0.742274,-0.198524,O02_G06_03,3.332443,3.141342
755.1895,-0.001591,-0.002903,-0.020836,-0.121445,0.058517,0.99086,1.68898,0.742274,-0.19692,O02_G06_03,3.330643,3.140945
755.2006,-0.004574,-0.002816,-0.020985,-0.119705,0.054337,0.991318,1.686408,0.742274,-0.198949,O02_G06_03,3.403351,3.135727
755.2117,-0.008078,-0.002747,-0.021136,-0.123077,0.04982,0.991135,1.681803,0.742274,-0.193679,O02_G06_03,3.364258,3.134628
755.2228,-0.008078,-0.002747,-0.021136,-0.123077,0.04982,0.991135,1.688381,0.742274,-0.193026,O02_G06_03,3.364258,3.134628
755.2339,-0.006621,-0.002768,-0.021099,-0.121109,0.049454,0.991394,1.693291,0.742274,-0.194962,O02_G06_03,3.363297,3.115067
755.2448,-0.000613,-0.002859,-0.020903,-0.114441,0.050644,0.992127,1.701496,0.742274,-0.203186,O02_G06_03,3.363144,3.110382
755.256,-0.000613,-0.002859,-0.020903,-0.114441,0.050644,0.992127,1.706423,0.742274,-0.201723,O02_G06_03,3.363144,3.110382
755.2672,0.0005,-0.002877,-0.020867,-0.113602,0.050797,0.992218,1.711831,0.742274,-0.201682,O02_G06_03,3.362152,3.110474
755.2782,0.002536,-0.002905,-0.020783,-0.111679,0.046265,0.992661,1.706153,0.742274,-0.203471,O02_G06_03,3.358765,3.109436
755.2892,0.002421,-0.002909,-0.020771,-0.109634,0.045013,0.99295,1.709088,0.742274,-0.20513,O02_G06_03,3.356934,3.103317
755.3004,0.002421,-0.002909,-0.020771,-0.109634,0.045013,0.99295,1.714978,0.742274,-0.204406,O02_G06_03,3.356934,3.103317
755.3116,0.002537,-0.00292,-0.020771,-0.108337,0.042694,0.993195,1.715416,0.742274,-0.205502,O02_G06_03,3.35614,3.110062
755.3226,0.002727,-0.002929,-0.020783,-0.105728,0.042191,0.993485,1.721226,0.742274,-0.208725,O02_G06_03,3.367264,3.129837
755.3338,0.002727,-0.002929,-0.020783,-0.105728,0.042191,0.993485,1.727939,0.742274,-0.208431,O02_G06_03,3.367264,3.129837
755.3448,0.001386,-0.002921,-0.020821,-0.104645,0.038147,0.993774,1.724634,0.742274,-0.20989,O02_G06_03,3.404297,3.131866
755.3559,0.004277,-0.002965,-0.020737,-0.103149,0.03421,0.994064,1.721285,0.742274,-0.211433,O02_G06_03,3.399567,3.1436
755.3672,0.006936,-0.003003,-0.020663,-0.102448,0.034958,0.99411,1.729011,0.742274,-0.212266,O02_G06_03,3.400208,3.17691
755.3782,0.006936,-0.003003,-0.020663,-0.102448,0.034958,0.99411,1.735622,0.742274,-0.212019,O02_G06_03,3.400208,3.17691
755.3897,0.007453,-0.003014,-0.020656,-0.102829,0.031784,0.994186,1.733628,0.742274,-0.211639,O02_G06_03,3.396591,3.200211
755.4004,0.007025,-0.002844,-0.021164,-0.053696,0.02359,0.998276,1.724563,0.742274,-0.27775,O02_G06_03,3.403076,3.212692
755.4115,0.007025,-0.002844,-0.021164,-0.053696,0.02359,0.998276,1.732985,0.742274,-0.277908,O02_G06_03,3.403076,3.212692
755.4227,-0.013808,-0.002393,-0.021879,-0.018219,0.005905,0.999802,1.705926,0.742274,-0.324167,O02_G06_03,3.237213,3.179474
755.4337,-0.019566,-0.00231,-0.021987,-0.018967,-0.000916,0.999817,1.701799,0.742274,-0.322937,O02_G06_03,3.25386,3.088531
755.4448,-0.019566,-0.00231,-0.021987,-0.018967,-0.000916,0.999817,1.711679,0.742274,-0.323124,O02_G06_03,3.25386,3.088531
755.4559,-0.017363,-0.002352,-0.021898,-0.01712,-0.006577,0.999817,1.708228,0.742274,-0.325025,O02_G06_03,3.233658,3.150864
755.4671,-0.0102,-0.002429,-0.021785,-0.011505,-0.00914,0.999878,1.71066,0.742274,-0.331701,O02_G06_03,3.236023,3.107361
755.4782,0.008444,-0.002581,-0.021625,0.004608,-0.000565,0.999985,1.736821,0.742274,-0.353382,O02_G06_03,3.268692,3.108063
755.4893,0.008444,-0.002581,-0.021625,0.004608,-0.000565,0.999985,1.741397,0.742274,-0.352247,O02_G06_03,3.268692,3.108063
755.5003,-0.001195,-0.002538,-0.021662,-0.003204,-0.01001,0.999939,1.721693,0.742274,-0.33873,O02_G06_03,3.268097,3.102753
755.5115,-0.005148,-0.002525,-0.02168,-0.006927,-0.01329,0.999878,1.716002,0.742274,-0.331714,O02_G06_03,3.27063,3.105743
755.5226,-0.005148,-0.002525,-0.02168,-0.006927,-0.01329,0.999878,1.719818,0.742274,-0.329619,O02_G06_03,3.27063,3.105743
755.5338,-0.009638,-0.002459,-0.021667,-0.010071,-0.024643,0.999634,1.705177,0.742274,-0.322663,O02_G06_03,3.248489,3.165619
755.5447,-0.017881,-0.002323,-0.021823,-0.015015,-0.03035,0.99942,1.704444,0.742274,-0.314626,O02_G06_03,3.311234,3.249802
755.5559,-0.021484,-0.002326,-0.021825,-0.016785,-0.034393,0.999252,1.70646,0.742274,-0.310948,O02_G06_03,3.204712,3.110168
755.567,-0.021484,-0.002326,-0.021825,-0.016785,-0.034393,0.999252,1.714127,0.742274,-0.308947,O02_G06_03,3.204712,3.110168
755.5781,-0.016695,-0.002505,-0.021642,-0.013733,-0.033844,0.999329,1.72098,0.742274,-0.310871,O02_G06_03,3.34137,3.23793
755.5892,-0.017981,-0.002593,-0.021726,-0.01712,-0.036942,0.999161,1.718066,0.742274,-0.304101,O02_G06_03,3.356781,3.211792
755.6003,-0.017981,-0.002593,-0.021726,-0.01712,-0.036942,0.999161,1.721551,0.742274,-0.301707,O02_G06_03,3.356781,3.211792
755.6115,-0.024351,-0.002687,-0.021722,-0.016876,-0.039856,0.999054,1.722783,0.742274,-0.299395,O02_G06_03,3.355621,3.225632
755.6226,-0.021737,-0.002765,-0.021656,-0.011841,-0.046463,0.99884,1.721354,0.742274,-0.302762,O02_G06_03,3.183441,3.122986
755.6338,-0.019984,-0.002785,-0.021777,-0.008575,-0.047791,0.99881,1.730926,0.742274,-0.305207,O02_G06_03,3.202866,3.129868
755.6447,-0.019984,-0.002785,-0.021777,-0.008575,-0.047791,0.99881,1.741222,0.742274,-0.303434,O02_G06_03,3.202866,3.129868
755.6559,-0.007622,-0.00306,-0.021449,0.005371,-0.045868,0.998932,1.752386,0.742274,-0.318854,O02_G06_03,3.20636,3.193115
755.6669,0.001542,-0.003179,-0.021412,0.019867,-0.059937,0.998001,1.733236,0.742274,-0.333453,O02_G06_03,3.216995,2.97171
755.678,0.001542,-0.003179,-0.021412,0.019867,-0.059937,0.998001,1.736874,0.742274,-0.332773,O02_G06_03,3.216995,2.97171
755.6896,0.010204,-0.003262,-0.021262,0.029648,-0.062576,0.997589,1.736926,0.742274,-0.343033,O02_G06_03,3.413467,3.111664
755.7003,0.007186,-0.00321,-0.021361,0.060394,-0.064651,0.996063,1.739109,0.742274,-0.378482,O02_G06_03,3.339951,3.088486
755.7115,-0.004281,-0.003193,-0.02136,0.061935,-0.07338,0.995377,1.727915,0.742274,-0.378008,O02_G06_03,3.387192,3.127335
755.7225,-0.004281,-0.003193,-0.02136,0.061935,-0.07338,0.995377,1.730885,0.742274,-0.377553,O02_G06_03,3.387192,3.127335
755.7337,-0.015543,-0.003219,-0.021314,0.056183,-0.080719,0.995148,1.722219,0.742274,-0.369908,O02_G06_03,3.337158,3.192276
755.7446,-0.015829,-0.003219,-0.021318,0.058014,-0.082626,0.994888,1.724686,0.742274,-0.372702,O02_G06_03,3.32782,3.209473
755.7559,-0.015829,-0.003219,-0.021318,0.058014,-0.082626,0.994888,1.730841,0.742274,-0.373675,O02_G06_03,3.32782,3.209473
755.7669,-0.018951,-0.00321,-0.021335,0.055969,-0.082672,0.994995,1.735162,0.742274,-0.372784,O02_G06_03,3.29274,3.19162
755.778,-0.017422,-0.003207,-0.021362,0.057434,-0.085983,0.994629,1.732351,0.742274,-0.374944,O02_G06_03,3.234482,3.189606
755.7891,-0.015139,-0.003259,-0.021443,0.0616,-0.093948,0.993668,1.722504,0.742274,-0.37913,O02_G06_03,3.254974,3.178055
755.8002,-0.015139,-0.003259,-0.021443,0.0616,-0.093948,0.993668,1.724511,0.742274,-0.380457,O02_G06_03,3.254974,3.178055
755.8113,-0.010037,-0.003332,-0.02142,0.063629,-0.095428,0.993393,1.724904,0.742274,-0.383826,O02_G06_03,3.236633,3.236313
755.8224,-0.007627,-0.003377,-0.021342,0.067169,-0.095627,0.993134,1.726833,0.742274,-0.389157,O02_G06_03,3.296158,3.260406
755.8338,-0.007627,-0.003377,-0.021342,0.067169,-0.095627,0.993134,1.728647,0.742274,-0.390296,O02_G06_03,3.296158,3.260406
755.8448,-0.010947,-0.003355,-0.021375,0.062958,-0.098297,0.993149,1.725847,0.742274,-0.385887,O02_G06_03,3.319748,3.231674
755.856,-0.009614,-0.003395,-0.021305,0.059891,-0.099121,0.993256,1.727401,0.742274,-0.383458,O02_G06_03,3.344284,3.268433
755.8669,-0.004958,-0.003421,-0.021301,0.064011,-0.100662,0.992844,1.730475,0.742274,-0.388474,O02_G06_03,3.377548,3.187744
755.8781,-0.004958,-0.003421,-0.021301,0.064011,-0.100662,0.992844,1.734873,0.742274,-0.389355,O02_G06_03,3.377548,3.187744
755.889,-0.001844,-0.003439,-0.021311,0.066345,-0.10141,0.992615,1.736758,0.742274,-0.392543,O02_G06_03,3.359482,3.210648
755.9001,0.000914,-0.003472,-0.021304,0.071411,-0.10527,0.991867,1.732791,0.742274,-0.397757,O02_G06_03,3.40065,3.091095
755.9113,0.000914,-0.003472,-0.021304,0.071411,-0.10527,0.991867,1.733184,0.742274,-0.398311,O02_G06_03,3.40065,3.091095
755.9224,0.009282,-0.003514,-0.021293,0.078049,-0.105484,0.991348,1.73302,0.742274,-0.405722,O02_G06_03,3.400848,3.172989
755.9336,0.012252,-0.00353,-0.021314,0.082733,-0.10463,0.991058,1.735666,0.742274,-0.41126,O02_G06_03,3.428345,3.093109
755.9446,0.012252,-0.00353,-0.021314,0.082733,-0.10463,0.991058,1.736963,0.742274,-0.411653,O02_G06_03,3.428345,3.093109
755.9557,0.005754,-0.003553,-0.021315,0.075012,-0.109192,0.99118,1.731383,0.742274,-0.403316,O02_G06_03,3.427383,3.099335
755.9682,0.002724,-0.00358,-0.02132,0.07045,-0.118332,0.990463,1.718973,0.742274,-0.397452,O02_G06_03,3.435471,3.271118
755.9778,0.005225,-0.0036,-0.021349,0.072113,-0.121704,0.989929,1.71346,0.742274,-0.398904,O02_G06_03,3.424881,3.26088
755.9891,0.005225,-0.0036,-0.021349,0.072113,-0.121704,0.989929,1.710732,0.742274,-0.39908,O02_G06_03,3.424881,3.26088
756.0001,0.009596,-0.003625,-0.02134,0.079041,-0.119385,0.989685,1.710138,0.742274,-0.406424,O02_G06_03,3.414383,3.242615
756.0112,0.006949,-0.003621,-0.021322,0.074814,-0.11792,0.990189,1.709528,0.742274,-0.402726,O02_G06_03,3.424271,3.263992
756.0223,0.006949,-0.003621,-0.021322,0.074814,-0.11792,0.990189,1.707531,0.742274,-0.402678,O02_G06_03,3.424271,3.263992
756.0336,0.005234,-0.00358,-0.021314,0.070343,-0.120194,0.99025,1.703496,0.742274,-0.398295,O02_G06_03,3.423141,3.170547
756.0446,0.015757,-0.003542,-0.02129,0.087204,-0.115677,0.989441,1.709391,0.742274,-0.41471,O02_G06_03,3.522293,3.187286
756.0558,0.01389,-0.003546,-0.021283,0.082459,-0.115906,0.989822,1.70627,0.742274,-0.409769,O02_G06_03,3.474106,3.170227
756.0668,0.01389,-0.003546,-0.021283,0.082459,-0.115906,0.989822,1.70061,0.742274,-0.408813,O02_G06_03,3.474106,3.170227
756.0779,0.005081,-0.003548,-0.021296,0.071655,-0.117447,0.990479,1.692512,0.742274,-0.398214,O02_G06_03,3.475174,3.13504
756.0889,0.004335,-0.003489,-0.021337,0.065079,-0.112305,0.991531,1.69214,0.742274,-0.392596,O02_G06_03,3.510239,3.167282
756.1001,0.004335,-0.003489,-0.021337,0.065079,-0.112305,0.991531,1.688442,0.742274,-0.392606,O02_G06_03,3.510239,3.167282
756.1111,0.017663,-0.003382,-0.021286,0.07872,-0.11377,0.990372,1.684322,0.742274,-0.403879,O02_G06_03,3.308624,3.236649
756.1223,0.021996,-0.00335,-0.021315,0.08638,-0.11055,0.990097,1.685162,0.742274,-0.410838,O02_G06_03,3.279221,3.238022
756.1335,0.021996,-0.00335,-0.021315,0.08638,-0.11055,0.990097,1.680512,0.742274,-0.409928,O02_G06_03,3.279221,3.238022
756.1445,0.018018,-0.00338,-0.021304,0.081116,-0.10614,0.991028,1.678668,0.742274,-0.40515,O02_G06_03,3.279892,3.213837
756.1556,0.003151,-0.003301,-0.021375,0.064789,-0.102905,0.992569,1.674534,0.742274,-0.39134,O02_G06_03,3.280258,3.25145
756.1667,-0.002885,-0.003186,-0.021358,0.056213,-0.099838,0.993408,1.668882,0.742274,-0.383914,O02_G06_03,3.2854,3.235138
756.1777,-0.002885,-0.003186,-0.021358,0.056213,-0.099838,0.993408,1.661628,0.742274,-0.383268,O02_G06_03,3.2854,3.235138
756.1889,0.003857,-0.002967,-0.021407,0.058136,-0.085403,0.994644,1.669698,0.742274,-0.386617,O02_G06_03,3.43602,3.037292
756.2,0.007769,-0.002858,-0.021449,0.060394,-0.081619,0.994827,1.667678,0.742274,-0.388706,O02_G06_03,3.387589,3.181061
756.2111,0.007769,-0.002858,-0.021449,0.060394,-0.081619,0.994827,1.661521,0.742274,-0.387957,O02_G06_03,3.387589,3.181061
756.2223,-0.005496,-0.002823,-0.021524,0.042831,-0.077011,0.996094,1.658848,0.742274,-0.374904,O02_G06_03,3.343414,3.176758
756.2333,-0.009601,-0.002817,-0.02152,0.037292,-0.076584,0.996353,1.651978,0.742274,-0.369396,O02_G06_03,3.333115,3.183212
756.2444,-0.00818,-0.00263,-0.021873,0.040939,-0.065948,0.996979,1.653906,0.742274,-0.371133,O02_G06_03,3.255905,3.275848
756.2556,-0.00818,-0.00263,-0.021873,0.040939,-0.065948,0.996979,1.644828,0.742274,-0.368723,O02_G06_03,3.255905,3.275848
756.2667,0.009776,-0.002688,-0.02163,0.065826,-0.048508,0.996643,1.653198,0.742274,-0.384871,O02_G06_03,3.23938,3.231644
756.2777,0.012144,-0.002607,-0.02165,0.0746,-0.045258,0.996185,1.648876,0.742274,-0.388226,O02_G06_03,3.199966,3.186462
756.2888,0.012144,-0.002607,-0.02165,0.0746,-0.045258,0.996185,1.641493,0.742274,-0.38516,O02_G06_03,3.199966,3.186462
756.3,0.013835,-0.002533,-0.021654,0.078537,-0.035278,0.996277,1.643164,0.742274,-0.385786,O02_G06_03,3.43779,3.140579
756.311,0.011435,-0.002499,-0.02166,0.079773,-0.025452,0.996475,1.643901,0.742274,-0.384684,O02_G06_03,3.38443,3.243698
756.3222,0.011435,-0.002499,-0.02166,0.079773,-0.025452,0.996475,1.635649,0.742274,-0.382011,O02_G06_03,3.38443,3.243698
756.3334,-0.009028,-0.002456,-0.021595,0.046326,-0.01181,0.998856,1.637086,0.742274,-0.361269,O02_G06_03,3.333023,3.153534
756.3444,-0.025978,-0.002481,-0.02149,0.019241,-0.003479,0.999802,1.633754,0.742274,-0.345026,O02_G06_03,3.242371,3.306091
756.3555,-0.025978,-0.002481,-0.02149,0.019241,-0.003479,0.999802,1.62421,0.742274,-0.344066,O02_G06_03,3.242371,3.306091
756.3668,-0.028687,-0.002461,-0.021413,0.016693,0.01413,0.999756,1.629656,0.742274,-0.343083,O02_G06_03,3.235504,3.291855
756.3777,-0.026853,-0.002329,-0.02167,0.014496,0.023605,0.999603,1.628824,0.742274,-0.341581,O02_G06_03,3.264786,3.253479
756.3888,-0.011986,-0.002269,-0.021703,0.02565,0.012146,0.999588,1.612416,0.742274,-0.34558,O02_G06_03,3.279602,3.257324
756.4001,-0.011986,-0.002269,-0.021703,0.02565,0.012146,0.999588,1.605235,0.742274,-0.34456,O02_G06_03,3.279602,3.257324
756.4111,0.010606,-0.002321,-0.021591,0.059235,0.023621,0.997955,1.607808,0.742274,-0.362468,O02_G06_03,3.281342,3.23555
756.4222,0.016657,-0.002322,-0.021609,0.070648,0.034622,0.996887,1.608612,0.742274,-0.368361,O02_G06_03,3.307663,3.118744
756.4334,0.016657,-0.002322,-0.021609,0.070648,0.034622,0.996887,1.599999,0.742274,-0.366878,O02_G06_03,3.307663,3.118744
756.4444,0.017441,-0.002381,-0.021232,0.080963,0.066254,0.994507,1.616748,0.742274,-0.374295,O02_G06_03,3.345764,3.141754
756.4555,0.011495,-0.002316,-0.021356,0.069962,0.074234,0.994782,1.615825,0.742274,-0.368211,O02_G06_03,3.440994,3.158493
756.4667,0.009177,-0.002194,-0.02154,0.066711,0.076813,0.994797,1.611506,0.742274,-0.365507,O02_G06_03,3.419937,3.17038
756.4776,0.009177,-0.002194,-0.02154,0.066711,0.076813,0.994797,1.605999,0.742274,-0.364321,O02_G06_03,3.419937,3.17038
756.4891,0.01101,-0.002187,-0.021406,0.064163,0.093674,0.99353,1.611874,0.742274,-0.36368,O02_G06_03,3.36908,3.174927
756.4999,0.013495,-0.002208,-0.021253,0.073593,0.108353,0.991379,1.617045,0.742274,-0.368951,O02_G06_03,3.391678,3.197266
756.5111,0.013495,-0.002208,-0.021253,0.073593,0.108353,0.991379,1.610976,0.742274,-0.367751,O02_G06_03,3.391678,3.197266
756.5222,0.006397,-0.002169,-0.021299,0.059021,0.116303,0.991455,1.610493,0.742274,-0.36031,O02_G06_03,3.366562,3.190567
756.5333,0.003141,-0.002119,-0.021335,0.053558,0.126343,0.990524,1.611974,0.742274,-0.357779,O02_G06_03,3.331696,3.199905
756.5443,0.003141,-0.002119,-0.021335,0.053558,0.126343,0.990524,1.606366,0.742274,-0.356814,O02_G06_03,3.331696,3.199905
756.5555,-0.006063,-0.002006,-0.021546,0.034744,0.137177,0.989929,1.608385,0.742274,-0.348043,O02_G06_03,3.391678,3.212891
756.5668,-0.005846,-0.001985,-0.021526,0.037369,0.142212,0.989121,1.607803,0.742274,-0.349032,O02_G06_03,3.365372,3.242233
756.5778,0.001512,-0.001976,-0.021371,0.055191,0.157929,0.985901,1.616826,0.742274,-0.358141,O02_G06_03,3.508972,3.260071
756.589,0.001512,-0.001976,-0.021371,0.055191,0.157929,0.985901,1.613403,0.742274,-0.357378,O02_G06_03,3.508972,3.260071
756.5999,-0.002669,-0.002086,-0.021055,0.048935,0.175186,0.983307,1.622737,0.742274,-0.355445,O02_G06_03,3.430252,3.292969
756.611,-0.004188,-0.00206,-0.021028,0.045761,0.18103,0.982407,1.624204,0.742274,-0.354034,O02_G06_03,3.436996,3.299728
756.6221,-0.004188,-0.00206,-0.021028,0.045761,0.18103,0.982407,1.62177,0.742274,-0.353681,O02_G06_03,3.436996,3.299728
756.6332,-0.00783,-0.00207,-0.020759,0.039703,0.186478,0.981644,1.624097,0.742274,-0.351121,O02_G06_03,3.383179,3.281586
756.6443,-0.006906,-0.002099,-0.020667,0.044037,0.20285,0.97821,1.635455,0.742274,-0.354613,O02_G06_03,3.391022,3.297485
756.6555,-0.006076,-0.002112,-0.020625,0.045136,0.216171,0.975296,1.644661,0.742274,-0.356457,O02_G06_03,3.414322,3.307022
756.6666,-0.006076,-0.002112,-0.020625,0.045136,0.216171,0.975296,1.642831,0.742274,-0.356736,O02_G06_03,3.414322,3.307022
756.6776,-0.005415,-0.002114,-0.020622,0.047287,0.228699,0.972336,1.641696,0.749634,-0.356863,CursorCube,3.409576,3.268417
756.6888,-0.005228,-0.002085,-0.020633,0.047943,0.231415,0.971664,1.636693,0.753961,-0.356521,CursorCube,3.389679,3.266785
756.6999,-0.005228,-0.002085,-0.020633,0.047943,0.231415,0.971664,1.632586,0.755989,-0.356275,CursorCube,3.389679,3.266785
756.7109,-0.006629,-0.002082,-0.020605,0.044189,0.234055,0.971207,1.639595,0.751451,-0.356679,CursorCube,3.418518,3.233276
756.722,-0.004081,-0.002072,-0.020647,0.047318,0.239868,0.969635,1.632219,0.759478,-0.356109,CursorCube,3.430542,3.204132
756.7332,-0.004081,-0.002072,-0.020647,0.047318,0.239868,0.969635,1.631379,0.759505,-0.356179,CursorCube,3.430542,3.204132
756.7442,-0.005991,-0.002044,-0.02082,0.042038,0.242889,0.969132,1.645001,0.75086,-0.357079,CursorCube,3.427902,3.226761
756.7555,-0.012267,-0.001989,-0.020974,0.029388,0.241104,0.970047,1.653935,0.742274,-0.353469,O02_G06_03,3.421875,3.232224
756.7665,-0.012267,-0.001989,-0.020974,0.029388,0.241104,0.970047,1.652924,0.742274,-0.353311,O02_G06_03,3.421875,3.232224
756.7776,-0.014414,-0.001975,-0.021013,0.024796,0.241013,0.9702,1.651144,0.742274,-0.351005,O02_G06_03,3.418243,3.226288
756.7886,-0.014016,-0.001989,-0.020986,0.024796,0.241348,0.970108,1.649784,0.742274,-0.350744,O02_G06_03,3.411377,3.225342
756.7997,-0.007038,-0.002045,-0.020851,0.03978,0.237854,0.970474,1.646399,0.742274,-0.357647,O02_G06_03,3.384613,3.207336
756.811,-0.007038,-0.002045,-0.020851,0.03978,0.237854,0.970474,1.645147,0.742274,-0.357325,O02_G06_03,3.384613,3.207336
756.8221,-0.002276,-0.002094,-0.020743,0.052124,0.237152,0.970062,1.633329,0.750428,-0.359908,CursorCube,3.385422,3.230927
756.8332,-0.00095,-0.002108,-0.02072,0.055435,0.237625,0.969757,1.631162,0.751755,-0.360492,CursorCube,3.364182,3.208374
756.8442,-0.00095,-0.002108,-0.02072,0.055435,0.237625,0.969757,1.635956,0.747703,-0.361462,CursorCube,3.364182,3.208374
756.8554,-0.000193,-0.002114,-0.020707,0.057251,0.237579,0.969666,1.636558,0.746795,-0.362187,CursorCube,3.364334,3.208389
756.8665,-0.001203,-0.002133,-0.020685,0.055054,0.242569,0.968567,1.645818,0.742274,-0.362982,O02_G06_03,3.387024,3.208572
756.8775,-0.005457,-0.002124,-0.020674,0.04541,0.245789,0.968247,1.647018,0.742274,-0.358328,O02_G06_03,3.401825,3.181061
756.8886,-0.005457,-0.002124,-0.020674,0.04541,0.245789,0.968247,1.646472,0.742274,-0.358131,O02_G06_03,3.401825,3.181061
756.8999,-0.003525,-0.00215,-0.020621,0.051453,0.250732,0.966675,1.650465,0.742274,-0.361384,O02_G06_03,3.404205,3.183487
756.9108,-0.002667,-0.002159,-0.020601,0.053604,0.253922,0.965729,1.653758,0.742274,-0.363053,O02_G06_03,3.407135,3.214737
756.9221,-0.002667,-0.002159,-0.020601,0.053604,0.253922,0.965729,1.654498,0.742274,-0.363433,O02_G06_03,3.407135,3.214737
756.9331,-0.002957,-0.002152,-0.020619,0.053375,0.255707,0.965271,1.65667,0.742274,-0.363922,O02_G06_03,3.414185,3.195328
756.9442,-0.004032,-0.002131,-0.020649,0.051819,0.257492,0.964874,1.658355,0.742274,-0.363679,O02_G06_03,3.417816,3.188919
756.9552,-0.004032,-0.002131,-0.020649,0.051819,0.257492,0.964874,1.65872,0.742274,-0.363798,O02_G06_03,3.417816,3.188919
756.9664,-0.001635,-0.002145,-0.0206,0.058182,0.257309,0.964569,1.659446,0.742274,-0.367344,O02_G06_03,3.416885,3.183167
756.9775,-0.000701,-0.002137,-0.020609,0.063095,0.256714,0.964417,1.643006,0.753963,-0.365782,CursorCube,3.409149,3.173904
756.9886,0.000493,-0.002143,-0.020591,0.060425,0.256699,0.964584,1.659681,0.742274,-0.369546,O02_G06_03,3.388321,3.182159
756.9998,0.000493,-0.002143,-0.020591,0.060425,0.256699,0.964584,1.659818,0.742274,-0.370213,O02_G06_03,3.388321,3.182159
757.0109,0.000811,-0.002146,-0.020595,0.063049,0.257324,0.964249,1.635776,0.759761,-0.365568,CursorCube,3.388168,3.154922
757.0219,-0.001145,-0.002127,-0.020656,0.060059,0.25766,0.964356,1.640939,0.755954,-0.366089,CursorCube,3.38826,3.133438
757.033,-0.001145,-0.002127,-0.020656,0.060059,0.25766,0.964356,1.639056,0.757258,-0.365918,CursorCube,3.38826,3.133438
757.0442,-0.004433,-0.002095,-0.020737,0.052216,0.256073,0.965241,1.658037,0.742274,-0.367934,O02_G06_03,3.38559,3.115616
757.0552,-0.004966,-0.002096,-0.020739,0.050339,0.254715,0.965698,1.656502,0.742274,-0.367247,O02_G06_03,3.383972,3.115646
757.0663,-0.004925,-0.002102,-0.02073,0.049164,0.253204,0.966156,1.654439,0.742274,-0.366913,O02_G06_03,3.373398,3.105438
757.0776,-0.004925,-0.002102,-0.02073,0.049164,0.253204,0.966156,1.653822,0.742274,-0.367272,O02_G06_03,3.373398,3.105438
757.0885,-0.003084,-0.002124,-0.020682,0.050873,0.253723,0.965927,1.65363,0.742274,-0.368376,O02_G06_03,3.373962,3.112518
757.0997,-0.000459,-0.00228,-0.020331,0.064026,0.259552,0.963593,1.631417,0.761464,-0.368124,CursorCube,3.359818,3.188278
757.1107,-0.000459,-0.00228,-0.020331,0.064026,0.259552,0.963593,1.63149,0.761043,-0.368388,CursorCube,3.359818,3.188278
757.1219,-0.004669,-0.002261,-0.020396,0.058746,0.259842,0.963852,1.631781,0.76049,-0.366011,CursorCube,3.359818,3.150925
757.1331,-0.004166,-0.002199,-0.020563,0.056763,0.257248,0.964661,1.632464,0.758293,-0.365516,CursorCube,3.372543,3.155975
757.144,-0.005575,-0.002125,-0.020735,0.052826,0.252991,0.966019,1.650613,0.742274,-0.368862,O02_G06_03,3.355316,3.144989
757.1551,-0.005575,-0.002125,-0.020735,0.052826,0.252991,0.966019,1.65027,0.742274,-0.368746,O02_G06_03,3.355316,3.144989
757.1677,-0.005456,-0.00212,-0.020749,0.053177,0.252747,0.966065,1.649769,0.742274,-0.368711,O02_G06_03,3.353577,3.144012
757.1774,-0.005176,-0.002122,-0.020757,0.055252,0.253571,0.965729,1.636856,0.752072,-0.366041,CursorCube,3.352997,3.137238
757.1884,-0.005176,-0.002122,-0.020757,0.055252,0.253571,0.965729,1.638089,0.751019,-0.365991,CursorCube,3.352997,3.137238
757.1997,-0.000865,-0.002162,-0.020664,0.066101,0.254211,0.964874,1.631872,0.755962,-0.368739,CursorCube,3.353027,3.138504
757.2108,0.000122,-0.002167,-0.020649,0.068115,0.253632,0.96489,1.631757,0.755485,-0.36937,CursorCube,3.339508,3.134064
757.2219,0.000609,-0.002162,-0.020643,0.067886,0.252045,0.965317,1.631669,0.754264,-0.369237,CursorCube,3.338974,3.132248
757.233,0.000609,-0.002162,-0.020643,0.067886,0.252045,0.965317,1.631541,0.753988,-0.369048,CursorCube,3.338974,3.132248
757.244,-0.001187,-0.002141,-0.02071,0.062881,0.25293,0.965424,1.631558,0.753976,-0.366693,CursorCube,3.335327,3.13269
757.2551,-0.001658,-0.002136,-0.020723,0.062485,0.252243,0.965637,1.631539,0.753116,-0.366736,CursorCube,3.319061,3.094284
757.2664,-0.001658,-0.002136,-0.020723,0.062485,0.252243,0.965637,1.631545,0.752857,-0.366895,CursorCube,3.319061,3.094284
757.2775,-0.004213,-0.002112,-0.020793,0.058746,0.252609,0.965775,1.634182,0.750547,-0.365885,CursorCube,3.329391,3.096848
757.2886,-0.001808,-0.002132,-0.020745,0.066147,0.252228,0.965393,1.631098,0.752411,-0.368413,CursorCube,3.310822,3.133301
757.2997,0.000135,-0.002148,-0.020702,0.071014,0.252014,0.965103,1.630832,0.752275,-0.370499,CursorCube,3.311554,3.13269
757.3109,0.000135,-0.002148,-0.020702,0.071014,0.252014,0.965103,1.630651,0.751876,-0.370483,CursorCube,3.311554,3.13269
757.3218,0.001048,-0.002157,-0.02068,0.072311,0.253204,0.964691,1.630306,0.752481,-0.371048,CursorCube,3.311844,3.134766
757.3329,-0.000217,-0.002162,-0.020677,0.070557,0.255478,0.964233,1.629997,0.753528,-0.370272,CursorCube,3.316132,3.135742
757.3441,-0.000217,-0.002162,-0.020677,0.070557,0.255478,0.964233,1.629731,0.75335,-0.370453,CursorCube,3.316132,3.135742
757.3551,-0.001358,-0.00215,-0.020698,0.068817,0.254974,0.964478,1.629564,0.752783,-0.369946,CursorCube,3.316605,3.135452
757.3662,-0.001416,-0.002155,-0.020674,0.069366,0.254852,0.964478,1.629324,0.752572,-0.370288,CursorCube,3.317123,3.135559
757.3773,-0.00156,-0.002156,-0.020671,0.070068,0.255539,0.964249,1.629195,0.752486,-0.370672,CursorCube,3.317474,3.144241
757.3884,-0.00156,-0.002156,-0.020671,0.070068,0.255539,0.964249,1.628936,0.752349,-0.370619,CursorCube,3.317474,3.144241
757.3995,-0.001491,-0.002158,-0.020662,0.070129,0.257172,0.963806,1.628616,0.75301,-0.370535,CursorCube,3.319977,3.137451
757.4106,-0.00181,-0.002156,-0.020661,0.068451,0.257599,0.963821,1.62847,0.752802,-0.369993,CursorCube,3.32016,3.12088
757.4217,-0.00181,-0.002156,-0.020661,0.068451,0.257599,0.963821,1.628395,0.752503,-0.370251,CursorCube,3.32016,3.12088
757.4329,-0.001046,-0.002166,-0.020624,0.07106,0.257813,0.963562,1.628407,0.752435,-0.371658,CursorCube,3.322281,3.121338
757.444,-0.000341,-0.002176,-0.020596,0.072281,0.259094,0.963135,1.628252,0.753106,-0.372213,CursorCube,3.327911,3.122528
757.4551,0.000069,-0.002177,-0.020587,0.072937,0.260635,0.962662,1.628114,0.75396,-0.372148,CursorCube,3.328308,3.131683
757.4665,0.000069,-0.002177,-0.020587,0.072937,0.260635,0.962662,1.628031,0.753804,-0.371833,CursorCube,3.328308,3.131683
757.4775,0.000086,-0.002178,-0.020581,0.07225,0.262726,0.962143,1.628039,0.754896,-0.371091,CursorCube,3.329407,3.1465
757.4884,0.00011,-0.002177,-0.020586,0.07135,0.263474,0.962021,1.627751,0.755651,-0.370364,CursorCube,3.32933,3.147888
757.4995,0.00011,-0.002177,-0.020586,0.07135,0.263474,0.962021,1.627504,0.756182,-0.370164,CursorCube,3.32933,3.147888
757.5106,0.001901,-0.002007,-0.02046,0.081345,0.289291,0.953766,1.626874,0.771595,-0.371565,CursorCube,3.332336,3.178925
757.5217,0.01008,-0.001676,-0.020869,0.094894,0.308075,0.94661,1.626297,0.782867,-0.375213,CursorCube,3.254227,3.217545
757.533,0.01008,-0.001676,-0.020869,0.094894,0.308075,0.94661,1.62629,0.783323,-0.374992,CursorCube,3.254227,3.217545
757.5438,0.000959,-0.00162,-0.02099,0.078033,0.318878,0.944565,1.626473,0.788376,-0.366678,CursorCube,3.280045,3.21843
757.5551,-0.001604,-0.001624,-0.020984,0.072464,0.318695,0.945068,1.634087,0.78352,-0.366253,CursorCube,3.283722,3.188217
757.5662,-0.001604,-0.001624,-0.020984,0.072464,0.318695,0.945068,1.634178,0.783572,-0.366256,CursorCube,3.283722,3.188217
757.5773,-0.009392,-0.001611,-0.021004,0.055786,0.321472,0.945267,1.675124,0.758599,-0.368912,CursorCube,3.280701,3.188141
757.5884,-0.009056,-0.001613,-0.021016,0.057251,0.320725,0.945435,1.671258,0.761201,-0.368654,CursorCube,3.277298,3.186646
757.5994,0.001784,-0.001649,-0.020971,0.080292,0.317719,0.944763,1.626397,0.789586,-0.367395,CursorCube,3.28508,3.191116
757.6106,0.001784,-0.001649,-0.020971,0.080292,0.317719,0.944763,1.626372,0.790429,-0.367261,CursorCube,3.28508,3.191116
757.6217,0.001859,-0.001645,-0.02098,0.080399,0.315903,0.945374,1.62637,0.790335,-0.36738,CursorCube,3.283539,3.205582
757.6328,0.000784,-0.001641,-0.020987,0.077377,0.315979,0.945602,1.626399,0.791167,-0.366033,CursorCube,3.282883,3.205399
757.6439,0.000784,-0.001641,-0.020987,0.077377,0.315979,0.945602,1.626358,0.792069,-0.366214,CursorCube,3.282883,3.205399
757.655,0.000329,-0.00164,-0.020995,0.075821,0.316284,0.945618,1.626342,0.793108,-0.365694,CursorCube,3.282822,3.194687
757.6661,0.000044,-0.00164,-0.020997,0.076477,0.315247,0.945908,1.626298,0.793548,-0.366318,CursorCube,3.28183,3.193481
757.6773,-0.001825,-0.001636,-0.021009,0.072205,0.315033,0.94632,1.630521,0.791537,-0.365838,CursorCube,3.285614,3.191711
757.6883,-0.001825,-0.001636,-0.021009,0.072205,0.315033,0.94632,1.630717,0.792608,-0.365813,CursorCube,3.285614,3.191711
757.6995,-0.003106,-0.001627,-0.021018,0.069962,0.313263,0.947083,1.635787,0.789655,-0.366137,CursorCube,3.292999,3.189926
757.7106,-0.014927,-0.001204,-0.021621,0.08725,0.357971,0.929642,1.625272,0.821247,-0.366455,CursorCube,3.366791,3.131943
757.7216,-0.014927,-0.001204,-0.021621,0.08725,0.357971,0.929642,1.625213,0.82307,-0.366267,CursorCube,3.366791,3.131943
757.7328,-0.026319,-0.000063,-0.024541,0.042191,0.334549,0.941422,1.724183,0.752443,-0.371344,CursorCube,3.341507,3.100418
757.7438,-0.029089,-0.000034,-0.024603,0.029297,0.332184,0.942749,1.741314,0.742274,-0.368035,O02_G06_03,3.467575,3.048782
757.7549,-0.028558,-0.000049,-0.024562,0.029007,0.331039,0.943161,1.744404,0.742274,-0.368405,O02_G06_03,3.430588,3.102356
757.7661,-0.028558,-0.000049,-0.024562,0.029007,0.331039,0.943161,1.750615,0.742274,-0.369341,O02_G06_03,3.430588,3.102356
757.7773,-0.022627,-0.000204,-0.024156,0.049286,0.336212,0.940476,1.704651,0.778568,-0.369627,CursorCube,3.433319,3.094116
757.7883,0.000032,-0.000815,-0.022222,0.129456,0.347839,0.928558,1.626565,0.839685,-0.384099,CursorCube,3.431503,3.148132
757.7995,0.000032,-0.000815,-0.022222,0.129456,0.347839,0.928558,1.637364,0.840172,-0.387269,CursorCube,3.431503,3.148132
757.8105,0.000233,-0.00102,-0.021466,0.138351,0.3535,0.92514,1.655604,0.841113,-0.396176,CursorCube,3.357697,3.265472
757.8216,-0.001592,-0.000904,-0.021787,0.129349,0.344391,0.929855,1.659026,0.841146,-0.393534,CursorCube,3.374069,3.129593
757.8327,-0.004302,-0.00099,-0.021604,0.117706,0.343918,0.93158,1.672885,0.841562,-0.391313,CursorCube,3.341675,3.161484
757.8438,-0.004302,-0.00099,-0.021604,0.117706,0.343918,0.93158,1.689121,0.842259,-0.394998,CursorCube,3.341675,3.161484
757.8549,-0.018348,-0.001125,-0.021421,0.091919,0.335053,0.937698,1.695618,0.842118,-0.38383,CursorCube,3.421265,3.143967
757.866,-0.010967,-0.00146,-0.020593,0.115509,0.32196,0.939667,1.700391,0.842753,-0.397855,CursorCube,3.415329,3.305786
757.8773,-0.010967,-0.00146,-0.020593,0.115509,0.32196,0.939667,1.716438,0.843466,-0.40224,CursorCube,3.415329,3.305786
757.8882,0.006135,-0.001564,-0.020582,0.150208,0.294998,0.943604,1.706282,0.843713,-0.420501,CursorCube,3.397705,3.20993
757.8994,0.01738,-0.001568,-0.020826,0.166748,0.265808,0.949478,1.694132,0.843537,-0.428134,CursorCube,3.362015,3.19043
757.9105,0.018994,-0.001731,-0.020558,0.160263,0.255142,0.953522,1.701156,0.843761,-0.427388,CursorCube,3.322739,3.259689
757.9215,0.018994,-0.001731,-0.020558,0.160263,0.255142,0.953522,1.72037,0.844614,-0.432613,CursorCube,3.322739,3.259689
757.9328,0.017324,-0.0016,-0.021059,0.153259,0.246368,0.95697,1.906175,0.742274,-0.494174,O02_G06_03,3.304474,3.256683
757.9438,-0.001203,-0.001984,-0.020197,0.123993,0.240356,0.962723,1.92,0.742447,-0.472914,O02_WestWall,3.454391,3.205795
757.955,-0.001203,-0.001984,-0.020197,0.123993,0.240356,0.962723,1.92,0.758399,-0.469294,O02_WestWall,3.454391,3.205795
757.9661,-0.024283,-0.001706,-0.021187,0.070343,0.214478,0.974182,1.92,0.74548,-0.427021,O02_WestWall,3.427261,3.168533
757.9772,-0.027334,-0.001902,-0.020948,0.070923,0.200134,0.977188,1.92,0.746655,-0.426655,O02_WestWall,3.4599,3.206207
757.9883,-0.01982,-0.002003,-0.021203,0.084793,0.15657,0.984009,1.88747,0.742274,-0.432466,O02_G06_03,3.400345,3.121414
757.9993,-0.01982,-0.002003,-0.021203,0.084793,0.15657,0.984009,1.912482,0.742274,-0.435622,O02_G06_03,3.400345,3.121414
758.0104,0.001461,-0.002146,-0.021156,0.124298,0.129273,0.98378,1.901069,0.742274,-0.466953,O02_G06_03,3.435684,3.171585
758.0215,0.003799,-0.0022,-0.021206,0.127197,0.103928,0.986404,1.887317,0.742274,-0.467453,O02_G06_03,3.401535,3.1866
758.0328,0.003799,-0.0022,-0.021206,0.127197,0.103928,0.986404,1.907099,0.742274,-0.472713,O02_G06_03,3.401535,3.1866
758.0438,-0.002004,-0.002367,-0.021116,0.11171,0.083862,0.990189,1.892825,0.742274,-0.458154,O02_G06_03,3.445053,3.141861
758.055,0.007208,-0.002703,-0.020849,0.136795,0.058777,0.988846,1.87405,0.742274,-0.478249,O02_G06_03,3.484283,3.20755
758.0659,0.003083,-0.00288,-0.020629,0.127441,0.055038,0.990311,1.885353,0.742274,-0.474012,O02_G06_03,3.554886,3.170029
758.077,0.003083,-0.00288,-0.020629,0.127441,0.055038,0.990311,1.905678,0.742274,-0.479556,O02_G06_03,3.554886,3.170029
758.0881,-0.013398,-0.002813,-0.020854,0.090744,0.033203,0.995316,1.895321,0.742274,-0.444938,O02_G06_03,3.480164,3.247391
758.0992,-0.020895,-0.002537,-0.021442,0.072327,0.006256,0.99736,1.876862,0.742274,-0.425575,O02_G06_03,3.379303,3.180588
758.1104,-0.020895,-0.002537,-0.021442,0.072327,0.006256,0.99736,1.893031,0.742274,-0.427876,O02_G06_03,3.379303,3.180588
758.1214,-0.014168,-0.002674,-0.021241,0.082703,-0.009018,0.996521,1.886376,0.742274,-0.43612,O02_G06_03,3.333694,3.075638
758.1327,-0.001096,-0.002797,-0.021489,0.105804,-0.035599,0.993744,1.864089,0.742274,-0.452443,O02_G06_03,3.516876,3.169342
758.1437,-0.001096,-0.002797,-0.021489,0.105804,-0.035599,0.993744,1.881407,0.742274,-0.454378,O02_G06_03,3.516876,3.169342
758.1547,-0.012329,-0.002996,-0.021069,0.086151,-0.050186,0.99501,1.881173,0.742274,-0.433473,O02_G06_03,3.428391,3.191559
758.1659,-0.021957,-0.002805,-0.021242,0.077301,-0.064987,0.994873,1.879941,0.742274,-0.422515,O02_G06_03,3.376465,3.319473
758.177,-0.023478,-0.002819,-0.021256,0.069061,-0.097717,0.992813,1.850109,0.742274,-0.407558,O02_G06_03,3.366714,2.990509
758.188,-0.023478,-0.002819,-0.021256,0.069061,-0.097717,0.992813,1.863602,0.742274,-0.406939,O02_G06_03,3.366714,2.990509
758.1993,-0.021191,-0.002881,-0.021171,0.065765,-0.077499,0.994812,1.910124,0.742274,-0.408121,O02_G06_03,3.385101,3.162796
758.2103,-0.025877,-0.002854,-0.021177,0.046051,-0.050735,0.997635,1.92,0.786713,-0.38184,O02_WestWall,3.297867,3.193054
758.2215,-0.025877,-0.002854,-0.021177,0.046051,-0.050735,0.997635,1.92,0.808274,-0.37622,O02_WestWall,3.297867,3.193054
758.2326,-0.028544,-0.002348,-0.021677,0.00412,-0.004715,0.99997,1.92,0.884215,-0.325712,O02_WestWall,3.223511,3.126953
758.2437,-0.028486,-0.00203,-0.021873,0.049637,0.078812,0.995651,1.92,0.993195,-0.354923,O02_WestWall,3.29155,3.176254
758.2548,-0.025602,-0.001956,-0.021071,0.016754,0.099243,0.994919,1.92,1.029379,-0.319392,O02_WestWall,3.268646,3.11116
758.2659,-0.025602,-0.001956,-0.021071,0.016754,0.099243,0.994919,1.92,1.043865,-0.315236,O02_WestWall,3.268646,3.11116
758.277,-0.004905,-0.002054,-0.021231,0.023026,0.117127,0.992844,4.279409,0,-0.630088,Ground,3.250076,3.089462
758.2881,0.01512,-0.002466,-0.02073,0.017838,0.133957,0.990814,4.501257,0,-0.622542,Ground,3.258713,3.089554
758.2991,0.01512,-0.002466,-0.02073,0.017838,0.133957,0.990814,4.584403,0,-0.621708,Ground,3.258713,3.089554
758.3103,0.006302,-0.002554,-0.020431,0.006546,0.142136,0.989822,4.760255,0,-0.584569,Ground,3.199066,3.116791
758.3213,-0.025061,-0.002317,-0.020429,-0.005966,0.137863,0.990418,4.808775,0,-0.527868,Ground,2.9991,3.098907
758.3325,-0.028999,-0.002477,-0.019694,0.015289,0.134674,0.990768,4.860732,0,-0.608451,Ground,3.174103,3.112091
758.3436,-0.028999,-0.002477,-0.019694,0.015289,0.134674,0.990768,4.925049,0,-0.604164,Ground,3.174103,3.112091
758.3547,-0.025145,-0.002512,-0.0212,-0.087387,0.137085,0.986694,4.957982,0,-0.168245,Ground,3.228119,2.964981
758.3659,0.010106,-0.003226,-0.020125,-0.057144,0.140854,0.988373,5.015697,0,-0.286812,Ground,3.144348,2.917831
758.377,0.010106,-0.003226,-0.020125,-0.057144,0.140854,0.988373,5.035587,0,-0.27958,Ground,3.144348,2.917831
758.3879,0.027042,-0.003461,-0.02026,-0.020203,0.117706,0.992828,4.80854,0,-0.421049,Ground,2.999191,2.826401
758.399,0.018767,-0.003224,-0.02081,-0.020798,0.097626,0.994995,4.638319,0,-0.404357,Ground,3.088669,2.907181
758.4102,0.016047,-0.002931,-0.021178,-0.029495,0.081253,0.996246,4.507617,0,-0.358445,Ground,3.010208,2.823807
758.4213,0.016047,-0.002931,-0.021178,-0.029495,0.081253,0.996246,4.52568,0,-0.350514,Ground,3.010208,2.823807
758.4324,0.015864,-0.002956,-0.021193,-0.017807,0.076553,0.996903,4.478115,0,-0.384921,Ground,2.9888,2.810135
758.4435,0.015782,-0.002998,-0.021314,-0.016708,0.075989,0.996964,4.450716,0,-0.379369,Ground,2.933273,2.779343
758.4547,0.015782,-0.002998,-0.021314,-0.016708,0.075989,0.996964,4.432252,0,-0.36998,Ground,2.933273,2.779343
758.4658,0.009157,-0.003275,-0.021059,-0.021179,0.083801,0.996246,4.4923,0,-0.346529,Ground,2.93425,2.860687
758.4768,-0.005489,-0.003167,-0.021264,-0.032745,0.076645,0.996506,4.415104,0,-0.293827,Ground,2.929108,2.754456
758.4879,-0.005489,-0.003167,-0.021264,-0.032745,0.076645,0.996506,4.411074,0,-0.28747,Ground,2.929108,2.754456
758.4991,0.001492,-0.002972,-0.021466,-0.019852,0.072052,0.997192,4.359654,0,-0.329064,Ground,2.958878,2.858765
758.5101,-0.00859,-0.002895,-0.021419,-0.031036,0.068008,0.997192,4.297901,0,-0.279974,Ground,2.852097,2.841125
758.5213,-0.021917,-0.002894,-0.021446,-0.046722,0.069565,0.996475,4.269318,0,-0.217232,Ground,2.917343,2.820831
758.5325,-0.021917,-0.002894,-0.021446,-0.046722,0.069565,0.996475,4.225047,0,-0.212159,Ground,2.917343,2.820831
758.5435,-0.018697,-0.002926,-0.021423,-0.040268,0.066849,0.996948,4.145796,0,-0.230047,Ground,2.900803,2.819046
758.5546,0.004953,-0.003112,-0.021233,-0.012314,0.082825,0.996475,4.230553,0,-0.327482,Ground,2.879562,2.780548
758.5658,0.004953,-0.003112,-0.021233,-0.012314,0.082825,0.996475,4.169456,0,-0.320509,Ground,2.879562,2.780548
758.5769,0.011002,-0.003073,-0.021247,-0.001999,0.085861,0.996292,4.141486,0,-0.353121,Ground,2.902969,2.781845
758.588,0.010038,-0.002992,-0.021201,-0.006836,0.086502,0.996216,4.088542,0,-0.330727,Ground,2.720917,2.785461
758.5991,0.010038,-0.002992,-0.021201,-0.006836,0.086502,0.996216,4.033359,0,-0.326095,Ground,2.720917,2.785461
758.6101,0.006342,-0.002974,-0.021148,-0.010895,0.105026,0.9944,4.131423,0,-0.310207,Ground,2.766327,2.762527
758.6215,0.004177,-0.002912,-0.021164,-0.010239,0.100357,0.994888,4.028309,0,-0.306561,Ground,2.840637,2.731598
758.6324,0.00534,-0.002718,-0.021277,-0.007507,0.11171,0.993698,4.052559,0,-0.312281,Ground,2.898834,2.737091
758.6434,0.00534,-0.002718,-0.021277,-0.007507,0.11171,0.993698,3.958832,0,-0.305845,Ground,2.898834,2.737091
758.6547,0.003303,-0.002788,-0.021563,-0.007904,0.068924,0.997589,3.538028,0,-0.29315,Ground,2.923889,2.678864
758.6656,-0.010939,-0.00306,-0.021673,-0.019913,0.005112,0.999786,3.067964,0,-0.250142,Ground,2.839783,2.732254
758.6768,-0.010939,-0.00306,-0.021673,-0.019913,0.005112,0.999786,2.948911,0,-0.246329,Ground,2.839783,2.732254
758.6879,-0.017889,-0.003442,-0.021673,-0.015945,-0.02829,0.999466,2.686393,0,-0.25287,Ground,2.731369,2.672058
758.6991,-0.016784,-0.003825,-0.02175,-0.029785,-0.05368,0.998108,2.458966,0,-0.218102,Ground,2.812683,2.757034
758.7101,-0.016784,-0.003825,-0.02175,-0.029785,-0.05368,0.998108,2.338159,0,-0.217111,Ground,2.812683,2.757034
758.7214,-0.020604,-0.003941,-0.021763,-0.029541,-0.101486,0.994385,2.086223,0,-0.219246,Ground,2.882004,2.649887
758.7322,-0.023615,-0.003975,-0.021751,-0.021164,-0.12941,0.991348,1.919334,0,-0.235589,Ground,2.718536,2.809937
758.7435,-0.026218,-0.003925,-0.021889,-0.02182,-0.158234,0.987152,1.75923,0,-0.233598,Ground,2.930969,2.594055
758.7545,-0.026218,-0.003925,-0.021889,-0.02182,-0.158234,0.987152,1.664955,0,-0.231391,Ground,2.930969,2.594055
758.7656,-0.027589,-0.004071,-0.021772,-0.005341,-0.152603,0.988266,1.58834,0,-0.258993,Ground,2.87323,2.667786
758.7768,-0.026641,-0.004114,-0.021744,-0.006424,-0.157883,0.987427,1.497118,0,-0.257018,Ground,2.853714,2.751801
