time,head_pos_x,head_pos_y,head_pos_z,head_rot_x,head_rot_y,head_rot_z,left_pos_x,left_pos_y,left_pos_z,left_rot_x,left_rot_y,left_rot_z,right_pos_x,right_pos_y,right_pos_z,right_rot_x,right_rot_y,right_rot_z,grab_force,grab,trigger
198.9421,-0.139055,1.333933,0.046409,80.32042,269.5668,349.2134,0,0,0,0,0,0,-0.136813,1.110555,0.313215,13.76119,312.6159,340.9574,0,False,False
198.9536,-0.139118,1.333772,0.045801,80.37324,269.3769,349.1988,0,0,0,0,0,0,-0.135946,1.108129,0.3126,14.92883,312.6894,338.2296,0,False,False
198.9644,-0.139098,1.333645,0.045189,80.42747,269.1965,349.1965,0,0,0,0,0,0,-0.135174,1.106371,0.311556,15.93612,312.5264,335.6453,0,False,False
198.9755,-0.139134,1.333507,0.044516,80.49047,269.0627,349.233,0,0,0,0,0,0,-0.134527,1.104633,0.31068,16.88219,312.3174,333.0529,0,False,False
198.9866,-0.139205,1.333367,0.04388,80.5405,268.9624,349.2944,0,0,0,0,0,0,-0.134319,1.103038,0.309768,17.59321,312.2411,330.1871,0,False,False
198.9977,-0.139279,1.333232,0.043311,80.58842,268.7617,349.2514,0,0,0,0,0,0,-0.134573,1.101833,0.309522,17.85039,312.3119,327.9376,0,False,False
199.0087,-0.139396,1.333077,0.042744,80.61623,268.679,349.3131,0,0,0,0,0,0,-0.13562,1.1011,0.30903,17.89087,312.0877,326.7561,0,False,False
199.02,-0.13949,1.33295,0.042239,80.62843,268.5269,349.3147,0,0,0,0,0,0,-0.137207,1.101139,0.307914,17.77151,311.6655,326.5341,0,False,False
199.031,-0.139635,1.332792,0.041763,80.64317,268.2455,349.1777,0,0,0,0,0,0,-0.138474,1.100914,0.30654,17.70558,311.2656,326.5074,0,False,False
199.0421,-0.139799,1.33263,0.041319,80.66749,268.0379,349.1234,0,0,0,0,0,0,-0.139698,1.101375,0.305123,17.38934,310.7738,327.4885,0,False,False
199.0534,-0.139942,1.332426,0.040875,80.7021,267.7789,349.0037,0,0,0,0,0,0,-0.141569,1.102211,0.303163,16.89949,310.1432,329.118,0,False,False
199.0643,-0.140021,1.33227,0.040491,80.74874,267.5505,348.8961,0,0,0,0,0,0,-0.142761,1.102584,0.301632,16.59186,309.6848,329.6535,0,False,False
199.0757,-0.140195,1.332063,0.040052,80.81712,267.3184,348.7779,0,0,0,0,0,0,-0.144194,1.103521,0.300129,16.01713,309.2413,330.3419,0,False,False
199.0866,-0.140295,1.331793,0.039695,80.87778,267.139,348.6881,0,0,0,0,0,0,-0.145577,1.105026,0.29873,15.33413,308.8629,330.9625,0,False,False
199.0977,-0.140516,1.331628,0.039332,80.95456,266.9382,348.5656,0,0,0,0,0,0,-0.147211,1.106252,0.297218,14.55162,308.4992,331.7021,0,False,False
199.1087,-0.140662,1.331353,0.038923,81.0208,266.7621,348.4537,0,0,0,0,0,0,-0.148568,1.107632,0.295839,13.80898,308.1256,332.485,0,False,False
199.12,-0.140822,1.331057,0.038619,81.09448,266.6576,348.4359,0,0,0,0,0,0,-0.150092,1.10919,0.293963,12.95348,307.7451,333.5168,0,False,False
199.131,-0.141058,1.330787,0.038308,81.16643,266.5535,348.4085,0,0,0,0,0,0,-0.151616,1.110832,0.292178,12.09361,307.3355,334.72,0,False,False
199.142,-0.141301,1.330518,0.038001,81.23631,266.5039,348.4522,0,0,0,0,0,0,-0.153217,1.112441,0.290635,11.24618,306.9266,336.0406,0,False,False
199.1532,-0.141646,1.330254,0.037662,81.31199,266.4749,348.5128,0,0,0,0,0,0,-0.154771,1.11416,0.288685,10.3939,306.5156,337.2978,0,False,False
199.1642,-0.141925,1.330037,0.037386,81.38126,266.5475,348.6839,0,0,0,0,0,0,-0.156189,1.115969,0.287254,9.509076,306.1182,338.4619,0,False,False
199.1754,-0.142163,1.329842,0.037178,81.45592,266.5323,348.7664,0,0,0,0,0,0,-0.157718,1.117764,0.285407,8.638631,305.6917,339.4568,0,False,False
199.1865,-0.142511,1.3296,0.036996,81.53053,266.5919,348.9172,0,0,0,0,0,0,-0.159048,1.119528,0.283882,7.809487,305.3206,340.1105,0,False,False
199.1976,-0.142863,1.329365,0.036667,81.57939,266.6427,349.0519,0,0,0,0,0,0,-0.16028,1.121232,0.282608,7.034281,304.9304,340.6108,0,False,False
199.2087,-0.143217,1.329164,0.036532,81.61667,266.8134,349.296,0,0,0,0,0,0,-0.161389,1.122793,0.281132,6.299844,304.5625,341.0622,0,False,False
199.2198,-0.143617,1.328998,0.036322,81.63589,266.9168,349.4717,0,0,0,0,0,0,-0.162448,1.124388,0.27986,5.607344,304.2312,341.4816,0,False,False
199.231,-0.14404,1.328829,0.036014,81.66101,267.0478,349.6653,0,0,0,0,0,0,-0.163482,1.125886,0.278585,4.943473,303.917,341.8336,0,False,False
199.242,-0.144492,1.328725,0.03582,81.68362,267.1086,349.8078,0,0,0,0,0,0,-0.164408,1.127443,0.277324,4.253249,303.6602,341.9032,0,False,False
199.2531,-0.144883,1.328566,0.035565,81.69347,267.1636,349.9551,0,0,0,0,0,0,-0.165224,1.129184,0.276238,3.415,303.3719,341.8111,0,False,False
199.2643,-0.145242,1.328542,0.035307,81.6861,267.168,350.0487,0,0,0,0,0,0,-0.166354,1.131032,0.274519,2.471053,302.9249,342.1715,0,False,False
199.2753,-0.145668,1.32852,0.035084,81.69276,267.173,350.1371,0,0,0,0,0,0,-0.167472,1.132879,0.272891,1.560408,302.4584,342.6732,0,False,False
199.2866,-0.146008,1.32857,0.034824,81.66817,267.0964,350.1462,0,0,0,0,0,0,-0.168538,1.134904,0.270847,0.600807,301.8394,343.4212,0,False,False
199.2979,-0.146478,1.328594,0.034619,81.64168,267.0999,350.2176,0,0,0,0,0,0,-0.169876,1.13688,0.268412,359.5108,301.0883,344.3911,0,False,False
199.3087,-0.1469,1.328715,0.034345,81.60246,267.1472,350.3369,0,0,0,0,0,0,-0.170843,1.138776,0.266364,358.5766,300.4662,345.2487,0,False,False
199.3197,-0.147275,1.328914,0.034094,81.56006,267.1742,350.4315,0,0,0,0,0,0,-0.171952,1.140573,0.263735,357.6017,299.8035,346.4385,0,False,False
199.3308,-0.147616,1.32915,0.03384,81.49216,267.1886,350.5322,0,0,0,0,0,0,-0.173097,1.142481,0.261123,356.6233,299.1171,347.7344,0,False,False
199.342,-0.147954,1.32955,0.033566,81.40404,267.142,350.5898,0,0,0,0,0,0,-0.174296,1.144232,0.25829,355.6831,298.3712,349.063,0,False,False
199.3533,-0.148194,1.329885,0.033309,81.29494,267.1965,350.7788,0,0,0,0,0,0,-0.175413,1.145956,0.254743,354.6499,297.4529,350.9128,0,False,False
199.3642,-0.14847,1.330492,0.032979,81.16226,267.2037,350.9115,0,0,0,0,0,0,-0.176476,1.147666,0.251573,353.7361,296.5972,352.4405,0,False,False
199.3754,-0.148709,1.331145,0.032601,81.02097,267.2649,351.1031,0,0,0,0,0,0,-0.177743,1.14924,0.247973,352.7974,295.5785,353.9991,0,False,False
199.3866,-0.148907,1.331937,0.032155,80.85243,267.4129,351.3995,0,0,0,0,0,0,-0.178838,1.150729,0.244147,351.9387,294.4826,355.4659,0,False,False
199.3975,-0.149148,1.332816,0.03175,80.67119,267.5603,351.6866,0,0,0,0,0,0,-0.180148,1.152119,0.239936,351.1829,293.2298,356.7059,0,False,False
199.4086,-0.149334,1.333822,0.031257,80.45454,267.8686,352.1521,0,0,0,0,0,0,-0.181577,1.153365,0.235577,350.5742,291.815,357.8637,0,False,False
199.4197,-0.14955,1.33498,0.030781,80.19894,268.1955,352.6505,0,0,0,0,0,0,-0.183123,1.154418,0.230652,350.0356,290.3067,358.9067,0,False,False
199.4309,-0.149858,1.3361,0.030324,79.93848,268.4316,353.0871,0,0,0,0,0,0,-0.184472,1.155441,0.226068,349.5625,288.8713,359.8699,0,False,False
199.4419,-0.150087,1.33749,0.029596,79.61754,268.7512,353.6333,0,0,0,0,0,0,-0.186193,1.15623,0.221097,349.2787,287.3357,0.38174,0,False,False
199.453,-0.150357,1.338912,0.028852,79.27782,268.9882,354.1293,0,0,0,0,0,0,-0.187515,1.156954,0.21633,348.9395,285.9221,1.107489,0,False,False
199.4643,-0.150628,1.340395,0.028078,78.88772,269.249,354.7323,0,0,0,0,0,0,-0.189136,1.157622,0.211259,348.6965,284.5035,1.772669,0,False,False
199.4754,-0.150858,1.342083,0.027165,78.46841,269.4176,355.2783,0,0,0,0,0,0,-0.190485,1.158132,0.206239,348.4198,283.1217,2.59551,0,False,False
199.4865,-0.151106,1.343875,0.02617,78.02062,269.5356,355.8222,0,0,0,0,0,0,-0.191924,1.15871,0.201199,348.1814,281.8229,3.41086,0,False,False
199.4975,-0.151356,1.345845,0.025045,77.52292,269.514,356.3098,0,0,0,0,0,0,-0.193427,1.159193,0.196248,347.9059,280.5466,4.297711,0,False,False
199.5086,-0.15157,1.347872,0.023822,76.9906,269.4132,356.7542,0,0,0,0,0,0,-0.194897,1.159466,0.191132,347.6041,279.3469,5.142522,0,False,False
199.5198,-0.151844,1.350354,0.022464,76.39266,269.198,357.1598,0,0,0,0,0,0,-0.196374,1.159975,0.18583,347.353,278.0861,5.863244,0,False,False
199.5308,-0.15222,1.353108,0.021111,75.72263,268.7662,357.4026,0,0,0,0,0,0,-0.198117,1.160116,0.180634,347.2123,277.0017,6.194493,0,False,False
199.5419,-0.152725,1.356049,0.019726,75.02921,268.23,357.513,0,0,0,0,0,0,-0.199709,1.160197,0.175284,347.1439,275.8096,6.761139,0,False,False
199.553,-0.153432,1.359336,0.018116,74.21914,267.3516,357.2828,0,0,0,0,0,0,-0.201542,1.159867,0.169498,347.3005,274.6005,7.175427,0,False,False
199.5641,-0.154218,1.362661,0.016382,73.29648,266.3402,356.8533,0,0,0,0,0,0,-0.203278,1.159133,0.163816,347.7127,273.4661,6.8198,0,False,False
199.5753,-0.155054,1.366064,0.014542,72.34474,265.3595,356.4256,0,0,0,0,0,0,-0.205146,1.158275,0.158131,348.1711,272.3803,6.168686,0,False,False
199.5863,-0.155848,1.369561,0.012389,71.14323,264.1046,355.7546,0,0,0,0,0,0,-0.207197,1.156524,0.152858,349.1539,271.5884,4.380821,0,False,False
199.5974,-0.156689,1.372869,0.010059,69.90079,262.853,355.1419,0,0,0,0,0,0,-0.209255,1.154905,0.14769,350.1099,270.97,2.676892,0,False,False
199.6085,-0.157426,1.376368,0.00744,68.50881,261.3421,354.3982,0,0,0,0,0,0,-0.211474,1.152695,0.142498,351.3275,270.5548,359.9409,0,False,False
199.6196,-0.15805,1.379754,0.004724,67.11362,259.8399,353.7477,0,0,0,0,0,0,-0.213713,1.150458,0.137694,352.5364,270.1349,356.7753,0,False,False
199.6308,-0.158577,1.382991,0.001937,65.75487,258.3759,353.2032,0,0,0,0,0,0,-0.215534,1.148218,0.132003,353.6122,269.2403,354.273,0,False,False
199.6419,-0.15891,1.386292,-0.00107,64.32913,256.7586,352.6802,0,0,0,0,0,0,-0.217432,1.145442,0.125415,354.8385,268.081,352.9082,0,False,False
199.6533,-0.159126,1.389288,-0.004203,62.89026,255.24,352.3031,0,0,0,0,0,0,-0.219562,1.143042,0.118239,355.6221,266.45,352.5117,0,False,False
199.664,-0.15916,1.392318,-0.007586,61.43483,253.6462,351.9679,0,0,0,0,0,0,-0.2211,1.140879,0.110295,356.0346,264.4254,352.2094,0,False,False
199.6752,-0.159031,1.395363,-0.010876,59.97043,252.0642,351.6077,0,0,0,0,0,0,-0.222545,1.138855,0.102454,356.4156,262.4307,351.3658,0,False,False
199.6863,-0.158721,1.398361,-0.014513,58.51287,250.4296,351.2251,0,0,0,0,0,0,-0.224045,1.136958,0.09421,356.5983,260.1881,350.9245,0,False,False
199.6974,-0.158447,1.401404,-0.018207,57.09863,248.7774,350.8098,0,0,0,0,0,0,-0.225375,1.135529,0.0859,356.722,258.0338,351.0382,0,False,False
199.7084,-0.157896,1.404537,-0.022135,55.72289,247.0858,350.3759,0,0,0,0,0,0,-0.226533,1.133973,0.077441,356.9073,255.9899,351.5219,0,False,False
199.7196,-0.157178,1.407668,-0.026284,54.37448,245.4244,349.9359,0,0,0,0,0,0,-0.227753,1.132512,0.06892,357.2247,254.0144,351.9929,0,False,False
199.7308,-0.156266,1.410809,-0.030274,52.98601,243.8312,349.5369,0,0,0,0,0,0,-0.228979,1.131199,0.060758,357.6381,252.1547,351.9702,0,False,False
199.7419,-0.155016,1.41406,-0.034523,51.60408,242.2638,349.1607,0,0,0,0,0,0,-0.230348,1.130098,0.052776,358.1202,250.4457,351.6597,0,False,False
199.7533,-0.153791,1.417344,-0.03892,50.2331,240.6681,348.7825,0,0,0,0,0,0,-0.231909,1.128969,0.044265,358.5356,248.6658,350.9201,0,False,False
199.7641,-0.152191,1.420597,-0.043364,48.8811,239.0993,348.4423,0,0,0,0,0,0,-0.233457,1.128515,0.036055,358.8958,247.0033,350.1779,0,False,False
199.7752,-0.150653,1.424117,-0.04769,47.56179,237.5829,348.1628,0,0,0,0,0,0,-0.234829,1.127482,0.027499,359.2363,245.2001,349.5741,0,False,False
199.7862,-0.14873,1.427815,-0.051988,46.3219,236.0727,347.8947,0,0,0,0,0,0,-0.236024,1.127493,0.018547,359.527,243.3893,349.1849,0,False,False
199.7974,-0.146923,1.431684,-0.056238,45.06743,234.6545,347.6979,0,0,0,0,0,0,-0.237021,1.127414,0.009225,359.7633,241.5257,349.174,0,False,False
199.8085,-0.144847,1.435888,-0.060334,43.80727,233.3357,347.5482,0,0,0,0,0,0,-0.238007,1.127781,0.000012,359.9316,239.7892,349.3967,0,False,False
199.8196,-0.142902,1.440129,-0.06444,42.48463,232.141,347.4522,0,0,0,0,0,0,-0.238961,1.1285,-0.009244,0.007204,238.1443,349.6414,0,False,False
199.8307,-0.141096,1.444668,-0.068536,41.05164,231.129,347.4274,0,0,0,0,0,0,-0.239627,1.128938,-0.018582,0.072861,236.4658,349.7566,0,False,False
199.8418,-0.139269,1.449457,-0.07262,39.4983,230.2452,347.4466,0,0,0,0,0,0,-0.24037,1.130107,-0.027887,359.986,234.8943,349.6666,0,False,False
199.8533,-0.137639,1.454238,-0.076845,37.86701,229.402,347.5478,0,0,0,0,0,0,-0.241113,1.131673,-0.037598,359.7397,233.3034,349.278,0,False,False
199.864,-0.135831,1.459109,-0.081101,36.06495,228.5945,347.7236,0,0,0,0,0,0,-0.24172,1.132668,-0.046379,359.6477,231.7653,349.0858,0,False,False
199.8751,-0.134042,1.464006,-0.085415,34.24673,227.7224,347.9213,0,0,0,0,0,0,-0.242158,1.134371,-0.056053,359.3703,230.1261,349.0044,0,False,False
199.8862,-0.131938,1.46873,-0.089587,32.28787,226.8023,348.1524,0,0,0,0,0,0,-0.242361,1.135706,-0.065915,359.1226,228.5701,349.0771,0,False,False
199.8976,-0.129792,1.473343,-0.093742,30.41693,225.8156,348.4188,0,0,0,0,0,0,-0.242462,1.137292,-0.075699,358.7643,227.125,349.1848,0,False,False
199.9085,-0.127489,1.477934,-0.097668,28.55909,224.7665,348.7506,0,0,0,0,0,0,-0.242376,1.139213,-0.085231,358.2523,225.7608,349.4743,0,False,False
199.9198,-0.124996,1.482194,-0.101451,26.75136,223.6944,349.1379,0,0,0,0,0,0,-0.242042,1.141189,-0.094901,357.6144,224.3757,350.0101,0,False,False
199.9307,-0.122393,1.486187,-0.105029,25.0271,222.6315,349.5621,0,0,0,0,0,0,-0.241384,1.143237,-0.104134,356.9656,222.9712,350.6209,0,False,False
199.9418,-0.11952,1.489841,-0.108439,23.30674,221.5213,350.0518,0,0,0,0,0,0,-0.240327,1.145335,-0.113153,356.1837,221.4974,351.3886,0,False,False
199.9528,-0.116483,1.493009,-0.111601,21.61574,220.3546,350.582,0,0,0,0,0,0,-0.238985,1.147303,-0.122367,355.3897,219.844,352.1837,0,False,False
199.9641,-0.113263,1.495691,-0.114506,20.02897,219.1045,351.1415,0,0,0,0,0,0,-0.237099,1.148969,-0.132133,354.6337,217.9934,353.0969,0,False,False
199.9751,-0.11033,1.498475,-0.117175,18.52744,217.8329,351.6922,0,0,0,0,0,0,-0.235113,1.150536,-0.141667,354.0098,216.1154,354.068,0,False,False
199.9861,-0.107532,1.501242,-0.119735,17.17465,216.5042,352.2578,0,0,0,0,0,0,-0.232452,1.151505,-0.150758,353.5602,214.1592,355.231,0,False,False
199.9973,-0.104743,1.504068,-0.122164,15.97687,215.1834,352.7263,0,0,0,0,0,0,-0.229915,1.152193,-0.159622,353.2346,212.2698,356.2597,0,False,False
200.0085,-0.101862,1.506571,-0.124216,14.94307,213.8921,353.1128,0,0,0,0,0,0,-0.226646,1.152213,-0.168199,353.3041,210.2746,357.2092,0,False,False
200.0195,-0.098786,1.508765,-0.12623,13.92317,212.6681,353.4857,0,0,0,0,0,0,-0.223496,1.152423,-0.176697,353.2586,208.3634,358.2155,0,False,False
200.0308,-0.095541,1.510403,-0.127793,13.08792,211.4681,353.7232,0,0,0,0,0,0,-0.219944,1.15216,-0.185188,353.3541,206.4858,359.419,0,False,False
200.0418,-0.092304,1.51165,-0.129196,12.33496,210.2824,353.8546,0,0,0,0,0,0,-0.216766,1.15207,-0.192319,353.3964,204.8811,0.381203,0,False,False
200.0528,-0.089194,1.51281,-0.13059,11.54942,209.0529,353.9815,0,0,0,0,0,0,-0.21327,1.151919,-0.199674,353.39,203.2231,1.184679,0,False,False
200.0641,-0.086329,1.513943,-0.131718,10.86845,207.7561,354.0285,0,0,0,0,0,0,-0.209674,1.152003,-0.206344,353.3566,201.5388,1.855868,0,False,False
200.0752,-0.083579,1.515071,-0.132769,10.22273,206.4537,354.1649,0,0,0,0,0,0,-0.206048,1.151936,-0.212923,353.3714,199.8286,2.445475,0,False,False
200.0861,-0.081152,1.516287,-0.133612,9.720564,205.1233,354.3521,0,0,0,0,0,0,-0.202287,1.151965,-0.218736,353.3554,198.1793,2.562202,0,False,False
200.0973,-0.07878,1.517411,-0.134354,9.247404,203.8201,354.5655,0,0,0,0,0,0,-0.198281,1.151845,-0.22484,353.4249,196.4787,2.596718,0,False,False
200.1084,-0.076533,1.518414,-0.134828,8.982202,202.5598,354.7391,0,0,0,0,0,0,-0.194377,1.151302,-0.230338,353.568,194.6132,1.491331,0,False,False
200.1194,-0.074429,1.51945,-0.135188,8.753713,201.3043,354.8802,0,0,0,0,0,0,-0.190017,1.150736,-0.235826,353.7909,192.7988,1.02714,0,False,False
200.1305,-0.072623,1.520431,-0.135256,8.589784,200.0974,354.9763,0,0,0,0,0,0,-0.186161,1.150109,-0.240794,354.0742,191.2135,0.837673,0,False,False
200.1416,-0.071016,1.521502,-0.135255,8.405228,198.9486,355.02,0,0,0,0,0,0,-0.18184,1.149775,-0.245486,354.2242,189.6196,0.521088,0,False,False
200.1534,-0.069629,1.522635,-0.135196,8.171206,197.845,355.0524,0,0,0,0,0,0,-0.178176,1.149909,-0.249919,354.2599,188.2966,359.2115,0,False,False
200.1638,-0.068606,1.52375,-0.134937,7.939299,196.8078,355.0565,0,0,0,0,0,0,-0.175381,1.150128,-0.253665,354.0937,187.4398,357.9548,0,False,False
200.1751,-0.067663,1.524851,-0.134673,7.668701,195.7989,355.0239,0,0,0,0,0,0,-0.17194,1.150342,-0.257547,353.9432,186.3947,357.1868,0,False,False
200.1861,-0.067074,1.525866,-0.134304,7.358593,194.8727,354.9504,0,0,0,0,0,0,-0.16885,1.150628,-0.261174,353.7035,185.6382,356.8333,0,False,False
200.1981,-0.066583,1.526885,-0.133916,7.075297,193.9931,354.8996,0,0,0,0,0,0,-0.165602,1.150694,-0.264139,353.4484,184.7729,356.8723,0,False,False
200.2083,-0.066448,1.527798,-0.133437,6.810147,193.1389,354.8323,0,0,0,0,0,0,-0.161938,1.150884,-0.267049,353.182,183.7521,357.3698,0,False,False
200.2194,-0.066526,1.528755,-0.132976,6.522705,192.2934,354.7733,0,0,0,0,0,0,-0.158089,1.151024,-0.269718,352.967,182.6431,357.5776,0,False,False
200.2305,-0.066927,1.529407,-0.132253,6.229339,191.5174,354.699,0,0,0,0,0,0,-0.153837,1.150882,-0.272608,352.8842,180.9712,357.9442,0,False,False
200.2416,-0.067435,1.530212,-0.131841,5.932211,190.7628,354.6286,0,0,0,0,0,0,-0.149355,1.150565,-0.275047,352.9365,179.3579,358.7294,0,False,False
200.2527,-0.068131,1.530805,-0.131358,5.6474,190.0369,354.5897,0,0,0,0,0,0,-0.145195,1.150214,-0.277612,353.0115,177.9711,359.408,0,False,False
200.2639,-0.068867,1.531393,-0.131039,5.346461,189.3517,354.5818,0,0,0,0,0,0,-0.141701,1.149535,-0.279825,353.3041,176.7587,359.8081,0,False,False
200.275,-0.069815,1.53182,-0.13068,5.086509,188.6956,354.584,0,0,0,0,0,0,-0.138774,1.148912,-0.281938,353.5696,175.7376,359.6176,0,False,False
200.286,-0.071072,1.531995,-0.130186,4.845527,188.0628,354.6205,0,0,0,0,0,0,-0.13641,1.148476,-0.283885,353.6967,174.9198,359.0066,0,False,False
200.2971,-0.072346,1.5323,-0.129944,4.604708,187.4208,354.6536,0,0,0,0,0,0,-0.134487,1.148572,-0.285502,353.7019,174.2139,358.2257,0,False,False
200.3083,-0.073913,1.532537,-0.129723,4.342108,186.7975,354.6931,0,0,0,0,0,0,-0.13264,1.148664,-0.287162,353.5989,173.4913,357.6174,0,False,False
200.3195,-0.075449,1.532935,-0.129664,4.092238,186.2099,354.7442,0,0,0,0,0,0,-0.131014,1.148839,-0.288686,353.4285,172.7616,357.1903,0,False,False
200.3305,-0.077282,1.533324,-0.129613,3.82971,185.6585,354.825,0,0,0,0,0,0,-0.129469,1.148945,-0.290013,353.2947,171.9882,357.0093,0,False,False
200.3415,-0.079221,1.533794,-0.129671,3.574332,185.1113,354.9351,0,0,0,0,0,0,-0.128202,1.148964,-0.291052,353.1798,171.1404,357.1732,0,False,False
200.3527,-0.081202,1.53414,-0.129723,3.337827,184.5565,355.0455,0,0,0,0,0,0,-0.126757,1.14876,-0.292149,353.1669,170.1791,357.329,0,False,False
200.3638,-0.083342,1.534548,-0.129824,3.150294,184.0286,355.1812,0,0,0,0,0,0,-0.125527,1.148483,-0.292937,353.2307,169.1268,357.8138,0,False,False
200.3749,-0.085441,1.534901,-0.13003,2.994897,183.4993,355.3239,0,0,0,0,0,0,-0.124535,1.148099,-0.293517,353.3648,168.0511,358.3177,0,False,False
200.386,-0.087764,1.535188,-0.130225,2.885464,182.9624,355.4956,0,0,0,0,0,0,-0.123775,1.147597,-0.294156,353.5244,166.9459,358.7689,0,False,False
200.3971,-0.09007,1.535386,-0.130415,2.803807,182.4252,355.6622,0,0,0,0,0,0,-0.123215,1.147146,-0.294874,353.6794,165.9194,359.1095,0,False,False
200.4082,-0.092565,1.535565,-0.130766,2.740683,181.8968,355.825,0,0,0,0,0,0,-0.122864,1.146612,-0.295678,353.8873,164.8784,359.4963,0,False,False
200.4193,-0.094964,1.535819,-0.131116,2.679425,181.3919,355.9734,0,0,0,0,0,0,-0.122889,1.146009,-0.296369,354.0859,163.9545,359.8045,0,False,False
200.4305,-0.097369,1.535994,-0.131442,2.630183,180.89,356.0885,0,0,0,0,0,0,-0.12322,1.145523,-0.296963,354.2699,163.1124,0.093448,0,False,False
200.4416,-0.099904,1.536049,-0.131782,2.612751,180.4081,356.1971,0,0,0,0,0,0,-0.123756,1.144934,-0.297652,354.449,162.3905,0.372014,0,False,False
200.4526,-0.102515,1.536182,-0.13212,2.66057,179.9245,356.3261,0,0,0,0,0,0,-0.124598,1.144338,-0.298226,354.6256,161.7253,0.595945,0,False,False
200.4637,-0.105146,1.536554,-0.132489,2.758207,179.4742,356.4497,0,0,0,0,0,0,-0.125589,1.143656,-0.298727,354.8235,161.0728,0.883512,0,False,False
200.4748,-0.107811,1.537076,-0.132874,2.854039,179.031,356.5734,0,0,0,0,0,0,-0.12643,1.143019,-0.299287,355.0618,160.4022,1.18691,0,False,False
200.486,-0.110434,1.537568,-0.133271,2.960126,178.6301,356.6939,0,0,0,0,0,0,-0.12755,1.142411,-0.299825,355.3322,159.822,1.476048,0,False,False
200.4971,-0.113112,1.53799,-0.133729,3.058765,178.2394,356.7653,0,0,0,0,0,0,-0.128742,1.141911,-0.300303,355.5354,159.2832,1.705504,0,False,False
200.5084,-0.115799,1.538329,-0.134192,3.173415,177.8803,356.7922,0,0,0,0,0,0,-0.130032,1.141488,-0.300889,355.7434,158.7091,1.891874,0,False,False
200.5193,-0.118436,1.538568,-0.134539,3.260226,177.5392,356.8032,0,0,0,0,0,0,-0.131344,1.141248,-0.301268,355.9016,158.2201,2.004661,0,False,False
200.5305,-0.121018,1.538948,-0.135223,3.330118,177.2475,356.7687,0,0,0,0,0,0,-0.13269,1.141057,-0.301928,356.0839,157.7176,2.165284,0,False,False
200.5418,-0.12368,1.53933,-0.135809,3.376412,176.9744,356.7481,0,0,0,0,0,0,-0.134085,1.140916,-0.302381,356.2436,157.2022,2.428269,0,False,False
200.5527,-0.126353,1.539794,-0.13639,3.414308,176.7186,356.7484,0,0,0,0,0,0,-0.135325,1.14073,-0.302594,356.3226,156.7223,2.737642,0,False,False
200.5639,-0.129019,1.540295,-0.137067,3.440576,176.4733,356.7642,0,0,0,0,0,0,-0.136615,1.140727,-0.302872,356.3707,156.2364,3.019274,0,False,False
200.5748,-0.131728,1.540723,-0.137822,3.441921,176.2623,356.7903,0,0,0,0,0,0,-0.137879,1.140858,-0.303118,356.305,155.8238,3.348591,0.082353,False,False
200.586,-0.134383,1.541074,-0.138623,3.447928,176.0764,356.8149,0,0,0,0,0,0,-0.139108,1.14121,-0.303464,356.2317,155.5166,3.628128,0.168628,False,False
200.5971,-0.137018,1.541269,-0.139387,3.460266,175.8826,356.847,0,0,0,0,0,0,-0.140716,1.141403,-0.303828,356.1631,155.4112,3.782406,0.462745,False,True
200.6082,-0.139634,1.541285,-0.140143,3.513505,175.7116,356.873,0,0,0,0,0,0,-0.142413,1.141526,-0.304222,356.1198,155.4221,3.812351,0.819608,False,True
200.6192,-0.142166,1.541288,-0.140988,3.617042,175.5317,356.8979,0,0,0,0,0,0,-0.144147,1.141622,-0.30466,356.1158,155.4265,3.864021,1,False,True
200.6304,-0.144725,1.541011,-0.141693,3.761221,175.3528,356.9465,0,0,0,0,0,0,-0.145919,1.141681,-0.305123,355.967,155.4479,3.953578,1,False,True
200.6416,-0.147263,1.540617,-0.142457,3.936962,175.1759,356.966,0,0,0,0,0,0,-0.147211,1.141672,-0.30518,355.8595,155.2891,4.327031,1,False,True
200.6527,-0.14975,1.54016,-0.14321,4.161331,174.9797,356.9801,0,0,0,0,0,0,-0.147949,1.142459,-0.304737,355.1743,154.6866,4.739635,1,False,True
200.6638,-0.152165,1.539571,-0.143904,4.418613,174.792,356.9709,0,0,0,0,0,0,-0.149488,1.141248,-0.305034,355.5091,154.6295,5.403125,1,False,True
200.6748,-0.15454,1.538999,-0.144648,4.691959,174.5918,356.9561,0,0,0,0,0,0,-0.15001,1.140391,-0.304713,355.4492,153.993,6.237172,1,False,True
200.6858,-0.156775,1.538332,-0.145258,5.03374,174.3961,356.9256,0,0,0,0,0,0,-0.150322,1.139092,-0.304376,355.599,153.2819,6.978512,1,False,True
200.6971,-0.158989,1.537694,-0.145819,5.401549,174.1734,356.9008,0,0,0,0,0,0,-0.150832,1.137943,-0.304079,355.7729,152.7239,7.565765,1,False,True
200.7081,-0.161058,1.537086,-0.146354,5.800151,173.9449,356.8521,0,0,0,0,0,0,-0.151261,1.136407,-0.303815,356.1259,152.2294,8.07115,1,False,True
200.7192,-0.162995,1.536534,-0.146831,6.190741,173.7213,356.7949,0,0,0,0,0,0,-0.151732,1.134893,-0.303457,356.5541,151.8197,8.382541,1,False,True
200.7303,-0.16487,1.535982,-0.147378,6.6097,173.4794,356.6958,0,0,0,0,0,0,-0.15251,1.133645,-0.303104,356.9409,151.5063,8.373542,1,False,True
200.7415,-0.16664,1.535495,-0.147886,7.038141,173.2402,356.5873,0,0,0,0,0,0,-0.153107,1.132466,-0.302664,357.2809,151.2311,8.261175,1,False,True
200.7524,-0.168349,1.534981,-0.148402,7.446347,173.0025,356.4794,0,0,0,0,0,0,-0.153618,1.131327,-0.302337,357.5861,150.8889,8.309263,1,False,True
200.7637,-0.169937,1.534508,-0.148869,7.873444,172.7595,356.3667,0,0,0,0,0,0,-0.154111,1.130275,-0.30187,357.8831,150.5522,8.336482,1,False,True
200.7748,-0.171382,1.534083,-0.149444,8.296523,172.5029,356.302,0,0,0,0,0,0,-0.154226,1.129509,-0.301363,358.1509,150.2335,8.462435,0.996079,False,True
200.7858,-0.172714,1.533604,-0.149916,8.708397,172.2154,356.2372,0,0,0,0,0,0,-0.154604,1.128662,-0.300849,358.3278,149.9601,8.57439,0.603922,False,True
200.7969,-0.174005,1.533103,-0.150364,9.117574,171.9047,356.2288,0,0,0,0,0,0,-0.154646,1.128427,-0.299828,358.2866,149.5871,8.836739,0.109804,False,False
200.8082,-0.175262,1.532618,-0.15095,9.502571,171.5578,356.2412,0,0,0,0,0,0,-0.15415,1.128379,-0.299185,358.2593,149.1136,9.052896,0,False,False
200.8191,-0.176328,1.531998,-0.151383,9.913342,171.1555,356.2801,0,0,0,0,0,0,-0.15379,1.128296,-0.298313,358.3332,148.7374,8.741047,0,False,False
200.8303,-0.177356,1.531296,-0.15171,10.35068,170.7433,356.3077,0,0,0,0,0,0,-0.15378,1.128168,-0.297375,358.2473,148.4876,8.243232,0,False,False
200.8414,-0.178231,1.530531,-0.152003,10.82348,170.268,356.3484,0,0,0,0,0,0,-0.153833,1.128557,-0.296485,358.1725,148.3415,7.388056,0,False,False
200.8525,-0.179014,1.529794,-0.152338,11.32011,169.7887,356.3699,0,0,0,0,0,0,-0.153769,1.12875,-0.295559,358.2049,148.1573,6.572041,0,False,False
200.8638,-0.179704,1.528923,-0.152575,11.83054,169.264,356.3913,0,0,0,0,0,0,-0.153317,1.128722,-0.294772,358.2862,147.875,5.795556,0,False,False
200.8747,-0.180291,1.528092,-0.152702,12.34882,168.7242,356.4193,0,0,0,0,0,0,-0.152871,1.128573,-0.293885,358.3403,147.5381,5.1564,0,False,False
200.8858,-0.180873,1.527256,-0.152843,12.83433,168.1749,356.445,0,0,0,0,0,0,-0.151962,1.128379,-0.292737,358.3766,147.0544,4.669693,0,False,False
200.8969,-0.181294,1.526417,-0.152905,13.27452,167.5926,356.4885,0,0,0,0,0,0,-0.150857,1.128053,-0.291463,358.4055,146.3951,4.451445,0,False,False
200.908,-0.181732,1.525566,-0.152962,13.69052,166.9855,356.5345,0,0,0,0,0,0,-0.149197,1.127365,-0.289995,358.5148,145.5835,4.509197,0,False,False
200.9191,-0.182062,1.524677,-0.152998,14.07852,166.3533,356.564,0,0,0,0,0,0,-0.147303,1.126467,-0.288297,358.7193,144.6346,4.896388,0,False,False
200.9302,-0.182322,1.52381,-0.152953,14.47557,165.7028,356.5941,0,0,0,0,0,0,-0.145433,1.125491,-0.286505,358.9608,143.6632,5.321311,0,False,False
200.9414,-0.182463,1.522886,-0.152776,14.84648,165.0258,356.6255,0,0,0,0,0,0,-0.142954,1.123956,-0.284312,359.3921,142.4726,6.229738,0,False,False
200.9524,-0.182577,1.521963,-0.152564,15.2412,164.3348,356.6398,0,0,0,0,0,0,-0.140294,1.122377,-0.281892,359.8437,141.2116,7.151463,0,False,False
200.9636,-0.182652,1.52103,-0.152417,15.6462,163.6578,356.6452,0,0,0,0,0,0,-0.137493,1.121175,-0.279569,0.158711,139.9937,7.955575,0,False,False
200.9746,-0.182603,1.520139,-0.15215,16.01204,162.9751,356.6517,0,0,0,0,0,0,-0.134776,1.119774,-0.277062,0.389861,138.7364,8.700125,0,False,False
200.9857,-0.182623,1.519375,-0.152006,16.40383,162.2631,356.649,0,0,0,0,0,0,-0.132165,1.118563,-0.274617,0.612799,137.5567,9.278896,0,False,False
200.9969,-0.18253,1.518488,-0.151776,16.68065,161.5855,356.6219,0,0,0,0,0,0,-0.129396,1.117565,-0.272104,0.752676,136.4167,9.602829,0,False,False
201.008,-0.182429,1.5177,-0.151525,16.97482,160.8944,356.5914,0,0,0,0,0,0,-0.126804,1.116428,-0.269672,0.959457,135.3813,9.7986,0,False,False
201.0191,-0.182227,1.516898,-0.151322,17.25192,160.2058,356.5414,0,0,0,0,0,0,-0.124393,1.115834,-0.267366,1.076167,134.5654,9.380651,0,False,False
201.0304,-0.182007,1.51613,-0.15102,17.56318,159.5193,356.4753,0,0,0,0,0,0,-0.123477,1.11541,-0.266659,1.163302,134.6401,7.810352,0,False,False
201.0414,-0.181759,1.515481,-0.150761,17.86637,158.8604,356.4063,0,0,0,0,0,0,-0.123812,1.114818,-0.267637,1.57545,135.5767,6.135659,0,False,False
201.0523,-0.181542,1.514844,-0.150503,18.12005,158.2254,356.3431,0,0,0,0,0,0,-0.123365,1.11394,-0.268828,2.288897,136.1845,5.588581,0,False,False
201.0636,-0.181277,1.51428,-0.150234,18.34006,157.5954,356.2574,0,0,0,0,0,0,-0.121488,1.113057,-0.268454,2.745428,135.8533,5.45001,0,False,False
201.0747,-0.180975,1.513811,-0.150047,18.49549,157.008,356.1817,0,0,0,0,0,0,-0.119676,1.112813,-0.267341,2.726587,135.3318,4.934118,0,False,False
201.0857,-0.180652,1.513365,-0.14985,18.62882,156.4251,356.0828,0,0,0,0,0,0,-0.117981,1.112469,-0.266061,2.653148,134.9046,4.702045,0,False,False
201.097,-0.180251,1.512905,-0.149654,18.72239,155.8598,355.9712,0,0,0,0,0,0,-0.116301,1.111988,-0.265076,2.771534,134.5705,4.444945,0,False,False
201.1079,-0.179808,1.512543,-0.149511,18.84205,155.3202,355.862,0,0,0,0,0,0,-0.114375,1.111144,-0.263696,3.049513,134.1177,4.156232,0,False,False
201.1528,-0.1784,1.511433,-0.148861,19.28079,153.8314,355.6118,0,0,0,0,0,0,-0.107082,1.107762,-0.258294,4.445372,132.4784,1.177285,0,False,False
201.1588,-0.177909,1.511232,-0.148782,19.36814,153.3957,355.5805,0,0,0,0,0,0,-0.105887,1.107402,-0.25734,4.664049,132.2126,0.639332,0,False,False
201.164,-0.177418,1.511038,-0.14866,19.42793,152.9721,355.5726,0,0,0,0,0,0,-0.104871,1.107317,-0.256858,4.774563,132.0281,0.458168,0,False,False
201.1697,-0.176867,1.510816,-0.14857,19.49854,152.5311,355.5556,0,0,0,0,0,0,-0.103961,1.107004,-0.256143,4.922172,131.8204,0.118036,0,False,False
201.1808,-0.176301,1.510702,-0.14852,19.49403,152.1542,355.5881,0,0,0,0,0,0,-0.102229,1.106668,-0.255078,5.064454,131.5175,0.021254,0,False,False
201.1918,-0.175782,1.510628,-0.148514,19.52321,151.7788,355.6119,0,0,0,0,0,0,-0.100712,1.106292,-0.253884,5.205949,131.1614,359.7905,0,False,False
201.2029,-0.175167,1.510429,-0.148383,19.57406,151.4217,355.6499,0,0,0,0,0,0,-0.098971,1.105921,-0.252751,5.314768,130.7586,359.7091,0,False,False
201.2142,-0.174584,1.51029,-0.148334,19.67884,151.0745,355.7071,0,0,0,0,0,0,-0.097442,1.105218,-0.251705,5.494198,130.3615,359.4691,0,False,False
201.2253,-0.173891,1.510081,-0.148215,19.78529,150.7238,355.7301,0,0,0,0,0,0,-0.095862,1.104617,-0.250643,5.763659,129.9749,359.1726,0,False,False
201.2364,-0.173217,1.509906,-0.148068,19.90995,150.3848,355.7639,0,0,0,0,0,0,-0.094344,1.103539,-0.249614,6.222412,129.6773,358.6427,0,False,False
201.2475,-0.172527,1.509731,-0.147998,19.98499,150.0343,355.8001,0,0,0,0,0,0,-0.092734,1.102704,-0.248622,6.615713,129.3829,358.0901,0,False,False
201.2587,-0.171782,1.509589,-0.147919,20.01578,149.6971,355.8429,0,0,0,0,0,0,-0.091239,1.101748,-0.247925,7.082041,129.1136,357.3515,0,False,False
201.2699,-0.171001,1.509573,-0.14777,20.03905,149.3472,355.8754,0,0,0,0,0,0,-0.089816,1.100663,-0.246971,7.53316,128.8074,356.5596,0,False,False
201.281,-0.170247,1.509512,-0.147785,20.01919,149.0074,355.9078,0,0,0,0,0,0,-0.088313,1.099697,-0.246121,7.984878,128.4754,355.7643,0,False,False
201.2918,-0.169512,1.509423,-0.147728,20.03388,148.6764,355.9313,0,0,0,0,0,0,-0.087002,1.098573,-0.245233,8.490808,128.1734,354.9991,0,False,False
201.3029,-0.168778,1.509306,-0.147731,20.05389,148.3467,355.9328,0,0,0,0,0,0,-0.085535,1.097628,-0.244494,8.945702,127.8372,354.3438,0,False,False
201.3141,-0.168012,1.509164,-0.147617,20.10078,148.0535,355.9068,0,0,0,0,0,0,-0.084057,1.09655,-0.243531,9.389676,127.4949,353.9836,0,False,False
201.3252,-0.167293,1.509071,-0.147573,20.16984,147.7639,355.8883,0,0,0,0,0,0,-0.082684,1.095578,-0.242901,9.801552,127.1956,353.8575,0,False,False
201.3363,-0.166543,1.508926,-0.147422,20.23145,147.4861,355.8546,0,0,0,0,0,0,-0.081248,1.094738,-0.24217,10.1186,126.9499,353.9597,0,False,False
201.3475,-0.165782,1.508828,-0.147283,20.30684,147.2174,355.8397,0,0,0,0,0,0,-0.079816,1.093711,-0.241614,10.43377,126.8312,353.9934,0,False,False
201.3584,-0.165043,1.508664,-0.147213,20.38909,146.9666,355.8316,0,0,0,0,0,0,-0.078352,1.092783,-0.241096,10.81456,126.6791,353.7578,0,False,False
201.3697,-0.164299,1.508494,-0.147076,20.48169,146.7298,355.8288,0,0,0,0,0,0,-0.076984,1.091821,-0.24071,11.16258,126.6034,353.1606,0,False,False
201.3808,-0.163474,1.508247,-0.14687,20.57056,146.4787,355.8413,0,0,0,0,0,0,-0.075573,1.091057,-0.240342,11.46487,126.4399,352.3376,0,False,False
201.3917,-0.162757,1.507952,-0.1467,20.6811,146.2412,355.8616,0,0,0,0,0,0,-0.074297,1.090513,-0.239844,11.62408,126.2489,351.3087,0,False,False
201.4028,-0.162025,1.507617,-0.146505,20.8182,145.9933,355.868,0,0,0,0,0,0,-0.072871,1.090033,-0.239213,11.74953,126.0473,350.7143,0,False,False
201.4139,-0.161218,1.507293,-0.146308,21.01483,145.7694,355.8956,0,0,0,0,0,0,-0.071422,1.089806,-0.238521,11.84498,125.8058,350.3914,0,False,False
201.4252,-0.160449,1.506911,-0.146112,21.2155,145.5471,355.8912,0,0,0,0,0,0,-0.069993,1.089778,-0.237493,11.86135,125.486,350.2441,0,False,False
201.4362,-0.159608,1.506494,-0.14591,21.4516,145.3203,355.8967,0,0,0,0,0,0,-0.068615,1.089534,-0.236758,11.93957,125.1841,349.9469,0,False,False
201.4472,-0.158773,1.505992,-0.1457,21.68081,145.0906,355.9167,0,0,0,0,0,0,-0.067204,1.089994,-0.235362,11.75179,124.7061,350.2408,0,False,False
201.4585,-0.15793,1.505472,-0.145403,21.95683,144.8728,355.9363,0,0,0,0,0,0,-0.06573,1.090253,-0.234224,11.67869,124.3071,350.3358,0,False,False
201.4695,-0.15713,1.504902,-0.145118,22.26064,144.6176,355.9649,0,0,0,0,0,0,-0.064617,1.090581,-0.232912,11.58503,123.9459,350.5582,0,False,False
201.4808,-0.156344,1.504317,-0.144794,22.58064,144.3475,356.0006,0,0,0,0,0,0,-0.063657,1.090555,-0.232364,11.74392,123.778,350.5338,0,False,False
201.4918,-0.155574,1.503634,-0.144418,22.93006,144.0942,356.0695,0,0,0,0,0,0,-0.062587,1.090596,-0.231815,11.80838,123.5916,350.5904,0,False,False
201.5028,-0.154753,1.50301,-0.144036,23.26181,143.8385,356.148,0,0,0,0,0,0,-0.06181,1.090273,-0.231522,11.82901,123.5718,350.529,0,False,False
201.5143,-0.15392,1.502398,-0.143652,23.60851,143.5455,356.2108,0,0,0,0,0,0,-0.061113,1.090536,-0.231278,11.78392,123.5642,350.2354,0,False,False
201.5252,-0.153031,1.501846,-0.143278,23.93502,143.2495,356.2902,0,0,0,0,0,0,-0.060749,1.090677,-0.231741,11.70096,123.7426,349.8663,0,False,False
201.5363,-0.152146,1.501246,-0.142876,24.26377,142.9255,356.3579,0,0,0,0,0,0,-0.060133,1.090756,-0.231503,11.66537,123.7371,350.0515,0,False,False
201.5475,-0.151186,1.50063,-0.142487,24.58216,142.6216,356.457,0,0,0,0,0,0,-0.059823,1.090851,-0.231393,11.55176,123.7661,350.3483,0,False,False
201.5584,-0.150225,1.499995,-0.142048,24.9201,142.3232,356.5327,0,0,0,0,0,0,-0.059418,1.091156,-0.231196,11.43716,123.7189,350.4745,0,False,False
201.5694,-0.149217,1.499333,-0.141605,25.27577,142.0051,356.6005,0,0,0,0,0,0,-0.058952,1.091296,-0.230831,11.43473,123.6166,350.649,0,False,False
201.5808,-0.148114,1.49866,-0.1411,25.61315,141.6635,356.6128,0,0,0,0,0,0,-0.058538,1.091225,-0.230299,11.49151,123.4994,350.7724,0,False,False
201.5918,-0.146956,1.497963,-0.140489,25.94656,141.2121,356.5838,0,0,0,0,0,0,-0.057955,1.091244,-0.229816,11.54352,123.3274,350.8728,0,False,False
201.6028,-0.145767,1.497272,-0.139836,26.28579,140.6945,356.507,0,0,0,0,0,0,-0.057388,1.091133,-0.22902,11.59614,123.1085,351.1962,0,False,False
201.6139,-0.144561,1.496546,-0.139191,26.63731,140.1146,356.3881,0,0,0,0,0,0,-0.056697,1.090899,-0.228184,11.64774,122.8581,351.3113,0,False,False
201.6251,-0.143288,1.495768,-0.138545,27.01446,139.4944,356.2548,0,0,0,0,0,0,-0.056003,1.09072,-0.227157,11.71696,122.5717,351.2706,0,False,False
201.6367,-0.142024,1.494943,-0.13784,27.42403,138.885,356.1421,0,0,0,0,0,0,-0.05525,1.090503,-0.225875,11.8204,122.2192,351.2224,0,False,False
201.6481,-0.140721,1.494076,-0.137102,27.86642,138.2753,356.0484,0,0,0,0,0,0,-0.054521,1.090332,-0.224544,11.90812,121.8237,351.2195,0,False,False
201.6595,-0.139417,1.493068,-0.136351,28.32253,137.646,355.9774,0,0,0,0,0,0,-0.053468,1.090018,-0.222702,12.02833,121.2842,350.9218,0,False,False
201.6711,-0.138094,1.492046,-0.135523,28.78698,137.0005,355.8978,0,0,0,0,0,0,-0.052435,1.089705,-0.220829,12.1088,120.7416,350.7321,0,False,False
201.6826,-0.136763,1.491018,-0.134761,29.23701,136.3525,355.828,0,0,0,0,0,0,-0.051018,1.089451,-0.218468,12.15813,119.9776,350.5958,0,False,False
201.6942,-0.135381,1.48989,-0.133923,29.69819,135.669,355.7377,0,0,0,0,0,0,-0.049468,1.089334,-0.215637,12.08049,119.1089,350.5493,0,False,False
201.7056,-0.134024,1.488806,-0.133022,30.16838,134.9722,355.6411,0,0,0,0,0,0,-0.048217,1.089571,-0.213221,11.80223,118.4018,350.1328,0,False,False
201.7171,-0.132675,1.487728,-0.132084,30.67014,134.2649,355.5191,0,0,0,0,0,0,-0.047228,1.090374,-0.211435,11.34682,117.987,349.1848,0,False,False
201.7284,-0.131279,1.486658,-0.131123,31.1638,133.5791,355.4139,0,0,0,0,0,0,-0.046624,1.091371,-0.210744,10.83706,118.0026,347.923,0,False,False
201.7401,-0.129872,1.48566,-0.13023,31.64448,132.8952,355.3229,0,0,0,0,0,0,-0.046061,1.092124,-0.210385,10.46133,118.1375,348.1918,0,False,False
201.7515,-0.128496,1.484754,-0.129378,32.07407,132.2206,355.2591,0,0,0,0,0,0,-0.045402,1.092496,-0.210056,10.07921,118.2147,349.0659,0,False,False
201.7629,-0.127109,1.483858,-0.128549,32.42971,131.54,355.2144,0,0,0,0,0,0,-0.044733,1.092848,-0.209621,9.749166,118.1075,349.2468,0,False,False
201.7743,-0.125533,1.483021,-0.127727,32.80686,130.8886,355.2137,0,0,0,0,0,0,-0.044124,1.092676,-0.209133,9.717275,117.962,349.261,0,False,False
201.7855,-0.124182,1.482204,-0.126918,33.07094,130.2689,355.2187,0,0,0,0,0,0,-0.043494,1.09255,-0.208227,9.697009,117.7854,349.1135,0,False,False
201.7966,-0.122847,1.481479,-0.12611,33.37152,129.665,355.2464,0,0,0,0,0,0,-0.043139,1.09168,-0.207158,9.870987,117.5473,348.9049,0,False,False
201.8077,-0.121527,1.480713,-0.125301,33.67406,129.0832,355.2606,0,0,0,0,0,0,-0.042663,1.091065,-0.206019,10.02686,117.2442,349.006,0,False,False
201.8188,-0.120274,1.480014,-0.124567,33.95395,128.5677,355.3194,0,0,0,0,0,0,-0.041806,1.090628,-0.204789,10.00378,116.9308,349.2886,0,False,False
201.8299,-0.11893,1.479395,-0.123831,34.2183,128.0825,355.3717,0,0,0,0,0,0,-0.040767,1.090713,-0.203695,9.838853,116.5973,349.4818,0.141177,False,False
201.841,-0.117691,1.478861,-0.123156,34.4352,127.69,355.4745,0,0,0,0,0,0,-0.039837,1.091069,-0.202792,9.504374,116.4554,349.4042,0.407843,False,True
201.8522,-0.116516,1.478384,-0.122531,34.62642,127.34,355.6021,0,0,0,0,0,0,-0.038891,1.091633,-0.201769,9.120372,116.2916,349.324,0.580392,False,True
201.8634,-0.115322,1.477915,-0.121941,34.8068,127.0344,355.7722,0,0,0,0,0,0,-0.038158,1.091963,-0.200432,8.898876,116.0856,349.3206,1,False,True
201.8743,-0.114242,1.477537,-0.121388,34.94737,126.7813,355.9561,0,0,0,0,0,0,-0.037117,1.09181,-0.199029,8.866125,115.7609,349.3734,1,False,True
201.8854,-0.113087,1.477113,-0.120853,35.09433,126.5381,356.1406,0,0,0,0,0,0,-0.036067,1.091338,-0.19751,8.920896,115.3906,349.4553,1,False,True
201.8965,-0.111978,1.476771,-0.120365,35.23111,126.3393,356.3342,0,0,0,0,0,0,-0.035064,1.090826,-0.196174,9.140878,115.0467,349.0757,1,False,True
201.9077,-0.110877,1.476538,-0.119826,35.38627,126.1684,356.5454,0,0,0,0,0,0,-0.034039,1.09032,-0.19503,9.340871,114.7413,348.7779,1,False,True
201.9187,-0.109878,1.476278,-0.119347,35.50872,126.0275,356.7807,0,0,0,0,0,0,-0.033141,1.089862,-0.194013,9.390155,114.4763,348.6395,1,False,True
201.9299,-0.108822,1.476012,-0.118881,35.63474,125.9043,357.0218,0,0,0,0,0,0,-0.031852,1.089519,-0.193004,9.495116,114.2325,348.6007,1,False,True
201.9411,-0.107799,1.475785,-0.118454,35.7546,125.7753,357.2435,0,0,0,0,0,0,-0.030422,1.089283,-0.192344,9.634974,113.9441,348.619,1,False,True
201.9521,-0.106823,1.475523,-0.117997,35.87067,125.6397,357.4305,0,0,0,0,0,0,-0.029089,1.089048,-0.191426,9.773648,113.6613,348.5372,1,False,True
201.9632,-0.105832,1.475288,-0.117558,35.99255,125.4788,357.6122,0,0,0,0,0,0,-0.027864,1.088581,-0.190364,9.94974,113.3586,348.3638,1,False,True
201.9744,-0.104822,1.475067,-0.117067,36.11031,125.3033,357.7671,0,0,0,0,0,0,-0.02671,1.088008,-0.189378,10.18393,113.0612,348.1429,0.756863,False,True
201.9856,-0.103893,1.474843,-0.116583,36.21809,125.1164,357.9098,0,0,0,0,0,0,-0.025567,1.087459,-0.188267,10.39972,112.7376,348.0379,0.313726,False,True
201.9966,-0.102881,1.474587,-0.116153,36.32323,124.922,358.041,0,0,0,0,0,0,-0.024333,1.087123,-0.187024,10.64019,112.3956,348.0268,0.172549,False,False
202.0078,-0.101958,1.474302,-0.115745,36.42837,124.7088,358.1596,0,0,0,0,0,0,-0.022842,1.086721,-0.186223,10.87971,112.0369,348.0729,0,False,False
202.0187,-0.100972,1.474056,-0.115364,36.55374,124.5182,358.2879,0,0,0,0,0,0,-0.021596,1.086285,-0.185201,11.05305,111.7026,348.0182,0,False,False
202.0298,-0.099993,1.473758,-0.114958,36.67064,124.3034,358.3976,0,0,0,0,0,0,-0.020036,1.086055,-0.184122,11.1963,111.3972,348.1873,0,False,False
202.041,-0.09906,1.473493,-0.114472,36.80716,124.0762,358.5014,0,0,0,0,0,0,-0.018826,1.086033,-0.182918,11.21619,111.0868,348.6668,0,False,False
202.052,-0.098149,1.473208,-0.114066,36.94348,123.8261,358.5652,0,0,0,0,0,0,-0.017673,1.086092,-0.181898,11.12643,110.8063,349.0497,0,False,False
202.0632,-0.097261,1.472825,-0.113698,37.08346,123.5651,358.6134,0,0,0,0,0,0,-0.016562,1.086295,-0.180827,11.02799,110.5084,349.2941,0,False,False
202.0744,-0.096307,1.472528,-0.113327,37.24239,123.2991,358.6426,0,0,0,0,0,0,-0.015377,1.086511,-0.179914,10.94207,110.1981,349.446,0,False,False
202.0853,-0.095421,1.472185,-0.112963,37.38405,123.0624,358.6868,0,0,0,0,0,0,-0.01404,1.086635,-0.178954,10.93912,109.9071,349.6082,0,False,False
202.0965,-0.094575,1.47181,-0.112632,37.54175,122.8392,358.7204,0,0,0,0,0,0,-0.013074,1.08662,-0.177959,10.93563,109.6083,349.6862,0,False,False
202.1076,-0.093756,1.471432,-0.112303,37.70511,122.6445,358.7755,0,0,0,0,0,0,-0.011973,1.086638,-0.176843,10.98283,109.3066,349.8034,0,False,False
202.1187,-0.093029,1.471024,-0.112067,37.86947,122.4505,358.8159,0,0,0,0,0,0,-0.011041,1.086636,-0.176019,11.02256,109.0231,349.9664,0,False,False
202.1297,-0.092276,1.470629,-0.111834,38.03876,122.2765,358.8557,0,0,0,0,0,0,-0.010144,1.086635,-0.175178,11.03047,108.7678,350.0006,0,False,False
202.141,-0.091533,1.470203,-0.111598,38.18866,122.1234,358.9073,0,0,0,0,0,0,-0.009119,1.086802,-0.174372,11.02378,108.54,350.0679,0,False,False
202.152,-0.090795,1.469784,-0.111406,38.34064,121.9627,358.9333,0,0,0,0,0,0,-0.008218,1.087016,-0.173694,10.93551,108.3845,350.0989,0,False,False
202.1634,-0.090079,1.469432,-0.111211,38.4989,121.846,358.9778,0,0,0,0,0,0,-0.007349,1.087399,-0.173096,10.72503,108.2772,350.1045,0,False,False
202.1742,-0.089359,1.469018,-0.111011,38.65733,121.7044,359.0175,0,0,0,0,0,0,-0.00647,1.087757,-0.172582,10.51355,108.2063,350.173,0,False,False
202.1853,-0.08866,1.468551,-0.110843,38.79948,121.5923,359.0623,0,0,0,0,0,0,-0.00562,1.088058,-0.17212,10.28856,108.1398,350.3402,0,False,False
202.1964,-0.088021,1.468097,-0.110707,38.97411,121.5033,359.1164,0,0,0,0,0,0,-0.004793,1.088144,-0.171452,10.16538,108.0628,350.4521,0,False,False
202.2077,-0.087405,1.467685,-0.110611,39.1601,121.4073,359.1807,0,0,0,0,0,0,-0.003844,1.087858,-0.171106,10.13786,108.0109,350.5023,0,False,False
202.2186,-0.086824,1.467212,-0.110511,39.34065,121.3327,359.2378,0,0,0,0,0,0,-0.003402,1.087567,-0.170471,10.18291,107.9225,350.5418,0,False,False
202.2297,-0.086272,1.46676,-0.110436,39.53864,121.277,359.3329,0,0,0,0,0,0,-0.0027,1.087287,-0.169991,10.1993,107.8526,350.576,0,False,False
202.241,-0.085669,1.466371,-0.110448,39.72814,121.2161,359.4249,0,0,0,0,0,0,-0.002026,1.087456,-0.169862,10.16123,107.8578,350.6127,0,False,False
202.252,-0.085176,1.465986,-0.110458,39.89674,121.1552,359.5089,0,0,0,0,0,0,-0.001376,1.087565,-0.169921,9.990989,107.9236,350.6184,0,False,False
202.2631,-0.084664,1.465587,-0.110427,40.07688,121.0843,359.5711,0,0,0,0,0,0,-0.000707,1.087867,-0.169802,9.833607,107.9761,350.6358,0,False,False
202.2742,-0.084214,1.465176,-0.110446,40.22427,121.0034,359.5998,0,0,0,0,0,0,-0.000019,1.088081,-0.169845,9.66335,108.0388,350.6357,0,False,False
202.2852,-0.083702,1.464814,-0.110447,40.36385,120.9505,359.6456,0,0,0,0,0,0,0.000567,1.087985,-0.169821,9.559392,108.0981,350.6164,0,False,False
202.2964,-0.083183,1.464449,-0.110423,40.48547,120.8683,359.6484,0,0,0,0,0,0,0.001196,1.087926,-0.169875,9.475995,108.1903,350.585,0,False,False
202.3076,-0.082654,1.464166,-0.110355,40.57665,120.7322,359.5908,0,0,0,0,0,0,0.001817,1.087853,-0.169991,9.387357,108.2838,350.5658,0,False,False
202.3186,-0.082062,1.464009,-0.110291,40.64311,120.518,359.4835,0,0,0,0,0,0,0.002438,1.088038,-0.170426,9.304257,108.4916,350.5656,0,False,False
202.3298,-0.081505,1.463807,-0.110251,40.68757,120.1775,359.2858,0,0,0,0,0,0,0.00306,1.088221,-0.171016,9.125097,108.7615,350.7068,0,False,False
202.3409,-0.080927,1.463641,-0.11015,40.72202,119.8054,359.0746,0,0,0,0,0,0,0.003572,1.088656,-0.171812,8.792546,109.0389,351.0219,0,False,False
202.352,-0.080318,1.463532,-0.110015,40.74766,119.3828,358.8405,0,0,0,0,0,0,0.004071,1.089082,-0.172794,8.466705,109.369,351.5072,0,False,False
202.363,-0.079789,1.463412,-0.109932,40.78465,118.9735,358.6157,0,0,0,0,0,0,0.004324,1.089267,-0.173829,8.26633,109.7503,352.1197,0,False,False
202.3742,-0.079257,1.463299,-0.109843,40.81093,118.5625,358.3911,0,0,0,0,0,0,0.004648,1.08924,-0.174814,8.077226,110.1346,352.6842,0,False,False
202.3854,-0.078713,1.463246,-0.109754,40.8443,118.196,358.1781,0,0,0,0,0,0,0.004963,1.089296,-0.176012,7.918312,110.5219,353.1644,0,False,False
202.3964,-0.078157,1.463208,-0.109683,40.86604,117.8551,357.9374,0,0,0,0,0,0,0.005033,1.089309,-0.177183,7.846353,110.9935,353.3936,0,False,False
202.4075,-0.077595,1.463143,-0.109621,40.8803,117.5405,357.7007,0,0,0,0,0,0,0.005283,1.089435,-0.178628,7.744286,111.5545,353.7158,0,False,False
202.4185,-0.077105,1.463033,-0.109667,40.91488,117.2757,357.4887,0,0,0,0,0,0,0.005671,1.089478,-0.1805,7.666998,112.2894,354.2151,0,False,False
202.4297,-0.076693,1.462938,-0.10977,40.97606,117.0845,357.331,0,0,0,0,0,0,0.006294,1.089459,-0.181731,7.5518,112.782,354.9007,0,False,False
202.4409,-0.076336,1.462858,-0.10989,41.03652,116.9154,357.2273,0,0,0,0,0,0,0.00704,1.089528,-0.182401,7.398468,113.0698,355.9411,0,False,False
202.4518,-0.076055,1.462707,-0.110167,41.09732,116.7985,357.1864,0,0,0,0,0,0,0.007618,1.089559,-0.182947,7.19272,113.2763,356.4172,0,False,False
202.463,-0.075819,1.462642,-0.110422,41.16452,116.7514,357.2086,0,0,0,0,0,0,0.007901,1.089775,-0.184052,7.020149,113.6991,356.2137,0,False,False
202.4741,-0.075731,1.462503,-0.110923,41.22148,116.7819,357.3103,0,0,0,0,0,0,0.007931,1.090326,-0.18575,6.901894,114.4442,354.9344,0,False,False
202.4853,-0.075542,1.462421,-0.111295,41.26219,116.831,357.4185,0,0,0,0,0,0,0.008266,1.090806,-0.187474,6.74294,115.1876,354.2894,0,False,False
202.4963,-0.075416,1.462369,-0.111772,41.30547,116.9389,357.5632,0,0,0,0,0,0,0.008641,1.091682,-0.189632,6.606771,116.1767,353.512,0,False,False
202.5075,-0.075333,1.462311,-0.112296,41.32806,117.0489,357.6844,0,0,0,0,0,0,0.008864,1.0924,-0.192098,6.397127,117.336,352.7723,0,False,False
202.5185,-0.075284,1.462246,-0.112853,41.33341,117.2224,357.8245,0,0,0,0,0,0,0.008947,1.092851,-0.194463,6.166074,118.4797,352.2732,0,False,False
202.5297,-0.075306,1.462181,-0.11353,41.34307,117.3608,357.9006,0,0,0,0,0,0,0.009146,1.093433,-0.196625,5.927498,119.6136,351.8647,0,False,False
202.5409,-0.075243,1.462102,-0.114069,41.35263,117.532,357.968,0,0,0,0,0,0,0.009472,1.093968,-0.199052,5.641578,120.8211,351.6258,0,False,False
202.5518,-0.07524,1.462031,-0.114664,41.35736,117.7423,358.0228,0,0,0,0,0,0,0.010152,1.094376,-0.201171,5.34834,121.9391,351.5915,0,False,False
202.5632,-0.075241,1.461915,-0.115256,41.37321,117.969,358.0656,0,0,0,0,0,0,0.010857,1.094835,-0.203064,5.055624,122.9987,351.8336,0,False,False
202.5741,-0.075313,1.461824,-0.115827,41.39596,118.2088,358.0729,0,0,0,0,0,0,0.011679,1.095338,-0.204677,4.754457,124.0038,352.1396,0,False,False
202.5852,-0.075383,1.461736,-0.116319,41.40702,118.4067,358.0337,0,0,0,0,0,0,0.012476,1.095932,-0.206157,4.318702,124.9507,352.7704,0,False,False
202.5962,-0.075511,1.461624,-0.116802,41.44177,118.6085,357.984,0,0,0,0,0,0,0.013585,1.096818,-0.206961,3.617769,125.5769,354.0307,0,False,False
202.6074,-0.075623,1.461499,-0.117217,41.46697,118.7903,357.9116,0,0,0,0,0,0,0.01474,1.097312,-0.207658,3.236173,126.4823,354.8351,0,False,False
202.6185,-0.075767,1.46136,-0.117563,41.51077,118.9808,357.8522,0,0,0,0,0,0,0.015865,1.09734,-0.208732,2.680377,127.2535,354.8497,0,False,False
202.6297,-0.075974,1.461194,-0.117959,41.54707,119.1606,357.7963,0,0,0,0,0,0,0.017684,1.098191,-0.208434,1.911986,127.3518,355.2148,0,False,False
202.6407,-0.07612,1.46111,-0.118263,41.58909,119.3382,357.7586,0,0,0,0,0,0,0.019678,1.098229,-0.207754,1.84642,127.2969,355.4933,0,False,False
202.6517,-0.076215,1.461032,-0.118517,41.60678,119.4608,357.726,0,0,0,0,0,0,0.022102,1.098062,-0.206138,1.721643,126.821,355.9156,0,False,False
202.6629,-0.076275,1.460974,-0.118798,41.59346,119.5804,357.7025,0,0,0,0,0,0,0.024468,1.098186,-0.204657,1.667997,126.4737,356.2206,0,False,False
202.674,-0.07633,1.460963,-0.119091,41.56018,119.6466,357.6642,0,0,0,0,0,0,0.027173,1.097372,-0.202168,1.863495,125.7186,356.308,0,False,False
202.6851,-0.076368,1.46095,-0.119332,41.5139,119.7124,357.6173,0,0,0,0,0,0,0.029746,1.096848,-0.199817,2.11429,124.9493,356.3077,0,False,False
202.6963,-0.076443,1.460923,-0.119586,41.45612,119.7898,357.5594,0,0,0,0,0,0,0.033046,1.095383,-0.196233,2.750735,123.7295,356.1228,0,False,False
202.7074,-0.076508,1.460916,-0.119771,41.42556,119.8871,357.4911,0,0,0,0,0,0,0.036104,1.093628,-0.192558,3.6366,122.4325,355.8628,0,False,False
202.7184,-0.076619,1.460866,-0.119959,41.38821,119.9873,357.4016,0,0,0,0,0,0,0.039161,1.091462,-0.188544,4.72519,121.1761,355.6289,0,False,False
202.7296,-0.076735,1.460821,-0.1201,41.3809,120.0933,357.2959,0,0,0,0,0,0,0.041902,1.088917,-0.184573,6.104675,119.9732,355.2806,0,False,False
202.7407,-0.076899,1.460767,-0.12024,41.4059,120.1539,357.1681,0,0,0,0,0,0,0.044137,1.086314,-0.180914,7.510205,119.0161,354.7166,0,False,False
202.7518,-0.077013,1.460688,-0.120324,41.42226,120.2029,357.0569,0,0,0,0,0,0,0.045907,1.083647,-0.177456,8.735315,118.3824,353.8026,0,False,False
202.763,-0.077157,1.460629,-0.120473,41.43299,120.2424,356.9567,0,0,0,0,0,0,0.047625,1.081282,-0.174074,9.810962,117.7272,352.9304,0,False,False
202.774,-0.077237,1.460582,-0.120553,41.42995,120.2921,356.8814,0,0,0,0,0,0,0.049206,1.078553,-0.170554,10.68008,117.1063,352.3464,0,False,False
202.7851,-0.077317,1.460525,-0.120641,41.4346,120.3585,356.8271,0,0,0,0,0,0,0.050591,1.076191,-0.166652,11.15966,116.2004,352.6339,0,False,False
202.7963,-0.077415,1.46048,-0.120808,41.44782,120.4265,356.7745,0,0,0,0,0,0,0.052163,1.073981,-0.162744,11.48847,115.1705,353.1678,0,False,False
202.8073,-0.077506,1.460431,-0.120867,41.46378,120.502,356.7338,0,0,0,0,0,0,0.053517,1.072103,-0.158557,11.37697,113.8574,354.6611,0,False,False
202.8183,-0.077632,1.460309,-0.12092,41.49815,120.5694,356.688,0,0,0,0,0,0,0.054931,1.070169,-0.155937,11.5912,112.54,354.8249,0,False,False
202.8295,-0.077785,1.460194,-0.120876,41.5523,120.6407,356.6741,0,0,0,0,0,0,0.05546,1.06818,-0.157862,12.50916,111.8571,352.1677,0,False,False
202.8406,-0.077954,1.460038,-0.120909,41.61211,120.6936,356.6594,0,0,0,0,0,0,0.055545,1.065136,-0.160865,13.57094,112.4954,349.8659,0,False,False
202.8517,-0.078135,1.459847,-0.12087,41.6665,120.7404,356.6669,0,0,0,0,0,0,0.053763,1.062391,-0.166467,13.98381,114.3277,352.5759,0,False,False
202.8629,-0.078241,1.459716,-0.120797,41.73162,120.7538,356.7151,0,0,0,0,0,0,0.054311,1.059846,-0.167984,14.21118,114.6959,354.6564,0,False,False
202.874,-0.078319,1.459599,-0.120706,41.80515,120.7711,356.7681,0,0,0,0,0,0,0.054023,1.057315,-0.170225,14.37139,115.4067,356.0638,0,False,False
202.8851,-0.078391,1.459482,-0.120639,41.8466,120.8081,356.86,0,0,0,0,0,0,0.05332,1.055192,-0.172688,14.48279,116.4655,356.0096,0,False,False
202.8962,-0.07846,1.459362,-0.120559,41.89649,120.8297,356.9484,0,0,0,0,0,0,0.052769,1.054349,-0.173887,13.98029,117.2286,357.4558,0,False,False
202.9073,-0.078528,1.459204,-0.120477,41.95283,120.8659,357.0606,0,0,0,0,0,0,0.052443,1.053544,-0.174658,13.54369,117.9594,0.034914,0,False,False
202.9183,-0.078613,1.459075,-0.120419,42.01323,120.8799,357.1652,0,0,0,0,0,0,0.052041,1.052795,-0.174274,12.87361,118.3585,4.173294,0,False,False
202.9295,-0.07868,1.458924,-0.120316,42.06328,120.8997,357.2647,0,0,0,0,0,0,0.052085,1.052806,-0.173958,12.2176,118.7421,6.520245,0,False,False
202.9406,-0.078773,1.458812,-0.120179,42.12937,120.8774,357.3499,0,0,0,0,0,0,0.05166,1.052742,-0.173998,12.42953,118.9593,7.393427,0,False,False
202.9517,-0.078892,1.458661,-0.120109,42.17822,120.8354,357.4382,0,0,0,0,0,0,0.050775,1.051765,-0.174776,12.81473,119.1616,5.142901,0,False,False
202.9628,-0.079013,1.45856,-0.119989,42.22002,120.7817,357.5046,0,0,0,0,0,0,0.05029,1.051691,-0.175486,12.87365,119.2034,3.361639,0,False,False
202.974,-0.079065,1.458493,-0.1199,42.23793,120.722,357.573,0,0,0,0,0,0,0.050256,1.052024,-0.175447,12.89505,118.7466,2.131731,0,False,False
202.985,-0.079141,1.458426,-0.11986,42.25513,120.6781,357.6219,0,0,0,0,0,0,0.050191,1.051919,-0.175367,12.7894,118.4232,1.6674,0,False,False
202.9961,-0.079208,1.458398,-0.119868,42.26524,120.6549,357.6436,0,0,0,0,0,0,0.050088,1.052774,-0.176035,12.42998,118.2088,1.002033,0,False,False
203.0072,-0.079317,1.458343,-0.119884,42.27723,120.6389,357.6615,0,0,0,0,0,0,0.049763,1.05354,-0.176838,12.10255,118.2436,0.755826,0,False,False
203.0183,-0.079457,1.458296,-0.119893,42.28561,120.6212,357.6399,0,0,0,0,0,0,0.04929,1.054409,-0.177924,11.93172,118.5005,1.0008,0,False,False
203.0294,-0.079637,1.458293,-0.11995,42.30941,120.6152,357.6276,0,0,0,0,0,0,0.04855,1.054965,-0.17893,11.80311,118.8669,1.46164,0,False,False
203.0405,-0.079799,1.458304,-0.119991,42.33375,120.6139,357.5889,0,0,0,0,0,0,0.048177,1.055499,-0.179779,11.70137,119.1822,1.863592,0,False,False
203.0516,-0.08001,1.458256,-0.120053,42.33453,120.6037,357.547,0,0,0,0,0,0,0.047689,1.056363,-0.180422,11.49756,119.4634,2.190529,0,False,False
203.0627,-0.080278,1.458246,-0.120164,42.32573,120.6501,357.5311,0,0,0,0,0,0,0.047443,1.057265,-0.180825,11.20134,119.5984,2.253903,0,False,False
203.0739,-0.080543,1.45824,-0.120274,42.31078,120.7146,357.5056,0,0,0,0,0,0,0.047233,1.058151,-0.181169,10.91365,119.6155,2.117969,0,False,False
203.085,-0.080844,1.458227,-0.120414,42.31078,120.7904,357.4958,0,0,0,0,0,0,0.047153,1.058933,-0.181485,10.6594,119.6195,2.064882,0,False,False
203.0961,-0.081175,1.458229,-0.120541,42.31578,120.9033,357.4887,0,0,0,0,0,0,0.047061,1.059573,-0.181555,10.45692,119.4896,2.061051,0,False,False
203.1072,-0.081544,1.458145,-0.12068,42.31137,121.0221,357.4829,0,0,0,0,0,0,0.046912,1.060225,-0.181745,10.30018,119.467,1.987118,0,False,False
203.1183,-0.081906,1.458102,-0.120819,42.30971,121.1459,357.4863,0,0,0,0,0,0,0.046716,1.06073,-0.182006,10.19978,119.4935,1.751855,0,False,False
203.1295,-0.082259,1.458064,-0.120935,42.30549,121.2656,357.4882,0,0,0,0,0,0,0.046509,1.061231,-0.182283,10.08101,119.591,1.583978,0,False,False
203.1406,-0.082706,1.458055,-0.121066,42.28242,121.3729,357.5029,0,0,0,0,0,0,0.046288,1.061425,-0.18266,10.05272,119.7516,1.616795,0,False,False
203.1535,-0.083089,1.458039,-0.121127,42.27731,121.4799,357.5176,0,0,0,0,0,0,0.04601,1.061757,-0.182748,10.02084,119.8491,1.680719,0,False,False
203.1627,-0.083539,1.458015,-0.121274,42.28258,121.5778,357.5254,0,0,0,0,0,0,0.045788,1.061985,-0.182938,9.977882,119.9247,1.629476,0,False,False
203.1739,-0.08395,1.457992,-0.121333,42.25878,121.6829,357.545,0,0,0,0,0,0,0.045617,1.062083,-0.182941,9.993091,119.923,1.509994,0,False,False
203.1849,-0.084345,1.457959,-0.121382,42.24016,121.7757,357.5394,0,0,0,0,0,0,0.045472,1.062238,-0.182727,9.980064,119.8894,1.411124,0,False,False
203.1961,-0.084742,1.457964,-0.12141,42.23493,121.8547,357.5039,0,0,0,0,0,0,0.045325,1.062388,-0.18249,10.00089,119.756,1.286114,0,False,False
203.2071,-0.0851,1.457977,-0.121442,42.2123,121.9232,357.4773,0,0,0,0,0,0,0.045235,1.062637,-0.182228,9.959695,119.6771,1.184608,0,False,False
203.2182,-0.085475,1.458,-0.121465,42.2002,121.9709,357.4471,0,0,0,0,0,0,0.045113,1.062874,-0.181967,9.931582,119.5681,1.003085,0,False,False
203.2294,-0.085853,1.458011,-0.121458,42.19125,122.0056,357.4086,0,0,0,0,0,0,0.044998,1.062888,-0.181761,9.921841,119.4414,0.725329,0,False,False
203.2406,-0.086268,1.45808,-0.121514,42.18164,121.9967,357.3578,0,0,0,0,0,0,0.04489,1.063043,-0.18145,9.912727,119.3056,0.545432,0,False,False
203.2517,-0.086641,1.458098,-0.121512,42.1645,121.9909,357.3215,0,0,0,0,0,0,0.044768,1.063195,-0.181179,9.91995,119.2157,0.388841,0,False,False
203.2627,-0.086971,1.458143,-0.121459,42.16027,121.9953,357.2908,0,0,0,0,0,0,0.044568,1.063272,-0.180926,9.921661,119.187,0.315908,0,False,False
203.2738,-0.087265,1.458174,-0.121431,42.1339,121.9691,357.2438,0,0,0,0,0,0,0.044379,1.063414,-0.180696,9.898211,119.1503,0.250565,0,False,False
203.285,-0.087598,1.458175,-0.121423,42.10841,121.9518,357.1985,0,0,0,0,0,0,0.044253,1.063557,-0.180532,9.876941,119.1174,0.190679,0,False,False
203.2961,-0.087901,1.458153,-0.121334,42.09608,121.9318,357.1516,0,0,0,0,0,0,0.044094,1.063657,-0.180345,9.854829,119.0673,0.161874,0,False,False
203.3071,-0.088294,1.458146,-0.121293,42.09897,121.8994,357.1126,0,0,0,0,0,0,0.044088,1.063788,-0.180166,9.796264,118.9826,0.218636,0,False,False
203.3182,-0.088617,1.458141,-0.121256,42.12083,121.8655,357.085,0,0,0,0,0,0,0.043907,1.063616,-0.180028,9.768991,118.8897,0.193469,0,False,False
203.3293,-0.088996,1.458074,-0.121332,42.1161,121.8437,357.0544,0,0,0,0,0,0,0.043837,1.063615,-0.179872,9.800889,118.8158,0.122707,0,False,False
203.3405,-0.08933,1.458071,-0.121359,42.08865,121.7983,357.0322,0,0,0,0,0,0,0.043798,1.063646,-0.179592,9.863245,118.7426,0.001302,0,False,False
203.3515,-0.089648,1.458001,-0.121465,42.06369,121.7534,356.9947,0,0,0,0,0,0,0.0437,1.063569,-0.179405,9.90783,118.6754,359.8762,0,False,False
203.3635,-0.089975,1.457958,-0.121463,42.0256,121.7296,356.9683,0,0,0,0,0,0,0.043617,1.063435,-0.179172,9.951422,118.6224,359.7522,0,False,False
203.3737,-0.090322,1.457948,-0.121477,42.01317,121.6844,356.9047,0,0,0,0,0,0,0.04357,1.063372,-0.179114,9.968533,118.591,359.6792,0,False,False
203.3849,-0.090626,1.457893,-0.121481,42.01242,121.6563,356.8517,0,0,0,0,0,0,0.043477,1.063437,-0.179018,9.98098,118.5555,359.6414,0,False,False
203.396,-0.090976,1.457794,-0.121557,42.02731,121.6247,356.7868,0,0,0,0,0,0,0.043365,1.063488,-0.179024,9.955923,118.5055,359.6678,0,False,False
203.407,-0.091365,1.457683,-0.121595,42.03244,121.5817,356.732,0,0,0,0,0,0,0.043378,1.063435,-0.178898,9.929548,118.4424,359.6904,0,False,False
203.4181,-0.091698,1.45756,-0.121613,42.0454,121.5522,356.653,0,0,0,0,0,0,0.043345,1.063471,-0.178783,9.903764,118.3772,359.6488,0,False,False
203.4292,-0.091993,1.457437,-0.121655,42.05645,121.5371,356.6106,0,0,0,0,0,0,0.043382,1.063611,-0.178679,9.885885,118.3134,359.591,0,False,False
203.4404,-0.092325,1.457338,-0.121747,42.0779,121.5091,356.5788,0,0,0,0,0,0,0.043295,1.063696,-0.178608,9.877267,118.2766,359.5507,0,False,False
203.4514,-0.092625,1.457262,-0.121809,42.09098,121.4936,356.5454,0,0,0,0,0,0,0.043225,1.063875,-0.178669,9.857662,118.2776,359.5378,0,False,False
203.4625,-0.092927,1.457178,-0.121911,42.10082,121.4906,356.5163,0,0,0,0,0,0,0.043109,1.064036,-0.178709,9.838677,118.2879,359.5298,0,False,False
203.4738,-0.093199,1.457074,-0.121975,42.1042,121.5117,356.4802,0,0,0,0,0,0,0.043042,1.064246,-0.178774,9.814833,118.299,359.5215,0,False,False
203.4848,-0.093534,1.456967,-0.122052,42.13805,121.5371,356.4567,0,0,0,0,0,0,0.042876,1.064373,-0.178961,9.783712,118.3225,359.5146,0,False,False
203.4959,-0.093846,1.456772,-0.12204,42.17222,121.5999,356.4516,0,0,0,0,0,0,0.042715,1.064549,-0.179226,9.760823,118.4175,359.5443,0,False,False
203.507,-0.094144,1.456569,-0.121987,42.21756,121.6676,356.4425,0,0,0,0,0,0,0.042609,1.064694,-0.179345,9.742511,118.4863,359.6304,0,False,False
203.5181,-0.094462,1.456343,-0.121921,42.28822,121.7413,356.4497,0,0,0,0,0,0,0.042386,1.064734,-0.179647,9.737251,118.615,359.7249,0,False,False
203.5292,-0.094765,1.45612,-0.121809,42.36426,121.8175,356.4666,0,0,0,0,0,0,0.042141,1.064826,-0.179977,9.722713,118.7722,359.7816,0,False,False
203.5404,-0.09513,1.455847,-0.121677,42.47448,121.8854,356.5177,0,0,0,0,0,0,0.041726,1.064968,-0.180375,9.672453,118.9277,359.898,0,False,False
203.5514,-0.095521,1.455614,-0.121509,42.59375,121.9496,356.5599,0,0,0,0,0,0,0.041453,1.065206,-0.180598,9.636689,119.032,0.013728,0,False,False
203.5625,-0.095873,1.455333,-0.121324,42.70882,121.9935,356.6153,0,0,0,0,0,0,0.041346,1.065448,-0.180602,9.634332,119.0775,0.17139,0,False,False
203.5736,-0.096218,1.455094,-0.121158,42.81176,122.0221,356.6488,0,0,0,0,0,0,0.041344,1.065432,-0.180303,9.856967,118.9125,0.700886,0,False,False
203.5849,-0.096567,1.454855,-0.121013,42.89394,122.0553,356.6848,0,0,0,0,0,0,0.041187,1.065589,-0.180189,9.784269,118.9458,0.926942,0,False,False
203.5959,-0.096877,1.454665,-0.120873,42.94699,122.0755,356.6895,0,0,0,0,0,0,0.040914,1.066315,-0.180632,9.674393,119.0537,0.741716,0,False,False
203.6071,-0.097208,1.454525,-0.120698,42.98138,122.1168,356.6986,0,0,0,0,0,0,0.040783,1.066476,-0.18067,9.593987,119.0884,0.57639,0,False,False
203.6181,-0.097487,1.454469,-0.120566,43.00493,122.1443,356.6603,0,0,0,0,0,0,0.040587,1.066763,-0.180653,9.496256,119.0674,0.600434,0,False,False
203.6293,-0.097774,1.45439,-0.120391,43.02479,122.1932,356.6347,0,0,0,0,0,0,0.040437,1.067077,-0.180694,9.418623,119.0712,0.643162,0,False,False
203.6403,-0.098099,1.454363,-0.120284,43.01098,122.2304,356.6073,0,0,0,0,0,0,0.040155,1.067332,-0.180777,9.372356,119.1079,0.637425,0,False,False
203.6514,-0.098367,1.454354,-0.120139,43.01265,122.3102,356.6049,0,0,0,0,0,0,0.039899,1.067553,-0.180897,9.353876,119.1512,0.574696,0,False,False
203.6625,-0.098723,1.454357,-0.120046,42.99805,122.386,356.6133,0,0,0,0,0,0,0.039496,1.067718,-0.181177,9.321808,119.2231,0.543693,0,False,False
203.6736,-0.099035,1.454355,-0.119944,42.97839,122.4821,356.6441,0,0,0,0,0,0,0.039123,1.06791,-0.181356,9.286167,119.2907,0.553495,0,False,False
203.6847,-0.099378,1.454351,-0.119794,42.96171,122.6044,356.7005,0,0,0,0,0,0,0.038746,1.06813,-0.181578,9.27669,119.3611,0.554428,0,False,False
203.6958,-0.099763,1.45436,-0.119662,42.96848,122.7229,356.7485,0,0,0,0,0,0,0.038286,1.06817,-0.181762,9.297702,119.4098,0.558749,0,False,False
203.707,-0.10013,1.454355,-0.119544,42.97342,122.8458,356.7926,0,0,0,0,0,0,0.037886,1.068101,-0.181942,9.335242,119.4485,0.535391,0,False,False
203.7181,-0.100488,1.454395,-0.119377,42.98165,122.9664,356.8366,0,0,0,0,0,0,0.037466,1.068,-0.182148,9.396175,119.4853,0.493972,0,False,False
203.7291,-0.100808,1.454437,-0.119211,42.98698,123.0809,356.8901,0,0,0,0,0,0,0.03699,1.067901,-0.182279,9.469871,119.5219,0.45045,0,False,False
203.7405,-0.101131,1.454479,-0.11908,42.97728,123.1893,356.9386,0,0,0,0,0,0,0.036536,1.067807,-0.182422,9.535071,119.5595,0.43621,0,False,False
203.7513,-0.101454,1.454531,-0.119018,42.97226,123.2733,356.9758,0,0,0,0,0,0,0.036073,1.067705,-0.182678,9.601696,119.622,0.414405,0,False,False
203.7625,-0.101745,1.454551,-0.118963,42.95171,123.3536,357.0098,0,0,0,0,0,0,0.035615,1.067511,-0.18285,9.675506,119.7103,0.365199,0,False,False
203.7736,-0.102025,1.454559,-0.11891,42.94058,123.4318,357.0399,0,0,0,0,0,0,0.035151,1.067385,-0.182894,9.724236,119.7958,0.332691,0,False,False
203.7848,-0.102342,1.454528,-0.118902,42.93005,123.4966,357.0209,0,0,0,0,0,0,0.034747,1.067264,-0.183034,9.782818,119.8702,0.322482,0,False,False
203.7959,-0.102665,1.454549,-0.118808,42.93709,123.586,357.0188,0,0,0,0,0,0,0.034394,1.067172,-0.182997,9.851814,119.929,0.346328,0,False,False
203.807,-0.103002,1.45453,-0.118777,42.97096,123.6755,357.0275,0,0,0,0,0,0,0.033985,1.067079,-0.183045,9.925672,120.0061,0.341169,0,False,False
203.818,-0.103313,1.454535,-0.118746,42.99539,123.7449,357.0266,0,0,0,0,0,0,0.033613,1.066983,-0.18317,9.994781,120.0874,0.33577,0,False,False
203.8292,-0.103625,1.454538,-0.118794,43.00766,123.8295,357.0387,0,0,0,0,0,0,0.033263,1.066872,-0.183332,10.06281,120.1399,0.338275,0,False,False
203.8403,-0.103877,1.454541,-0.118774,43.00714,123.9043,357.0633,0,0,0,0,0,0,0.033043,1.066717,-0.183238,10.17954,120.118,0.395475,0,False,False
203.8514,-0.104118,1.45451,-0.118791,42.99401,123.9822,357.0921,0,0,0,0,0,0,0.03282,1.066435,-0.183166,10.26879,120.1355,0.43209,0,False,False
203.8626,-0.104367,1.454481,-0.118831,42.9748,124.0676,357.1279,0,0,0,0,0,0,0.032562,1.066451,-0.183134,10.29399,120.1714,0.360735,0,False,False
203.8737,-0.104623,1.454464,-0.11886,42.9725,124.1605,357.1439,0,0,0,0,0,0,0.032341,1.066236,-0.183031,10.36445,120.1892,0.306486,0,False,False
203.8846,-0.104893,1.454412,-0.118915,42.97044,124.2597,357.151,0,0,0,0,0,0,0.032189,1.066105,-0.182878,10.43082,120.1595,0.225296,0,False,False
203.8958,-0.105169,1.454364,-0.118954,42.98425,124.3428,357.1465,0,0,0,0,0,0,0.032067,1.066082,-0.182719,10.48889,120.1233,0.161545,0,False,False
203.9068,-0.105428,1.454304,-0.118949,42.98227,124.4232,357.1128,0,0,0,0,0,0,0.031898,1.066056,-0.182576,10.51714,120.1096,0.142265,0,False,False
203.918,-0.105706,1.454272,-0.119009,42.98907,124.4792,357.0852,0,0,0,0,0,0,0.031824,1.066033,-0.182431,10.51856,120.1064,0.165609,0,False,False
203.929,-0.106,1.454225,-0.119044,42.98159,124.518,357.0544,0,0,0,0,0,0,0.031692,1.066042,-0.182161,10.51633,120.0976,0.172683,0,False,False
203.9402,-0.106293,1.454214,-0.119083,42.98008,124.5572,357.01,0,0,0,0,0,0,0.03162,1.066098,-0.18215,10.47711,120.1031,0.168374,0,False,False
203.9513,-0.106552,1.454206,-0.119145,42.97577,124.5802,356.9764,0,0,0,0,0,0,0.031519,1.066105,-0.182018,10.45773,120.1075,0.151889,0,False,False
203.9624,-0.106821,1.454189,-0.119216,42.95367,124.6032,356.9103,0,0,0,0,0,0,0.031464,1.066177,-0.18186,10.42167,120.1389,0.121868,0,False,False
203.9736,-0.107054,1.454197,-0.119292,42.92923,124.6285,356.8339,0,0,0,0,0,0,0.03142,1.066234,-0.181789,10.42185,120.1448,0.079976,0,False,False
203.9849,-0.107263,1.454206,-0.11936,42.90411,124.6605,356.766,0,0,0,0,0,0,0.031312,1.066329,-0.181601,10.42892,120.1437,0.05372,0,False,False
203.9957,-0.107505,1.454217,-0.119463,42.8763,124.6977,356.7108,0,0,0,0,0,0,0.03118,1.066316,-0.181531,10.44098,120.1362,0.073328,0,False,False
204.0068,-0.107725,1.454201,-0.119564,42.85294,124.7481,356.65,0,0,0,0,0,0,0.031137,1.066322,-0.181434,10.4633,120.1281,0.088766,0,False,False
204.0179,-0.107922,1.454225,-0.119602,42.83659,124.7957,356.5914,0,0,0,0,0,0,0.03113,1.066373,-0.181312,10.46774,120.1168,0.099171,0,False,False
204.0299,-0.108127,1.454244,-0.119686,42.82875,124.8441,356.547,0,0,0,0,0,0,0.031071,1.066352,-0.181201,10.49725,120.1004,0.09917,0,False,False
204.0401,-0.108319,1.45426,-0.119762,42.81433,124.918,356.5217,0,0,0,0,0,0,0.030915,1.066397,-0.181104,10.50705,120.0966,0.083553,0,False,False
204.0512,-0.108525,1.454316,-0.119811,42.80072,124.9877,356.4905,0,0,0,0,0,0,0.030801,1.066456,-0.181058,10.51878,120.0982,0.062509,0,False,False
204.0625,-0.10869,1.454349,-0.119875,42.7925,125.0649,356.4815,0,0,0,0,0,0,0.030694,1.066478,-0.181021,10.54436,120.0983,0.027945,0,False,False
204.0735,-0.108919,1.454403,-0.119947,42.77866,125.1325,356.4493,0,0,0,0,0,0,0.030515,1.066528,-0.181016,10.54966,120.112,359.9677,0,False,False
204.0846,-0.109054,1.454444,-0.120021,42.76586,125.1971,356.4513,0,0,0,0,0,0,0.030216,1.066588,-0.181085,10.55655,120.1539,359.8922,0,False,False
204.0958,-0.109248,1.454486,-0.120161,42.74969,125.2563,356.4336,0,0,0,0,0,0,0.029948,1.066676,-0.181216,10.54884,120.1975,359.8604,0,False,False
204.1068,-0.109407,1.45448,-0.120269,42.74413,125.3103,356.4365,0,0,0,0,0,0,0.029721,1.066757,-0.181368,10.5359,120.2687,359.8806,0,False,False
204.1179,-0.109513,1.454416,-0.120317,42.74065,125.3521,356.4275,0,0,0,0,0,0,0.02951,1.066801,-0.18151,10.53613,120.3232,359.9009,0,False,False
204.1291,-0.10963,1.454391,-0.120358,42.74504,125.4029,356.4239,0,0,0,0,0,0,0.029297,1.066827,-0.181707,10.54342,120.3958,359.9351,0,False,False
204.1403,-0.10973,1.454357,-0.120378,42.7714,125.4428,356.4263,0,0,0,0,0,0,0.029105,1.066855,-0.181739,10.56221,120.4636,359.9068,0,False,False
204.1512,-0.109844,1.454264,-0.120425,42.78593,125.4804,356.4243,0,0,0,0,0,0,0.028915,1.066814,-0.181788,10.59779,120.4887,359.8576,0,False,False
204.1624,-0.109907,1.454203,-0.12045,42.80015,125.5101,356.4268,0,0,0,0,0,0,0.028748,1.066742,-0.181908,10.67455,120.5134,359.7679,0,False,False
204.1735,-0.109991,1.454131,-0.120451,42.82038,125.5397,356.423,0,0,0,0,0,0,0.028561,1.066688,-0.181994,10.72558,120.5461,359.6865,0,False,False
204.1846,-0.110044,1.454098,-0.120492,42.84971,125.5631,356.4261,0,0,0,0,0,0,0.028399,1.066673,-0.182112,10.77611,120.5866,359.6054,0,False,False
204.1956,-0.110082,1.454001,-0.120471,42.86749,125.5773,356.4164,0,0,0,0,0,0,0.02813,1.066712,-0.182158,10.78264,120.637,359.532,0,False,False
204.2067,-0.110118,1.453925,-0.120539,42.90607,125.5816,356.4041,0,0,0,0,0,0,0.027952,1.066719,-0.182272,10.79062,120.697,359.4916,0,False,False
204.2178,-0.110141,1.453829,-0.120542,42.94299,125.584,356.3883,0,0,0,0,0,0,0.027821,1.066759,-0.182421,10.79534,120.7251,359.4768,0,False,False
204.229,-0.110156,1.453675,-0.120595,43.00345,125.5952,356.3967,0,0,0,0,0,0,0.027557,1.06669,-0.182586,10.81356,120.7717,359.4376,0,False,False
204.24,-0.110149,1.453576,-0.120602,43.05332,125.593,356.3939,0,0,0,0,0,0,0.027388,1.06669,-0.182697,10.8323,120.8042,359.3734,0,False,False
204.2513,-0.110113,1.453467,-0.120653,43.08871,125.5844,356.3909,0,0,0,0,0,0,0.02716,1.06672,-0.182707,10.86995,120.8835,359.2885,0,False,False
204.2624,-0.110097,1.453342,-0.120743,43.12022,125.5713,356.3751,0,0,0,0,0,0,0.026919,1.06672,-0.182851,10.91824,120.9642,359.2037,0,False,False
204.2733,-0.110017,1.453276,-0.120819,43.13956,125.55,356.3612,0,0,0,0,0,0,0.026491,1.066581,-0.183034,10.96678,121.0952,359.1448,0,False,False
204.2845,-0.109937,1.453166,-0.120877,43.16416,125.5303,356.334,0,0,0,0,0,0,0.026198,1.066552,-0.183187,11.00918,121.1977,359.1036,0,False,False
204.2955,-0.109843,1.453099,-0.120946,43.18409,125.5067,356.2931,0,0,0,0,0,0,0.025961,1.066511,-0.183174,11.04543,121.2402,359.1581,0,False,False
204.3067,-0.109749,1.453009,-0.121035,43.20221,125.4832,356.2424,0,0,0,0,0,0,0.025731,1.066409,-0.183054,11.10077,121.2486,359.1823,0,False,False
204.3178,-0.109648,1.452993,-0.121142,43.23343,125.4627,356.2073,0,0,0,0,0,0,0.02557,1.066185,-0.182798,11.21398,121.1568,359.2106,0,False,False
204.3289,-0.109563,1.452947,-0.121223,43.25911,125.4366,356.1616,0,0,0,0,0,0,0.025317,1.065795,-0.182584,11.4011,121.0688,359.1932,0,False,False
204.3401,-0.109486,1.452838,-0.121339,43.2922,125.4171,356.1363,0,0,0,0,0,0,0.025022,1.065282,-0.182437,11.6379,121.0128,359.0859,0,False,False
204.3512,-0.109396,1.452796,-0.12144,43.31777,125.4281,356.1482,0,0,0,0,0,0,0.024721,1.064445,-0.182195,12.03425,120.94,358.8835,0,False,False
204.3623,-0.109322,1.452736,-0.121626,43.33763,125.4195,356.1363,0,0,0,0,0,0,0.024401,1.063486,-0.181927,12.46483,120.8047,358.7099,0,False,False
204.3734,-0.109261,1.452673,-0.121834,43.36947,125.4252,356.1329,0,0,0,0,0,0,0.024123,1.062135,-0.181514,12.97416,120.6374,358.5709,0,False,False
204.3846,-0.109123,1.452608,-0.121971,43.3925,125.4403,356.12,0,0,0,0,0,0,0.023844,1.060546,-0.181068,13.50076,120.4202,358.5057,0,False,False
204.3955,-0.109045,1.45253,-0.122165,43.42324,125.4668,356.1205,0,0,0,0,0,0,0.023636,1.058985,-0.180525,14.0415,120.1911,358.4246,0,False,False
204.4067,-0.10891,1.452486,-0.122357,43.44255,125.484,356.1158,0,0,0,0,0,0,0.023481,1.056903,-0.179922,14.75931,119.9237,358.192,0,False,False
204.4177,-0.108789,1.452433,-0.122595,43.46252,125.5088,356.1202,0,0,0,0,0,0,0.023191,1.054391,-0.179291,15.60506,119.6839,357.9317,0,False,False
204.4288,-0.10863,1.45235,-0.122813,43.47234,125.5331,356.1112,0,0,0,0,0,0,0.022837,1.051554,-0.178689,16.49751,119.4773,357.6641,0,False,False
204.4404,-0.108486,1.452261,-0.123052,43.50269,125.5254,356.0946,0,0,0,0,0,0,0.022363,1.048359,-0.177966,17.50343,119.289,357.2932,0,False,False
204.4511,-0.10833,1.452174,-0.123282,43.53341,125.5406,356.0874,0,0,0,0,0,0,0.021884,1.045018,-0.177179,18.51754,119.099,356.8174,0,False,False
204.4623,-0.10816,1.45208,-0.123513,43.57219,125.5486,356.0814,0,0,0,0,0,0,0.021333,1.041352,-0.176277,19.61516,118.8576,356.2511,0,False,False
204.4733,-0.107967,1.451972,-0.123743,43.60064,125.5593,356.0681,0,0,0,0,0,0,0.020803,1.037882,-0.175397,20.64665,118.6263,355.688,0,False,False
204.4844,-0.10773,1.451862,-0.124032,43.63929,125.5444,356.0412,0,0,0,0,0,0,0.020064,1.034201,-0.174348,21.75048,118.3637,355.037,0,False,False
204.4957,-0.107514,1.451737,-0.124277,43.66945,125.5284,356.004,0,0,0,0,0,0,0.019238,1.030731,-0.173249,22.79077,118.0823,354.4427,0,False,False
204.5066,-0.107229,1.45161,-0.124592,43.69836,125.5186,355.9683,0,0,0,0,0,0,0.018358,1.027295,-0.172107,23.74318,117.8271,353.8407,0,False,False
204.5178,-0.106892,1.451463,-0.124917,43.74534,125.495,355.9168,0,0,0,0,0,0,0.017575,1.023957,-0.171279,24.66838,117.5899,353.2089,0,False,False
204.5288,-0.106512,1.451296,-0.125287,43.79932,125.4676,355.867,0,0,0,0,0,0,0.016597,1.02091,-0.170338,25.46699,117.4427,352.6171,0,False,False
204.5399,-0.106167,1.45112,-0.125624,43.8585,125.4488,355.8231,0,0,0,0,0,0,0.015858,1.017691,-0.169532,26.2941,117.2177,352.1562,0,False,False
204.5511,-0.105844,1.45091,-0.12604,43.9326,125.4024,355.7672,0,0,0,0,0,0,0.014776,1.014622,-0.168529,27.06722,116.9933,351.9237,0,False,False
204.5622,-0.105447,1.450694,-0.126414,44.03194,125.3913,355.7478,0,0,0,0,0,0,0.013739,1.011933,-0.167698,27.77918,116.8712,351.7094,0,False,False
204.5733,-0.105067,1.450449,-0.126831,44.13556,125.3647,355.712,0,0,0,0,0,0,0.012793,1.008984,-0.167043,28.54868,116.7373,351.2932,0,False,False
204.5843,-0.104674,1.450192,-0.127228,44.2312,125.3447,355.6761,0,0,0,0,0,0,0.011703,1.006496,-0.166467,29.18719,116.7168,350.9662,0,False,False
204.5956,-0.104221,1.449927,-0.12765,44.35225,125.326,355.6486,0,0,0,0,0,0,0.010577,1.003846,-0.165898,29.81094,116.6534,350.6639,0,False,False
204.6066,-0.103787,1.449627,-0.128094,44.46238,125.3061,355.5808,0,0,0,0,0,0,0.009492,1.001776,-0.165461,30.34743,116.6693,350.4762,0,False,False
204.6177,-0.103297,1.44932,-0.128543,44.56301,125.31,355.5444,0,0,0,0,0,0,0.008371,0.999743,-0.165101,30.87462,116.713,350.3408,0,False,False
204.6288,-0.102786,1.449053,-0.129017,44.67476,125.3288,355.5089,0,0,0,0,0,0,0.007383,0.998035,-0.164951,31.27995,116.8332,350.2424,0,False,False
204.6399,-0.102263,1.448761,-0.129487,44.78888,125.3405,355.4669,0,0,0,0,0,0,0.00646,0.996589,-0.164972,31.56965,117.0406,350.1168,0,False,False
204.6509,-0.101712,1.448424,-0.129959,44.90451,125.3506,355.4266,0,0,0,0,0,0,0.005477,0.994997,-0.164923,31.86414,117.187,349.9841,0,False,False
204.662,-0.101176,1.448097,-0.13043,45.04428,125.3381,355.3768,0,0,0,0,0,0,0.004889,0.994269,-0.164939,31.93633,117.2973,349.9537,0,False,False
204.6733,-0.10059,1.447733,-0.130905,45.17895,125.3321,355.3297,0,0,0,0,0,0,0.004206,0.993263,-0.16487,32.11516,117.3874,349.8292,0,False,False
204.6844,-0.099997,1.447361,-0.131401,45.31697,125.334,355.2993,0,0,0,0,0,0,0.003679,0.992641,-0.164911,32.24266,117.4829,349.6584,0,False,False
204.6955,-0.099422,1.446972,-0.131923,45.45217,125.3508,355.2628,0,0,0,0,0,0,0.003235,0.992127,-0.165004,32.30973,117.5893,349.5734,0,False,False
204.7067,-0.098805,1.446543,-0.132376,45.60303,125.361,355.2213,0,0,0,0,0,0,0.002666,0.991523,-0.165155,32.36916,117.6822,349.5999,0,False,False
204.7178,-0.0982,1.446128,-0.132854,45.75162,125.3998,355.2081,0,0,0,0,0,0,0.002355,0.991519,-0.165324,32.32547,117.7847,349.8212,0,False,False
204.7289,-0.0976,1.445652,-0.133245,45.8945,125.4086,355.1644,0,0,0,0,0,0,0.001722,0.991404,-0.165599,32.30283,118.0097,350.0639,0,False,False
204.7401,-0.096961,1.445218,-0.133645,46.05644,125.4138,355.1347,0,0,0,0,0,0,0.001144,0.991203,-0.165981,32.309,118.31,350.2171,0,False,False
204.751,-0.09634,1.444737,-0.134048,46.2084,125.4122,355.0937,0,0,0,0,0,0,0.000479,0.990895,-0.166116,32.33149,118.5483,350.3617,0,False,False
204.7621,-0.095712,1.444271,-0.134479,46.39009,125.4221,355.0981,0,0,0,0,0,0,-0.000033,0.990495,-0.166203,32.4075,118.759,350.5688,0,False,False
204.7733,-0.095103,1.443854,-0.134933,46.56587,125.4155,355.0848,0,0,0,0,0,0,-0.000771,0.989933,-0.166011,32.51355,118.8648,350.6431,0,False,False
204.7843,-0.094436,1.443434,-0.135398,46.73779,125.4102,355.0922,0,0,0,0,0,0,-0.001443,0.989288,-0.165857,32.6717,118.9199,350.5254,0,False,False
204.7954,-0.093784,1.443059,-0.135836,46.88133,125.4004,355.0774,0,0,0,0,0,0,-0.0021,0.988564,-0.165586,32.85402,118.9166,350.3409,0,False,False
204.8065,-0.093063,1.442691,-0.136343,47.02074,125.4146,355.0696,0,0,0,0,0,0,-0.002778,0.98781,-0.165168,33.05102,118.9043,350.1692,0,False,False
204.8176,-0.092335,1.442316,-0.136867,47.13663,125.4019,355.0185,0,0,0,0,0,0,-0.003555,0.986926,-0.164607,33.31881,118.823,349.9439,0,False,False
204.8287,-0.091569,1.441921,-0.137462,47.2564,125.4158,354.9924,0,0,0,0,0,0,-0.004353,0.985862,-0.164051,33.60538,118.7684,349.7846,0,False,False
204.8399,-0.090794,1.44147,-0.138033,47.35557,125.4356,354.9702,0,0,0,0,0,0,-0.005279,0.984907,-0.163438,33.8756,118.7353,349.7437,0,False,False
204.851,-0.09005,1.441035,-0.138632,47.47881,125.444,354.9693,0,0,0,0,0,0,-0.006123,0.983931,-0.162851,34.11623,118.7123,349.7666,0,False,False
204.862,-0.089315,1.440505,-0.13922,47.61272,125.4408,354.9454,0,0,0,0,0,0,-0.006909,0.983096,-0.162258,34.30598,118.6982,349.8848,0,False,False
204.8731,-0.088645,1.439923,-0.139774,47.75991,125.4358,354.9431,0,0,0,0,0,0,-0.007785,0.982209,-0.161718,34.50156,118.7493,350.0087,0,False,False
204.8843,-0.088048,1.439273,-0.140304,47.93755,125.4288,354.9176,0,0,0,0,0,0,-0.008651,0.981361,-0.16128,34.68256,118.7965,350.1329,0,False,False
204.8955,-0.087461,1.438596,-0.14083,48.13908,125.4445,354.8988,0,0,0,0,0,0,-0.009506,0.98059,-0.160832,34.88105,118.8007,350.1348,0,False,False
204.9065,-0.086941,1.437932,-0.141373,48.34263,125.4394,354.8384,0,0,0,0,0,0,-0.010366,0.979777,-0.160379,35.086,118.82,350.1026,0,False,False
204.9176,-0.086374,1.437211,-0.141887,48.57104,125.4727,354.7932,0,0,0,0,0,0,-0.011154,0.979051,-0.159805,35.28188,118.8156,350.0426,0,False,False
204.9286,-0.085854,1.436526,-0.142435,48.78129,125.5079,354.7446,0,0,0,0,0,0,-0.011972,0.97835,-0.159332,35.43907,118.8283,350.0526,0,False,False
204.9398,-0.085339,1.435752,-0.142999,48.97704,125.5335,354.6894,0,0,0,0,0,0,-0.012718,0.977847,-0.158764,35.57201,118.8251,350.1091,0,False,False
204.9509,-0.084815,1.435003,-0.143529,49.19036,125.5893,354.666,0,0,0,0,0,0,-0.01356,0.977239,-0.158338,35.73593,118.8321,350.1354,0,False,False
204.9621,-0.084363,1.434203,-0.143984,49.41222,125.6287,354.6211,0,0,0,0,0,0,-0.014356,0.97672,-0.157883,35.8748,118.8302,350.1553,0,False,False
204.9732,-0.083957,1.433396,-0.144423,49.6366,125.6904,354.61,0,0,0,0,0,0,-0.015161,0.976252,-0.157492,35.97267,118.8159,350.1452,0,False,False
204.9842,-0.083597,1.432583,-0.144821,49.87986,125.7361,354.5791,0,0,0,0,0,0,-0.015939,0.975802,-0.157081,36.0743,118.8226,350.1276,0,False,False
204.9954,-0.083284,1.43169,-0.145187,50.11818,125.8113,354.5899,0,0,0,0,0,0,-0.016855,0.975448,-0.156786,36.14428,118.8721,350.1135,0,False,False
205.0064,-0.083079,1.430834,-0.14558,50.3644,125.8804,354.5806,0,0,0,0,0,0,-0.017629,0.975034,-0.156464,36.20874,118.927,350.1503,0,False,False
205.0175,-0.082902,1.429968,-0.145815,50.60541,125.9531,354.5855,0,0,0,0,0,0,-0.018371,0.974716,-0.156131,36.25735,118.951,350.2496,0,False,False
205.0288,-0.082733,1.429172,-0.146039,50.86402,126.0324,354.5967,0,0,0,0,0,0,-0.019051,0.974375,-0.155691,36.29832,118.9689,350.3242,0,False,False
205.0398,-0.082656,1.428359,-0.146186,51.10075,126.1151,354.6313,0,0,0,0,0,0,-0.019808,0.974048,-0.155395,36.34624,119.0102,350.33,0,False,False
205.0508,-0.082587,1.42757,-0.146346,51.33721,126.1931,354.6613,0,0,0,0,0,0,-0.020554,0.973723,-0.15513,36.37694,119.075,350.2991,0,False,False
205.0619,-0.082537,1.426862,-0.146446,51.56791,126.2763,354.7308,0,0,0,0,0,0,-0.021249,0.973549,-0.154909,36.39347,119.1198,350.2898,0,False,False
205.0732,-0.082551,1.426208,-0.146541,51.79221,126.3531,354.8151,0,0,0,0,0,0,-0.021886,0.973314,-0.154721,36.40645,119.1612,350.2982,0,False,False
205.0842,-0.082595,1.425524,-0.146565,51.9871,126.4146,354.8577,0,0,0,0,0,0,-0.022681,0.973109,-0.154479,36.41764,119.1618,350.2086,0,False,False
205.0953,-0.082661,1.424897,-0.146505,52.18798,126.4518,354.9112,0,0,0,0,0,0,-0.023248,0.972993,-0.154194,36.37932,119.1383,349.8981,0,False,False
205.1066,-0.082768,1.424297,-0.146415,52.36354,126.4984,354.9455,0,0,0,0,0,0,-0.023731,0.97303,-0.153926,36.27364,119.0366,349.4037,0,False,False
205.1175,-0.082953,1.423776,-0.146263,52.54003,126.5271,354.9642,0,0,0,0,0,0,-0.024009,0.973182,-0.153755,36.1,118.9238,348.7361,0,False,False
205.1286,-0.083178,1.423272,-0.146097,52.72675,126.5739,354.9901,0,0,0,0,0,0,-0.024354,0.973303,-0.153673,35.89185,118.8157,347.9035,0,False,False
205.1398,-0.08344,1.42288,-0.145817,52.89987,126.6177,355.0264,0,0,0,0,0,0,-0.024726,0.973501,-0.153568,35.70535,118.7149,347.264,0,False,False
205.1508,-0.083775,1.422522,-0.145556,53.03595,126.6476,355.057,0,0,0,0,0,0,-0.025229,0.973596,-0.153525,35.60085,118.667,346.9166,0,False,False
205.162,-0.084068,1.422192,-0.145294,53.17139,126.6805,355.0989,0,0,0,0,0,0,-0.025735,0.973762,-0.153478,35.57329,118.7478,346.9934,0,False,False
205.173,-0.084411,1.421981,-0.144964,53.25697,126.7026,355.1392,0,0,0,0,0,0,-0.026294,0.973775,-0.153534,35.58123,118.9259,347.3546,0,False,False
205.1845,-0.084714,1.421809,-0.14467,53.32024,126.7141,355.1729,0,0,0,0,0,0,-0.026898,0.973951,-0.153695,35.53993,119.1991,347.7341,0,False,False
205.1953,-0.08504,1.421755,-0.144379,53.33361,126.6809,355.1749,0,0,0,0,0,0,-0.027508,0.974125,-0.153945,35.4698,119.4468,347.9318,0,False,False
205.2065,-0.085319,1.421717,-0.144026,53.36487,126.6785,355.1749,0,0,0,0,0,0,-0.028028,0.974442,-0.154273,35.301,119.7105,348.1205,0,False,False
205.2175,-0.085638,1.421762,-0.143666,53.34535,126.6736,355.1721,0,0,0,0,0,0,-0.028489,0.974785,-0.154421,35.14996,119.9125,348.2296,0,False,False
205.2286,-0.085947,1.421812,-0.143321,53.32383,126.6905,355.1895,0,0,0,0,0,0,-0.028968,0.975167,-0.154528,34.97945,120.0528,348.2605,0,False,False
205.2397,-0.086286,1.421902,-0.142936,53.27719,126.708,355.1878,0,0,0,0,0,0,-0.029451,0.975455,-0.154589,34.86741,120.1575,348.2834,0,False,False
205.2508,-0.086694,1.422049,-0.142597,53.20245,126.7028,355.1841,0,0,0,0,0,0,-0.029894,0.975697,-0.154533,34.80065,120.1856,348.2413,0,False,False
205.2619,-0.087039,1.422168,-0.142239,53.13768,126.736,355.2031,0,0,0,0,0,0,-0.030415,0.975888,-0.154418,34.76275,120.2184,348.1941,0,False,False
205.273,-0.087367,1.422321,-0.141868,53.06852,126.7695,355.232,0,0,0,0,0,0,-0.030828,0.975978,-0.154402,34.7313,120.2504,348.2547,0,False,False
205.284,-0.087682,1.422477,-0.141492,52.99312,126.787,355.2582,0,0,0,0,0,0,-0.031203,0.976046,-0.154239,34.72295,120.2569,348.3776,0,False,False
205.2952,-0.087983,1.422644,-0.141118,52.90348,126.8321,355.3171,0,0,0,0,0,0,-0.031621,0.976114,-0.154202,34.71038,120.2857,348.4188,0,False,False
205.3063,-0.088266,1.422875,-0.140824,52.77391,126.8727,355.3868,0,0,0,0,0,0,-0.031915,0.976038,-0.154112,34.74262,120.3026,348.4028,0,False,False
205.3173,-0.088475,1.423144,-0.140499,52.64553,126.8958,355.4296,0,0,0,0,0,0,-0.032347,0.975981,-0.154023,34.83307,120.3363,348.3999,0,False,False
205.3285,-0.08865,1.42337,-0.140213,52.48945,126.8801,355.4279,0,0,0,0,0,0,-0.032715,0.975768,-0.153855,34.96006,120.3042,348.4448,0,False,False
205.3397,-0.088805,1.423618,-0.139855,52.34075,126.8282,355.4093,0,0,0,0,0,0,-0.033084,0.975434,-0.153502,35.13109,120.2135,348.4368,0,False,False
205.3508,-0.088951,1.423843,-0.13946,52.20478,126.7758,355.3606,0,0,0,0,0,0,-0.033365,0.975154,-0.153053,35.2822,120.0899,348.4528,0,False,False
205.3618,-0.089036,1.424019,-0.139028,52.11355,126.7312,355.2952,0,0,0,0,0,0,-0.033516,0.974883,-0.152444,35.4466,119.8374,348.5203,0,False,False
205.3729,-0.089191,1.424177,-0.138584,52.02001,126.6912,355.238,0,0,0,0,0,0,-0.033599,0.974814,-0.151768,35.56886,119.6336,348.5322,0,False,False
205.3841,-0.089339,1.424315,-0.138112,51.96167,126.666,355.2139,0,0,0,0,0,0,-0.033796,0.974737,-0.151156,35.6461,119.4307,348.3863,0,False,False
205.3953,-0.089476,1.424428,-0.137643,51.917,126.6393,355.1919,0,0,0,0,0,0,-0.034052,0.974809,-0.150698,35.68283,119.3097,348.1623,0,False,False
205.4063,-0.089607,1.424535,-0.137222,51.88814,126.6043,355.1902,0,0,0,0,0,0,-0.034359,0.975087,-0.150282,35.67402,119.2846,348.1007,0,False,False
205.4174,-0.089699,1.424598,-0.136741,51.84865,126.5904,355.2146,0,0,0,0,0,0,-0.034621,0.975196,-0.149954,35.67443,119.2554,348.2258,0,False,False
205.4286,-0.089829,1.424649,-0.136288,51.83356,126.5646,355.2443,0,0,0,0,0,0,-0.034917,0.975279,-0.149623,35.69127,119.2415,348.3917,0,False,False
205.4396,-0.089971,1.4247,-0.135781,51.82712,126.562,355.2787,0,0,0,0,0,0,-0.035131,0.975299,-0.1493,35.73006,119.178,348.4559,0,False,False
205.4508,-0.090132,1.424779,-0.135292,51.84629,126.5859,355.331,0,0,0,0,0,0,-0.035336,0.975329,-0.14893,35.78035,119.0926,348.4861,0,False,False
205.4618,-0.090288,1.424754,-0.134808,51.8553,126.6071,355.3894,0,0,0,0,0,0,-0.035554,0.975348,-0.148556,35.84084,118.983,348.4259,0,False,False
205.473,-0.090454,1.424767,-0.134352,51.86932,126.6373,355.4559,0,0,0,0,0,0,-0.035669,0.975341,-0.148193,35.87928,118.8817,348.3551,0,False,False
205.4841,-0.090612,1.424763,-0.13389,51.87086,126.6773,355.5238,0,0,0,0,0,0,-0.035622,0.975467,-0.14783,35.86734,118.8298,348.2835,0,False,False
205.4952,-0.090772,1.424766,-0.133412,51.88401,126.7467,355.6075,0,0,0,0,0,0,-0.035733,0.97554,-0.147546,35.82143,118.7827,348.2313,0,False,False
205.5063,-0.09093,1.424763,-0.132981,51.88761,126.8331,355.718,0,0,0,0,0,0,-0.035776,0.975695,-0.14743,35.76072,118.7901,348.1575,0,False,False
205.5182,-0.091043,1.424751,-0.132447,51.9063,126.9243,355.8167,0,0,0,0,0,0,-0.035855,0.975826,-0.147364,35.71104,118.8222,348.1273,0,False,False
205.5284,-0.091229,1.424769,-0.132043,51.9187,127.0132,355.9192,0,0,0,0,0,0,-0.035803,0.976053,-0.147376,35.62726,118.908,348.2437,0,False,False
205.5396,-0.09136,1.424822,-0.13159,51.93104,127.0676,356.0026,0,0,0,0,0,0,-0.035865,0.976311,-0.147202,35.55648,118.9125,348.2951,0,False,False
205.5507,-0.091601,1.424884,-0.131198,51.9109,127.1037,356.0694,0,0,0,0,0,0,-0.035884,0.976614,-0.146995,35.44881,118.8925,348.3831,0,False,False
205.5619,-0.091729,1.424967,-0.130775,51.8916,127.1407,356.1277,0,0,0,0,0,0,-0.035805,0.976899,-0.146875,35.34482,118.8813,348.4193,0,False,False
205.5729,-0.091843,1.425031,-0.130402,51.86921,127.186,356.1941,0,0,0,0,0,0,-0.035707,0.977107,-0.14681,35.26199,118.8806,348.3898,0,False,False
205.584,-0.091961,1.425135,-0.130025,51.83583,127.2085,356.2441,0,0,0,0,0,0,-0.035675,0.977285,-0.146715,35.19189,118.9016,348.3993,0,False,False
205.5952,-0.092073,1.425283,-0.129716,51.81111,127.2483,356.2751,0,0,0,0,0,0,-0.035563,0.977507,-0.14666,35.13945,118.9607,348.4125,0,False,False
205.6062,-0.092197,1.425378,-0.129352,51.78083,127.2799,356.3042,0,0,0,0,0,0,-0.035535,0.977663,-0.146621,35.0941,119.0252,348.4258,0,False,False
205.6174,-0.092281,1.4255,-0.128975,51.74533,127.2855,356.3184,0,0,0,0,0,0,-0.035561,0.977693,-0.146465,35.04543,119.0765,348.3277,0,False,False
205.6283,-0.092303,1.425641,-0.128567,51.71358,127.2827,356.325,0,0,0,0,0,0,-0.035509,0.977855,-0.146348,34.99224,119.0807,348.181,0,False,False
205.6397,-0.092358,1.425734,-0.128193,51.67305,127.2385,356.2924,0,0,0,0,0,0,-0.035301,0.977949,-0.145883,34.96281,119.0105,347.9072,0,False,False
205.6507,-0.092386,1.425855,-0.12784,51.62783,127.2058,356.2656,0,0,0,0,0,0,-0.035277,0.978016,-0.145821,34.93999,118.9674,347.7312,0,False,False
205.6616,-0.092406,1.425905,-0.127455,51.58123,127.1847,356.2533,0,0,0,0,0,0,-0.035167,0.978081,-0.145545,34.90639,118.9013,347.5819,0,False,False
205.6736,-0.092408,1.425994,-0.127131,51.54097,127.1426,356.2154,0,0,0,0,0,0,-0.035244,0.978058,-0.145373,34.89051,118.9036,347.5071,0,False,False
205.6839,-0.092426,1.426057,-0.126754,51.50563,127.1177,356.1883,0,0,0,0,0,0,-0.035245,0.978081,-0.145204,34.89339,118.9471,347.4793,0,False,False
205.6952,-0.0924,1.426129,-0.126447,51.47511,127.0888,356.1621,0,0,0,0,0,0,-0.035285,0.978127,-0.145044,34.87941,119.0285,347.4955,0,False,False
205.7062,-0.092338,1.426147,-0.126094,51.44051,127.0501,356.1174,0,0,0,0,0,0,-0.03525,0.978197,-0.1447,34.85011,119.0646,347.5971,0,False,False
205.7172,-0.092292,1.426152,-0.125774,51.43036,127.047,356.1166,0,0,0,0,0,0,-0.035212,0.978242,-0.144314,34.84087,119.0267,347.6858,0,False,False
205.7283,-0.0923,1.426138,-0.125543,51.41204,127.0194,356.0873,0,0,0,0,0,0,-0.035191,0.978292,-0.143791,34.84384,118.9522,347.7171,0,False,False
205.7396,-0.092278,1.426147,-0.125296,51.41621,127.0232,356.0916,0,0,0,0,0,0,-0.035133,0.978195,-0.143326,34.91433,118.8508,347.6891,0,False,False
205.7506,-0.092196,1.426122,-0.125046,51.41342,127.0322,356.0993,0,0,0,0,0,0,-0.03513,0.978062,-0.142919,34.9812,118.7959,347.6693,0,False,False
205.7617,-0.092122,1.42605,-0.124819,51.39852,127.0506,356.1097,0,0,0,0,0,0,-0.035164,0.977861,-0.142535,35.04524,118.7748,347.614,0,False,False
205.7735,-0.092028,1.425982,-0.124568,51.40697,127.0469,356.1163,0,0,0,0,0,0,-0.035264,0.977737,-0.142245,35.07855,118.8362,347.6233,0,False,False
205.7839,-0.091924,1.425915,-0.124273,51.41774,127.05,356.1129,0,0,0,0,0,0,-0.035359,0.977676,-0.141995,35.12191,118.8755,347.7464,0,False,False
205.7952,-0.091811,1.425832,-0.124019,51.46854,127.0602,356.1364,0,0,0,0,0,0,-0.03557,0.977559,-0.141793,35.15186,118.9838,347.9232,0.062745,False,False
205.8062,-0.091695,1.425697,-0.123738,51.51487,127.0553,356.1568,0,0,0,0,0,0,-0.03561,0.977335,-0.141626,35.2324,119.0013,348.1292,0.109804,False,False
205.8175,-0.091518,1.425595,-0.123494,51.56014,127.0422,356.1752,0,0,0,0,0,0,-0.035808,0.977124,-0.141487,35.30733,119.0629,348.2461,0.235294,False,False
205.8283,-0.091311,1.425444,-0.12327,51.59273,127.0006,356.1828,0,0,0,0,0,0,-0.03592,0.976999,-0.141333,35.36983,119.1207,348.2666,0.317647,False,True
205.8395,-0.091097,1.425348,-0.123059,51.62729,126.9342,356.1758,0,0,0,0,0,0,-0.036177,0.976723,-0.141384,35.41143,119.2429,348.2834,0.372549,False,True
205.8505,-0.090862,1.425199,-0.122856,51.65978,126.8562,356.1383,0,0,0,0,0,0,-0.036127,0.976252,-0.141621,35.47998,119.3768,348.3774,0.372549,False,True
205.8617,-0.090587,1.425053,-0.122646,51.70692,126.7464,356.0926,0,0,0,0,0,0,-0.036624,0.976185,-0.14193,35.45906,119.685,348.4718,0.372549,False,True
205.8739,-0.090339,1.42485,-0.122455,51.76147,126.6605,356.062,0,0,0,0,0,0,-0.03678,0.975993,-0.142521,35.41597,120.0346,348.6638,0.364706,False,True
205.8839,-0.090009,1.424629,-0.122271,51.81392,126.5861,356.0074,0,0,0,0,0,0,-0.037288,0.97606,-0.142593,35.35129,120.2434,348.8741,0.376471,False,True
205.895,-0.089695,1.424337,-0.122067,51.86902,126.4939,355.9493,0,0,0,0,0,0,-0.037394,0.975854,-0.142541,35.32973,120.2929,349.2858,0.388235,False,True
205.9062,-0.08935,1.42405,-0.121922,51.92422,126.4211,355.882,0,0,0,0,0,0,-0.037601,0.975646,-0.14217,35.41591,120.2634,349.4948,0.407843,False,True
205.9172,-0.089048,1.42372,-0.121751,51.98694,126.3645,355.8297,0,0,0,0,0,0,-0.037793,0.975538,-0.141998,35.4572,120.2614,349.4644,0.439216,False,True
205.9282,-0.088791,1.42338,-0.121669,52.05775,126.2815,355.7458,0,0,0,0,0,0,-0.03797,0.975397,-0.141434,35.49115,120.1519,349.1832,0.458824,False,True
205.9395,-0.088488,1.423072,-0.1215,52.14392,126.2507,355.7116,0,0,0,0,0,0,-0.038125,0.975261,-0.141169,35.50446,120.1384,349.1053,0.462745,False,True
205.9505,-0.088236,1.422729,-0.121361,52.24503,126.211,355.6688,0,0,0,0,0,0,-0.038232,0.975096,-0.1409,35.48154,120.1125,348.9686,0.466667,False,True
205.9616,-0.087965,1.422439,-0.121217,52.35347,126.1768,355.6391,0,0,0,0,0,0,-0.038279,0.974926,-0.140695,35.47922,120.1205,348.9014,0.458824,False,True
205.9735,-0.087698,1.422139,-0.121025,52.45681,126.1898,355.6528,0,0,0,0,0,0,-0.038323,0.974698,-0.140449,35.52459,120.1381,348.8678,0.447059,False,True
205.9838,-0.087461,1.421873,-0.120905,52.54217,126.213,355.6674,0,0,0,0,0,0,-0.038298,0.974442,-0.140163,35.60085,120.1747,348.8329,0.427451,False,True
205.995,-0.087199,1.421645,-0.120816,52.62845,126.2523,355.7141,0,0,0,0,0,0,-0.038244,0.974213,-0.139835,35.67506,120.1481,348.7753,0.341177,False,True
206.0061,-0.086942,1.421444,-0.12069,52.68777,126.3294,355.795,0,0,0,0,0,0,-0.038253,0.974036,-0.139468,35.73523,120.0768,348.6451,0.184314,False,False
206.0173,-0.086683,1.421267,-0.120628,52.73781,126.3974,355.8513,0,0,0,0,0,0,-0.038077,0.973883,-0.138928,35.79095,119.9596,348.5982,0.035294,False,False
206.0282,-0.086451,1.421125,-0.120496,52.7771,126.5133,355.9553,0,0,0,0,0,0,-0.037912,0.973578,-0.138677,35.88142,119.8814,348.6166,0,False,False
206.0395,-0.086176,1.420992,-0.120422,52.80523,126.6307,356.0669,0,0,0,0,0,0,-0.037888,0.973474,-0.138272,35.92887,119.8277,348.6107,0,False,False
206.0504,-0.085953,1.420868,-0.120303,52.82217,126.72,356.1521,0,0,0,0,0,0,-0.037873,0.97334,-0.13793,35.95338,119.7566,348.5053,0,False,False
206.0616,-0.085733,1.420736,-0.120202,52.84758,126.7884,356.2206,0,0,0,0,0,0,-0.03795,0.973183,-0.137674,36.06109,119.6259,348.3472,0,False,False
206.0726,-0.085484,1.420638,-0.120099,52.88733,126.851,356.2822,0,0,0,0,0,0,-0.03794,0.972851,-0.137213,36.16428,119.4971,348.1622,0,False,False
206.0838,-0.085224,1.420535,-0.119946,52.91811,126.8957,356.3299,0,0,0,0,0,0,-0.037916,0.972655,-0.136921,36.30182,119.3298,347.8768,0,False,False
206.095,-0.084973,1.420412,-0.119832,52.9353,126.921,356.3599,0,0,0,0,0,0,-0.037995,0.972501,-0.136615,36.42088,119.1572,347.6324,0,False,False
206.106,-0.084683,1.420357,-0.119729,52.95755,126.9582,356.3963,0,0,0,0,0,0,-0.038033,0.972468,-0.136331,36.52377,119.0578,347.4503,0,False,False
206.117,-0.084439,1.420256,-0.119623,52.97228,126.9687,356.394,0,0,0,0,0,0,-0.038236,0.972358,-0.136245,36.56744,119.0742,347.379,0,False,False
206.1283,-0.084203,1.420147,-0.119476,52.9836,126.9852,356.4089,0,0,0,0,0,0,-0.03828,0.972309,-0.136061,36.61816,119.068,347.3454,0,False,False
206.1396,-0.083892,1.420015,-0.119274,53.00663,127.0003,356.4167,0,0,0,0,0,0,-0.038413,0.972193,-0.135963,36.66673,119.1125,347.3929,0,False,False
206.1505,-0.083665,1.419899,-0.119163,53.02332,126.9991,356.4406,0,0,0,0,0,0,-0.038491,0.972073,-0.13577,36.67918,119.1677,347.4689,0,False,False
206.1615,-0.083446,1.419791,-0.118955,53.0486,127.0119,356.4529,0,0,0,0,0,0,-0.03854,0.971993,-0.135627,36.68599,119.185,347.5165,0,False,False
206.1728,-0.083247,1.419678,-0.118849,53.08502,126.9995,356.4809,0,0,0,0,0,0,-0.03854,0.971988,-0.135404,36.63571,119.1599,347.5135,0,False,False
206.1837,-0.083065,1.419549,-0.118673,53.10737,127.017,356.5237,0,0,0,0,0,0,-0.038661,0.972078,-0.135364,36.57054,119.1477,347.3965,0,False,False
206.1949,-0.08294,1.419397,-0.118602,53.14122,127.0212,356.5623,0,0,0,0,0,0,-0.038714,0.972005,-0.135327,36.56341,119.1757,347.2914,0,False,False
206.2059,-0.082799,1.419259,-0.118499,53.17649,127.0272,356.5829,0,0,0,0,0,0,-0.038791,0.971991,-0.135357,36.57138,119.1956,347.2435,0,False,False
206.217,-0.082671,1.419135,-0.118407,53.216,127.0504,356.626,0,0,0,0,0,0,-0.038924,0.971858,-0.135313,36.62737,119.242,347.3068,0,False,False
206.2282,-0.082555,1.419018,-0.118309,53.24691,127.0675,356.6525,0,0,0,0,0,0,-0.039027,0.971728,-0.135201,36.65855,119.2557,347.3452,0,False,False
206.2393,-0.082453,1.418916,-0.118215,53.27512,127.0806,356.6791,0,0,0,0,0,0,-0.039145,0.971573,-0.135108,36.72557,119.2687,347.3867,0,False,False
206.2505,-0.082369,1.418823,-0.118137,53.30059,127.0743,356.6847,0,0,0,0,0,0,-0.039234,0.971439,-0.13503,36.77299,119.2695,347.3754,0,False,False
206.2615,-0.082384,1.418786,-0.11808,53.31668,127.0464,356.6769,0,0,0,0,0,0,-0.039315,0.971358,-0.134951,36.79749,119.259,347.3456,0,False,False
206.2727,-0.082367,1.418733,-0.118067,53.33236,127.0115,356.6516,0,0,0,0,0,0,-0.039371,0.971361,-0.134902,36.80849,119.2525,347.3112,0,False,False
206.2836,-0.082308,1.418698,-0.118036,53.34599,126.99,356.6338,0,0,0,0,0,0,-0.039391,0.971313,-0.134803,36.80785,119.2467,347.2877,0,False,False
206.2949,-0.082302,1.418603,-0.118057,53.34018,126.9522,356.599,0,0,0,0,0,0,-0.03936,0.971394,-0.134752,36.79129,119.2264,347.2856,0,False,False
206.3061,-0.082313,1.418533,-0.117996,53.33837,126.9424,356.5755,0,0,0,0,0,0,-0.039252,0.971335,-0.134659,36.78437,119.2198,347.2255,0,False,False
206.317,-0.082322,1.418467,-0.117961,53.3245,126.9132,356.53,0,0,0,0,0,0,-0.03921,0.971316,-0.134518,36.77433,119.2331,347.1863,0,False,False
206.3281,-0.082425,1.418427,-0.117932,53.31958,126.8935,356.4902,0,0,0,0,0,0,-0.039241,0.971251,-0.134419,36.78383,119.2381,347.2128,0,False,False
206.3393,-0.082536,1.418396,-0.117909,53.31131,126.8757,356.4518,0,0,0,0,0,0,-0.039173,0.971246,-0.134323,36.77318,119.2464,347.2361,0,False,False
206.3502,-0.082616,1.418402,-0.117857,53.3073,126.8715,356.4297,0,0,0,0,0,0,-0.039228,0.971247,-0.134245,36.76218,119.2663,347.2679,0,False,False
206.3615,-0.082717,1.418383,-0.117822,53.31601,126.8631,356.405,0,0,0,0,0,0,-0.039183,0.971285,-0.13421,36.75,119.2739,347.2888,0,False,False
206.3726,-0.082833,1.418386,-0.11777,53.3266,126.8448,356.3608,0,0,0,0,0,0,-0.039253,0.971355,-0.134185,36.72524,119.2759,347.2545,0,False,False
206.3836,-0.082958,1.418332,-0.117754,53.34303,126.8427,356.333,0,0,0,0,0,0,-0.039191,0.971422,-0.134109,36.71716,119.2331,347.1925,0,False,False
206.3947,-0.083126,1.418297,-0.117723,53.36621,126.8727,356.3278,0,0,0,0,0,0,-0.039271,0.971408,-0.134038,36.70975,119.2001,347.1231,0,False,False
206.4058,-0.083254,1.418219,-0.11769,53.40546,126.8883,356.2853,0,0,0,0,0,0,-0.03923,0.971413,-0.134008,36.73542,119.1925,347.0702,0,False,False
206.4169,-0.083412,1.418093,-0.117678,53.45766,126.9201,356.2734,0,0,0,0,0,0,-0.039192,0.971478,-0.133981,36.74525,119.1502,347.0385,0,False,False
206.4279,-0.083573,1.417952,-0.117609,53.53505,126.9735,356.2823,0,0,0,0,0,0,-0.039138,0.971443,-0.133933,36.78727,119.0794,346.9827,0,False,False
206.4391,-0.083766,1.417788,-0.117592,53.61238,127.0305,356.3045,0,0,0,0,0,0,-0.039232,0.971446,-0.133844,36.83229,119.0297,346.8614,0,False,False
206.4502,-0.083974,1.41754,-0.117573,53.72513,127.0678,356.3153,0,0,0,0,0,0,-0.039191,0.971433,-0.133804,36.86491,118.964,346.6278,0,False,False
206.4615,-0.084184,1.417276,-0.117545,53.84661,127.1174,356.3267,0,0,0,0,0,0,-0.0392,0.971404,-0.133848,36.89799,118.9146,346.4205,0,False,False
206.4724,-0.084371,1.417012,-0.117547,53.97868,127.159,356.3343,0,0,0,0,0,0,-0.039277,0.971356,-0.133942,36.92346,118.9026,346.1967,0,False,False
206.4835,-0.084621,1.416655,-0.117548,54.1116,127.1749,356.3208,0,0,0,0,0,0,-0.039356,0.971388,-0.134132,36.91521,118.9354,346.0651,0,False,False
206.4946,-0.084834,1.416297,-0.117548,54.26284,127.1932,356.2965,0,0,0,0,0,0,-0.039416,0.971483,-0.134217,36.91689,118.9259,345.9286,0,False,False
206.5058,-0.085125,1.415931,-0.117634,54.42154,127.2388,356.2934,0,0,0,0,0,0,-0.039512,0.971606,-0.134342,36.89612,118.969,345.8231,0,False,False
206.5169,-0.085411,1.415579,-0.117696,54.56716,127.2872,356.2873,0,0,0,0,0,0,-0.039591,0.971638,-0.134491,36.87518,118.9988,345.7336,0,False,False
206.528,-0.085616,1.415308,-0.117748,54.70145,127.3569,356.3138,0,0,0,0,0,0,-0.03968,0.971747,-0.134807,36.81476,119.0509,345.7274,0,False,False
206.5393,-0.085753,1.415036,-0.117809,54.84382,127.4281,356.3272,0,0,0,0,0,0,-0.039683,0.971884,-0.134989,36.77101,119.144,345.7638,0,False,False
206.5502,-0.085983,1.41474,-0.117922,54.95421,127.4735,356.3152,0,0,0,0,0,0,-0.039719,0.971926,-0.135209,36.72517,119.2175,345.7604,0,False,False
206.5613,-0.086148,1.414436,-0.118112,55.06861,127.5463,356.3329,0,0,0,0,0,0,-0.039768,0.97205,-0.135465,36.6921,119.3106,345.6162,0,False,False
206.5725,-0.086313,1.414154,-0.118293,55.17678,127.6246,356.3358,0,0,0,0,0,0,-0.0398,0.97219,-0.135822,36.64781,119.3901,345.4766,0,False,False
206.5835,-0.086491,1.413762,-0.118572,55.28074,127.7232,356.3267,0,0,0,0,0,0,-0.039881,0.972334,-0.136383,36.53166,119.5386,345.206,0,False,False
206.5947,-0.086685,1.413393,-0.118892,55.42295,127.806,356.2958,0,0,0,0,0,0,-0.039956,0.972547,-0.137005,36.40333,119.7126,344.9493,0,False,False
206.6057,-0.086877,1.412995,-0.119285,55.56656,127.9031,356.2638,0,0,0,0,0,0,-0.040129,0.972802,-0.137807,36.24449,119.9683,344.7063,0,False,False
206.6168,-0.087132,1.412506,-0.119693,55.71929,127.993,356.2177,0,0,0,0,0,0,-0.040295,0.973062,-0.138718,36.06844,120.2459,344.4575,0,False,False
206.628,-0.087277,1.411962,-0.120135,55.92456,128.113,356.1735,0,0,0,0,0,0,-0.040543,0.973515,-0.139847,35.80199,120.6209,344.2508,0,False,False
206.6391,-0.087494,1.411372,-0.120607,56.14249,128.2301,356.1273,0,0,0,0,0,0,-0.040817,0.973937,-0.14111,35.56769,121.0918,344.2911,0,False,False
206.6503,-0.087729,1.410598,-0.121175,56.404,128.3394,356.0448,0,0,0,0,0,0,-0.041075,0.974368,-0.142268,35.34657,121.5194,344.3921,0,False,False
206.6612,-0.087926,1.409723,-0.121769,56.69962,128.4578,355.9709,0,0,0,0,0,0,-0.041329,0.97499,-0.143695,35.0505,122.0532,344.604,0,False,False
206.6724,-0.088191,1.40874,-0.122459,57.00917,128.5777,355.8752,0,0,0,0,0,0,-0.041512,0.975646,-0.145204,34.7104,122.5979,344.7405,0,False,False
206.6835,-0.088407,1.407609,-0.123178,57.38382,128.6861,355.7429,0,0,0,0,0,0,-0.041677,0.976533,-0.14686,34.26762,123.1539,344.7415,0,False,False
206.6946,-0.088664,1.406387,-0.123996,57.78556,128.786,355.5893,0,0,0,0,0,0,-0.041966,0.97738,-0.148521,33.78934,123.7622,344.5846,0,False,False
206.7056,-0.088882,1.405014,-0.124883,58.23314,128.8851,355.3951,0,0,0,0,0,0,-0.042276,0.978598,-0.15054,33.14588,124.4629,344.0769,0,False,False
206.7168,-0.089103,1.403521,-0.125786,58.69749,128.9848,355.1948,0,0,0,0,0,0,-0.04282,0.979888,-0.152766,32.42953,125.1762,343.4078,0,False,False
206.728,-0.089303,1.401848,-0.126774,59.22977,129.0853,354.9599,0,0,0,0,0,0,-0.043298,0.981185,-0.155161,31.73854,125.8936,342.8346,0,False,False
206.739,-0.089538,1.400087,-0.127855,59.81837,129.1747,354.7092,0,0,0,0,0,0,-0.043953,0.982416,-0.157538,31.08899,126.6435,342.4163,0,False,False
206.7501,-0.089741,1.398278,-0.128936,60.43642,129.2455,354.4682,0,0,0,0,0,0,-0.044687,0.983646,-0.159931,30.47379,127.4053,342.1927,0,False,False
206.7613,-0.089964,1.396419,-0.130089,61.12461,129.2971,354.2161,0,0,0,0,0,0,-0.045537,0.984901,-0.162489,29.8813,128.267,342.3292,0,False,False
206.7724,-0.090195,1.394644,-0.131244,61.78307,129.3259,353.9501,0,0,0,0,0,0,-0.046514,0.986181,-0.165183,29.23823,129.2261,342.4221,0,False,False
206.7834,-0.090369,1.392809,-0.132552,62.46518,129.3198,353.633,0,0,0,0,0,0,-0.048001,0.987652,-0.168232,28.49584,130.4378,342.5935,0,False,False
206.7945,-0.09045,1.391015,-0.133949,63.10838,129.2953,353.2935,0,0,0,0,0,0,-0.049417,0.989261,-0.171543,27.53878,131.6552,342.8913,0,False,False
206.8057,-0.0905,1.389259,-0.135477,63.69307,129.2871,352.9401,0,0,0,0,0,0,-0.050972,0.990902,-0.174687,26.56187,132.8073,343.3103,0,False,False
206.8168,-0.09048,1.387521,-0.137144,64.2405,129.2689,352.557,0,0,0,0,0,0,-0.052518,0.992473,-0.177711,25.61779,133.8666,343.6516,0,False,False
206.8279,-0.090436,1.385849,-0.13886,64.75023,129.2978,352.1806,0,0,0,0,0,0,-0.054227,0.993754,-0.180709,24.74434,134.9155,343.8932,0,False,False
206.839,-0.090352,1.384215,-0.140704,65.23376,129.3395,351.7535,0,0,0,0,0,0,-0.056016,0.994923,-0.183603,23.97716,135.937,344.1458,0,False,False
