time,ori_x,ori_y,ori_z,dir_x,dir_y,dir_z,gaze_x,gaze_y,gaze_z,gaze_object,pupil_l,pupil_r
135.8627,0.005602,-0.001214,-0.022645,0.037033,-0.364655,0.930389,0.038905,0,0.459945,Ground,2.87587,3.021942
135.8742,-0.011569,-0.002347,-0.02193,0.05751,-0.393585,0.917481,0.073424,0,0.416127,Ground,2.926239,3.10997
135.8852,-0.011569,-0.002347,-0.02193,0.05751,-0.393585,0.917481,0.072686,0,0.41611,Ground,2.926239,3.10997
135.8961,-0.027354,-0.003224,-0.02154,0.036209,-0.400986,0.91536,0.043643,0,0.401381,Ground,2.925552,3.003342
135.9071,-0.028062,-0.003347,-0.021253,0.043716,-0.400024,0.915451,0.054129,0,0.404522,Ground,2.942108,3.026352
135.9183,-0.028062,-0.003347,-0.021253,0.043716,-0.400024,0.915451,0.054483,0,0.404828,Ground,2.942108,3.026352
135.9295,-0.026191,-0.003197,-0.021417,0.043869,-0.401779,0.914673,0.055491,0,0.403516,Ground,2.942154,3.023346
135.9406,-0.016626,-0.002622,-0.021793,0.050461,-0.39798,0.916,0.065178,0,0.41237,Ground,2.927917,3.012573
135.9516,-0.004729,-0.00191,-0.022265,0.056305,-0.390869,0.918716,0.073138,0,0.426919,Ground,2.927673,3.022934
135.9629,-0.004729,-0.00191,-0.022265,0.056305,-0.390869,0.918716,0.074366,0,0.430914,Ground,2.927673,3.022934
135.974,-0.000275,-0.001638,-0.022434,0.057938,-0.390762,0.918655,0.077656,0,0.435221,Ground,2.927704,3.022354
135.985,0.00078,-0.001576,-0.022471,0.059753,-0.389557,0.919052,0.081233,0,0.441685,Ground,2.936676,3.015945
135.9961,0.00078,-0.001576,-0.022471,0.059753,-0.389557,0.919052,0.082117,0,0.445717,Ground,2.936676,3.015945
136.0071,0.002356,-0.00148,-0.02252,0.060135,-0.387451,0.919907,0.083507,0,0.452982,Ground,2.943893,3.002701
136.0183,-0.00182,-0.001731,-0.022354,0.059128,-0.389114,0.919281,0.083234,0,0.453327,Ground,2.943985,3.008118
136.0295,-0.002069,-0.001745,-0.022344,0.059021,-0.389038,0.919312,0.084425,0,0.456072,Ground,2.937622,2.99942
136.0405,-0.002069,-0.001745,-0.022344,0.059021,-0.389038,0.919312,0.085801,0,0.458372,Ground,2.937622,2.99942
136.0519,-0.006173,-0.001991,-0.022168,0.05629,-0.394318,0.917236,0.084152,0,0.450847,Ground,2.929947,3.007172
136.0626,-0.003066,-0.001886,-0.022169,0.057297,-0.38504,0.921112,0.085158,0,0.465978,Ground,2.919342,2.990524
136.0738,-0.003066,-0.001886,-0.022169,0.057297,-0.38504,0.921112,0.086578,0,0.466071,Ground,2.919342,2.990524
136.0849,0.008681,-0.001168,-0.022644,0.062027,-0.388901,0.919174,0.09553,0,0.459633,Ground,2.89418,2.942123
136.096,0.012102,-0.000971,-0.022774,0.060623,-0.389572,0.918991,0.095151,0,0.457099,Ground,2.894272,2.923569
136.1071,0.012102,-0.000971,-0.022774,0.060623,-0.389572,0.918991,0.09634,0,0.455471,Ground,2.894272,2.923569
136.1183,0.009312,-0.001256,-0.022697,0.049072,-0.401367,0.914581,0.083106,0,0.43255,Ground,2.860413,2.963654
136.1294,0.015463,-0.001296,-0.022573,-0.004166,-0.466965,0.884262,0.02048,0,0.316528,Ground,2.78273,2.997177
136.1404,0.028457,-0.000817,-0.023351,-0.036041,-0.534958,0.844086,-0.010235,0,0.195461,Ground,2.958984,3.111267
136.1516,0.028457,-0.000817,-0.023351,-0.036041,-0.534958,0.844086,-0.009736,0,0.191882,Ground,2.958984,3.111267
136.1627,0.028882,-0.001151,-0.022812,-0.026749,-0.592331,0.805237,0.01583,0,0.090884,Ground,2.907639,2.987961
136.1738,0.014976,-0.001942,-0.022633,-0.026794,-0.596314,0.802292,0.01657,0,0.078757,Ground,2.887421,3.138245
136.1849,0.014976,-0.001942,-0.022633,-0.026794,-0.596314,0.802292,0.016507,0,0.073093,Ground,2.887421,3.138245
136.196,0.026383,-0.001222,-0.023005,-0.026672,-0.598023,0.801025,0.016936,0,0.064077,Ground,2.920685,3.150482
136.2071,0.022548,-0.001435,-0.022923,-0.023666,-0.595322,0.803131,0.020593,0,0.063671,Ground,2.85527,3.175018
136.2182,0.022548,-0.001435,-0.022923,-0.023666,-0.595322,0.803131,0.020466,0,0.058635,Ground,2.85527,3.175018
136.2293,0.019377,-0.001607,-0.022864,-0.026047,-0.594757,0.803482,0.016261,0,0.054829,Ground,2.823471,3.181351
136.2406,0.023973,-0.001283,-0.0228,-0.021149,-0.596619,0.802231,0.023158,0,0.048472,Ground,2.765137,3.180298
136.2514,0.016339,-0.001659,-0.022833,-0.026077,-0.585083,0.810532,0.012972,0,0.064028,Ground,2.770432,3.170883
136.2626,0.016339,-0.001659,-0.022833,-0.026077,-0.585083,0.810532,0.011857,0,0.060608,Ground,2.770432,3.170883
136.2738,0.00317,-0.002365,-0.022728,-0.03392,-0.578262,0.81514,-0.001458,0,0.067754,Ground,2.791565,3.118927
136.2848,-0.008164,-0.002995,-0.022446,-0.042389,-0.586075,0.809128,-0.012282,0,0.049491,Ground,2.86525,3.11174
136.296,-0.008164,-0.002995,-0.022446,-0.042389,-0.586075,0.809128,-0.012528,0,0.047384,Ground,2.86525,3.11174
136.3071,-0.018014,-0.003546,-0.022258,-0.048843,-0.584595,0.809845,-0.02236,0,0.046602,Ground,2.839111,3.098099
136.3182,-0.002033,-0.002597,-0.02259,-0.041168,-0.572128,0.819122,-0.014685,0,0.067979,Ground,2.825867,3.04657
136.3293,-0.002033,-0.002597,-0.02259,-0.041168,-0.572128,0.819122,-0.015667,0,0.066185,Ground,2.825867,3.04657
136.3404,-0.00189,-0.002571,-0.022589,-0.037231,-0.5672,0.822723,-0.01223,0,0.074487,Ground,2.780212,3.045059
136.3515,-0.002355,-0.00258,-0.022573,-0.038971,-0.568939,0.821442,-0.016075,0,0.072005,Ground,2.808777,3.024063
136.3627,0.004402,-0.002153,-0.022764,-0.037842,-0.563477,0.825256,-0.017553,0,0.082852,Ground,2.832153,3.01593
136.3738,0.004402,-0.002153,-0.022764,-0.037842,-0.563477,0.825256,-0.020141,0,0.084808,Ground,2.832153,3.01593
136.3848,0.012535,-0.001642,-0.022929,-0.024811,-0.559341,0.828552,-0.004724,0,0.09639,Ground,2.91246,3.019119
136.3959,0.009138,-0.001843,-0.022767,-0.025833,-0.561173,0.827271,-0.008329,0,0.095419,Ground,2.846237,3.019241
136.407,0.009138,-0.001843,-0.022767,-0.025833,-0.561173,0.827271,-0.01053,0,0.097645,Ground,2.846237,3.019241
136.4181,0.00691,-0.002011,-0.022663,-0.028687,-0.556152,0.830566,-0.017276,0,0.107546,Ground,2.743332,3.015839
136.4293,0.019036,-0.001294,-0.023102,-0.025391,-0.550552,0.834412,-0.014959,0,0.119072,Ground,2.869614,3.012741
136.4405,0.014329,-0.001565,-0.022907,-0.002686,-0.553513,0.832825,0.016302,0,0.117887,Ground,2.812515,3.05484
136.4514,0.014329,-0.001565,-0.022907,-0.002686,-0.553513,0.832825,0.015254,0,0.118983,Ground,2.812515,3.05484
136.4626,-0.027241,-0.004057,-0.022663,-0.038101,-0.567749,0.822311,-0.035315,0,0.092561,Ground,2.81395,3.052521
136.4736,-0.028627,-0.004149,-0.02274,-0.030518,-0.568375,0.822189,-0.025067,0,0.093453,Ground,2.827271,3.050919
136.4847,-0.028627,-0.004149,-0.02274,-0.030518,-0.568375,0.822189,-0.025175,0,0.09411,Ground,2.827271,3.050919
136.4958,-0.028703,-0.004177,-0.022739,-0.019135,-0.567978,0.8228,-0.008696,0,0.095972,Ground,2.88092,3.052307
136.5069,-0.028593,-0.00419,-0.022749,-0.011856,-0.567215,0.823471,0.002718,0,0.097409,Ground,2.786484,3.054031
136.5182,-0.026629,-0.004061,-0.022782,0.004776,-0.567184,0.823563,0.02772,0,0.096775,Ground,2.882767,3.068039
136.5292,-0.026629,-0.004061,-0.022782,0.004776,-0.567184,0.823563,0.029644,0,0.095742,Ground,2.882767,3.068039
136.5403,-0.023689,-0.003874,-0.022844,0.010757,-0.562912,0.826431,0.040721,0,0.101267,Ground,2.825317,3.067474
136.5514,-0.020923,-0.003676,-0.022898,0.009567,-0.563232,0.826233,0.041969,0,0.099251,Ground,2.863693,3.06517
136.5625,-0.020923,-0.003676,-0.022898,0.009567,-0.563232,0.826233,0.044447,0,0.097529,Ground,2.863693,3.06517
136.5737,-0.009951,-0.002956,-0.023213,0.016098,-0.549912,0.835053,0.059519,0,0.118256,Ground,2.862228,3.098221
136.5847,0.003682,-0.001996,-0.023378,0.030884,-0.540787,0.840576,0.08614,0,0.129961,Ground,2.91568,3.121994
136.5959,0.003682,-0.001996,-0.023378,0.030884,-0.540787,0.840576,0.090274,0,0.129337,Ground,2.91568,3.121994
136.6069,0.007582,-0.001743,-0.023246,0.035492,-0.538147,0.842087,0.102159,0,0.131243,Ground,2.855301,3.121078
136.6182,0.002755,-0.001943,-0.023294,0.029297,-0.527969,0.848755,0.101511,0,0.147663,Ground,2.983292,2.99678
136.6292,-0.018376,-0.003348,-0.022895,0.005493,-0.540924,0.841049,0.068419,0,0.130466,Ground,2.869629,3.098892
136.6403,-0.018376,-0.003348,-0.022895,0.005493,-0.540924,0.841049,0.07161,0,0.126684,Ground,2.869629,3.098892
136.6513,-0.0237,-0.003719,-0.02275,0.00441,-0.540344,0.841415,0.073301,0,0.123743,Ground,2.908218,2.9263
136.6625,-0.026711,-0.003928,-0.022686,-0.010483,-0.548264,0.836227,0.051487,0,0.112572,Ground,2.982803,2.99939
136.6736,-0.026711,-0.003928,-0.022686,-0.010483,-0.548264,0.836227,0.053517,0,0.109179,Ground,2.982803,2.99939
136.6847,-0.024819,-0.003955,-0.022195,-0.000137,-0.526108,0.850403,0.081172,0,0.137323,Ground,2.948334,3.143875
136.6957,-0.008124,-0.002761,-0.022591,0.004318,-0.512497,0.858673,0.097439,0,0.154726,Ground,2.824188,3.122986
136.7069,-0.008124,-0.002761,-0.022591,0.004318,-0.512497,0.858673,0.101022,0,0.154291,Ground,2.824188,3.122986
136.7181,0.018502,-0.001067,-0.022614,0.027588,-0.507706,0.861084,0.137668,0,0.148395,Ground,3.016647,3.104904
136.7291,0.030264,-0.000105,-0.023818,0.020493,-0.497177,0.867386,0.138475,0,0.168095,Ground,2.854523,3.153625
136.7402,0.030904,-0.000083,-0.023698,0.012497,-0.499298,0.866333,0.129619,0,0.169482,Ground,2.87323,3.025269
136.7518,0.030904,-0.000083,-0.023698,0.012497,-0.499298,0.866333,0.132186,0,0.16962,Ground,2.87323,3.025269
136.7624,0.030957,-0.000067,-0.023605,-0.00148,-0.481659,0.876343,0.129317,0,0.204331,Ground,2.974976,3.00267
136.7735,0.029873,-0.000193,-0.023609,0.015915,-0.480438,0.876877,0.153567,0,0.194152,Ground,2.926788,3.13707
136.7848,0.029873,-0.000193,-0.023609,0.015915,-0.480438,0.876877,0.154731,0,0.193868,Ground,2.926788,3.13707
136.7957,0.024995,-0.000579,-0.023227,0.025955,-0.493774,0.869186,0.156086,0,0.16767,Ground,2.931946,3.178268
136.8068,0.019889,-0.000914,-0.02328,0.020798,-0.491379,0.870682,0.151683,0,0.174706,Ground,2.892883,3.08786
136.818,0.019889,-0.000914,-0.02328,0.020798,-0.491379,0.870682,0.150962,0,0.175344,Ground,2.892883,3.08786
136.829,0.008303,-0.001733,-0.022893,0.026581,-0.503998,0.863281,0.145062,0,0.153423,Ground,2.993103,3.169785
136.8401,0.030853,-0.000174,-0.023707,0.051346,-0.488602,0.870972,0.185468,0,0.152203,Ground,3.003891,-1
136.8513,0.030799,-0.000155,-0.023994,0.05217,-0.498734,0.865173,0.174283,0,0.135658,Ground,2.973923,-1
136.8625,0.030799,-0.000155,-0.023994,0.05217,-0.498734,0.865173,0.169239,0,0.132728,Ground,2.973923,-1
136.8737,0.011218,-0.001541,-0.023369,0.034042,-0.520447,0.85321,0.122306,0,0.11937,Ground,3.022202,3.151199
136.8848,0.018095,-0.001121,-0.023562,0.045349,-0.51857,0.853821,0.131475,0,0.10979,Ground,3.009369,3.156036
136.8956,0.018095,-0.001121,-0.023562,0.045349,-0.51857,0.853821,0.12556,0,0.108925,Ground,3.009369,3.156036
136.9068,0.022642,-0.000902,-0.023501,0.059082,-0.520264,0.851944,0.131949,0,0.092618,Ground,2.963791,3.178329
136.9178,0.024086,-0.00084,-0.023565,0.074127,-0.52327,0.848923,0.137557,0,0.072986,Ground,2.909149,3.216141
136.929,0.024911,-0.00086,-0.023387,0.055389,-0.516754,0.854324,0.120224,0,0.09971,Ground,2.905029,3.226929
136.9401,0.024911,-0.00086,-0.023387,0.055389,-0.516754,0.854324,0.113455,0,0.098404,Ground,2.905029,3.226929
136.9512,0.00721,-0.002043,-0.023174,0.044357,-0.535934,0.843079,0.072289,0,0.086483,Ground,2.937592,3.237366
136.9623,-0.009343,-0.003212,-0.022982,0.064743,-0.549118,0.833221,0.065846,0,0.048259,Ground,2.989639,3.283569
136.9735,-0.009343,-0.003212,-0.022982,0.064743,-0.549118,0.833221,0.055426,0,0.048034,Ground,2.989639,3.283569
136.9846,-0.004712,-0.002879,-0.02316,0.080002,-0.547821,0.832748,0.060321,0,0.032241,Ground,3.00592,3.214066
136.9956,0.013454,-0.001675,-0.023452,0.097824,-0.540833,0.835403,0.073042,0,0.019787,Ground,2.982559,3.188126
137.0069,0.013454,-0.001675,-0.023452,0.097824,-0.540833,0.835403,0.061877,0,0.019838,Ground,2.982559,3.188126
137.0179,-0.005062,-0.0029,-0.023016,0.071472,-0.534195,0.842331,0.039446,0,0.057728,Ground,3.001617,3.222092
137.0289,-0.022102,-0.003975,-0.023627,0.06871,-0.560104,0.825562,-0.007426,0,0.03459,Ground,3.12587,3.137466
137.0402,-0.027103,-0.004356,-0.023481,0.080139,-0.554871,0.828049,0.000797,0,0.025181,Ground,3.250107,3.16185
137.0511,-0.027103,-0.004356,-0.023481,0.080139,-0.554871,0.828049,-0.005921,0,0.0238,Ground,3.250107,3.16185
137.0629,-0.023556,-0.003958,-0.023684,0.062225,-0.53595,0.84195,0.00299,0,0.062292,Ground,3.10733,3.22081
137.0734,0.008267,-0.001824,-0.023277,0.102356,-0.505096,0.856964,0.070688,0,0.037653,Ground,2.925873,3.223831
137.0846,0.008267,-0.001824,-0.023277,0.102356,-0.505096,0.856964,0.067174,0,0.035428,Ground,2.925873,3.223831
137.0956,0.020122,-0.001026,-0.023371,0.120728,-0.482681,0.867416,0.106888,0,0.027726,Ground,3.055344,3.167252
137.1067,0.026919,-0.000602,-0.023139,0.143906,-0.463684,0.874222,0.144284,0,0.008873,Ground,3.118668,3.16893
137.1178,0.014432,-0.001448,-0.023038,0.131577,-0.484314,0.864929,0.103818,0,0.005344,Ground,3.129959,3.189194
137.1289,0.014432,-0.001448,-0.023038,0.131577,-0.484314,0.864929,0.099344,0,0.001441,Ground,3.129959,3.189194
137.1401,-0.004782,-0.002843,-0.022749,0.123383,-0.507507,0.852753,0.05639,0,-0.007794,Ground,3.212738,3.271469
137.1511,-0.003287,-0.002913,-0.021917,0.13356,-0.51236,0.848312,0.049061,0,-0.028611,Ground,3.208755,3.267426
137.1624,-0.003287,-0.002913,-0.021917,0.13356,-0.51236,0.848312,0.043812,0,-0.031685,Ground,3.208755,3.267426
137.1733,0.010649,-0.001745,-0.023116,0.140762,-0.47023,0.871231,0.104588,0,-0.017835,Ground,3.202896,3.166367
137.1845,0.018456,-0.001242,-0.023093,0.145874,-0.468811,0.871155,0.102964,0,-0.028147,Ground,3.126602,3.129028
137.1955,0.018456,-0.001242,-0.023093,0.145874,-0.468811,0.871155,0.096908,0,-0.031824,Ground,3.126602,3.129028
137.2068,0.00934,-0.001914,-0.022934,0.139374,-0.482407,0.864777,0.067807,0,-0.034124,Ground,3.041977,3.152115
137.2178,-0.004134,-0.002794,-0.022647,0.127701,-0.478668,0.868652,0.064819,0,-0.018515,Ground,3.063751,3.088058
137.2289,-0.006194,-0.002858,-0.022699,0.118042,-0.497177,0.859573,0.030249,0,-0.017074,Ground,3.13176,3.095566
137.2402,-0.006194,-0.002858,-0.022699,0.118042,-0.497177,0.859573,0.028749,0,-0.018599,Ground,3.13176,3.095566
137.2511,0.02097,-0.001079,-0.022895,0.145828,-0.475052,0.867783,0.07152,0,-0.049064,Ground,3.033966,3.164047
137.2622,0.029006,-0.000487,-0.023143,0.145386,-0.466309,0.872589,0.08408,0,-0.046565,Ground,3.011276,3.010452
137.2734,0.029006,-0.000487,-0.023143,0.145386,-0.466309,0.872589,0.083146,0,-0.048775,Ground,3.011276,3.010452
137.2845,0.029787,-0.000429,-0.023241,0.159653,-0.459778,0.87355,0.094022,0,-0.069025,Ground,3.100357,2.829346
137.2956,0.029582,-0.000619,-0.022946,0.15152,-0.453323,0.878357,0.100052,0,-0.058025,Ground,2.994797,2.917038
137.3066,0.029582,-0.000619,-0.022946,0.15152,-0.453323,0.878357,0.097272,0,-0.06196,Ground,2.994797,2.917038
137.3177,0.027671,-0.000828,-0.02278,0.145538,-0.455139,0.878433,0.091768,0,-0.058124,Ground,3.057617,2.93074
137.3289,0.022861,-0.00109,-0.022863,0.146393,-0.453796,0.878983,0.092448,0,-0.063603,Ground,3.078445,2.70694
137.34,0.021318,-0.00116,-0.022823,0.13829,-0.447998,0.883255,0.100524,0,-0.055451,Ground,3.145844,3.056015
137.3511,0.021318,-0.00116,-0.022823,0.13829,-0.447998,0.883255,0.100741,0,-0.060341,Ground,3.145844,3.056015
137.3623,0.024694,-0.000907,-0.022912,0.13913,-0.455734,0.879166,0.089136,0,-0.067458,Ground,3.052887,2.990616
137.3732,0.022422,-0.000968,-0.022911,0.108658,-0.445297,0.888748,0.103992,0,-0.02629,Ground,3.110901,2.966843
137.3845,0.022422,-0.000968,-0.022911,0.108658,-0.445297,0.888748,0.104914,0,-0.030737,Ground,3.110901,2.966843
137.3955,-0.019042,-0.003232,-0.022345,0.082184,-0.45224,0.888092,0.093778,0,0.001122,Ground,2.987366,3.126938
137.4065,-0.029164,-0.003897,-0.021871,0.080643,-0.463593,0.882355,0.077236,0,-0.003127,Ground,3.052628,2.954742
137.4177,-0.029286,-0.003882,-0.021902,0.095413,-0.464218,0.880554,0.078434,0,-0.029596,Ground,3.090332,3.15593
137.429,-0.029286,-0.003882,-0.021902,0.095413,-0.464218,0.880554,0.079888,0,-0.034809,Ground,3.090332,3.15593
137.44,-0.029228,-0.003671,-0.022329,0.073288,-0.435333,0.897278,0.126942,0,-0.007136,Ground,3.244217,3.023285
137.4511,-0.020953,-0.003179,-0.022398,0.087769,-0.42984,0.898621,0.137281,0,-0.032639,Ground,3.159271,2.983109
137.4621,-0.020953,-0.003179,-0.022398,0.087769,-0.42984,0.898621,0.138273,0,-0.037625,Ground,3.159271,2.983109
137.4733,-0.007791,-0.002358,-0.022796,0.082901,-0.424118,0.901794,0.148508,0,-0.03505,Ground,3.202652,2.923355
137.4843,-0.0269,-0.00355,-0.022322,0.059326,-0.428391,0.901642,0.143873,0,-0.006188,Ground,3.223267,3.094299
137.4954,-0.028953,-0.003675,-0.022276,0.056885,-0.43573,0.89827,0.134416,0,-0.007177,Ground,3.154694,3.017471
137.5067,-0.028953,-0.003675,-0.022276,0.056885,-0.43573,0.89827,0.136304,0,-0.011189,Ground,3.154694,3.017471
137.5176,-0.028856,-0.00367,-0.022271,0.051895,-0.433334,0.899719,0.141996,0,-0.008502,Ground,3.110825,2.984665
137.5287,-0.027618,-0.003534,-0.022206,0.04248,-0.434372,0.899719,0.142721,0,0.0003,Ground,3.050659,2.92775
137.5402,-0.027618,-0.003534,-0.022206,0.04248,-0.434372,0.899719,0.143783,0,-0.003892,Ground,3.050659,2.92775
137.5512,-0.022942,-0.003242,-0.022022,0.055145,-0.437286,0.897614,0.139498,0,-0.026087,Ground,3.204254,3.053192
137.5623,-0.023007,-0.003166,-0.021883,0.053421,-0.443924,0.894455,0.131189,0,-0.027402,Ground,2.983139,2.961212
137.5734,-0.023007,-0.003166,-0.021883,0.053421,-0.443924,0.894455,0.133946,0,-0.031816,Ground,2.983139,2.961212
137.5843,-0.025584,-0.003334,-0.021757,0.051819,-0.441315,0.895844,0.139775,0,-0.033391,Ground,2.830414,2.978134
137.5955,-0.027481,-0.003507,-0.022024,0.045578,-0.43158,0.900909,0.156069,0,-0.028587,Ground,2.940979,3.029343
137.6066,-0.028448,-0.003796,-0.021598,0.042664,-0.429489,0.902054,0.158773,0,-0.027336,Ground,3.013123,2.938202
137.6177,-0.028448,-0.003796,-0.021598,0.042664,-0.429489,0.902054,0.157483,0,-0.030081,Ground,3.013123,2.938202
137.6288,-0.028524,-0.003928,-0.021224,0.044067,-0.436646,0.898544,0.144665,0,-0.033748,Ground,2.973022,2.852249
137.6398,-0.026845,-0.003793,-0.021345,0.04364,-0.43898,0.89743,0.138224,0,-0.035675,Ground,2.872345,2.932617
137.6511,-0.026845,-0.003793,-0.021345,0.04364,-0.43898,0.89743,0.135531,0,-0.038717,Ground,2.872345,2.932617
137.6621,-0.02352,-0.003565,-0.021543,0.042023,-0.438004,0.89798,0.135428,0,-0.040105,Ground,3.012863,2.919846
137.6733,-0.009558,-0.002703,-0.022089,0.045136,-0.433197,0.900162,0.141221,0,-0.049329,Ground,2.959244,2.935318
137.6844,-0.009558,-0.002703,-0.022089,0.045136,-0.433197,0.900162,0.141105,0,-0.053524,Ground,2.959244,2.935318
137.6954,-0.006031,-0.002353,-0.022565,0.034714,-0.427414,0.903381,0.151997,0,-0.043432,Ground,2.959183,2.96315
137.7065,-0.002876,-0.002184,-0.022565,0.032089,-0.43187,0.901352,0.14582,0,-0.042765,Ground,3.031998,2.885956
137.7175,-0.002842,-0.002089,-0.022751,0.032471,-0.429489,0.902481,0.149452,0,-0.046844,Ground,3.051727,2.875412
137.7287,-0.002842,-0.002089,-0.022751,0.032471,-0.429489,0.902481,0.148872,0,-0.049564,Ground,3.051727,2.875412
137.7399,-0.006099,-0.002263,-0.022671,0.02037,-0.429886,0.902649,0.148732,0,-0.035462,Ground,2.940552,2.955276
137.7509,-0.007281,-0.002368,-0.022558,0.016586,-0.430756,0.902298,0.145671,0,-0.032438,Ground,2.971451,2.947098
137.7621,-0.007281,-0.002368,-0.022558,0.016586,-0.430756,0.902298,0.142078,0,-0.03436,Ground,2.971451,2.947098
137.7731,-0.016542,-0.0029,-0.022336,0.008041,-0.432709,0.901489,0.135438,0,-0.023732,Ground,2.90535,2.919647
137.7843,-0.014839,-0.002817,-0.022409,0.008163,-0.429901,0.902832,0.134389,0,-0.025468,Ground,3.006866,2.92099
137.7953,-0.008335,-0.00246,-0.022512,0.01506,-0.423416,0.905792,0.137687,0,-0.03666,Ground,3.035339,2.86795
137.8066,-0.008335,-0.00246,-0.022512,0.01506,-0.423416,0.905792,0.133246,0,-0.036904,Ground,3.035339,2.86795
137.8176,-0.010098,-0.002511,-0.022512,0.007629,-0.424774,0.905258,0.129126,0,-0.025999,Ground,3.01796,2.9617
137.8286,-0.010434,-0.002499,-0.022513,0.007126,-0.421936,0.906586,0.131568,0,-0.02558,Ground,2.950684,2.961105
137.8398,-0.010434,-0.002499,-0.022513,0.007126,-0.421936,0.906586,0.13067,0,-0.024642,Ground,2.950684,2.961105
137.8508,-0.021676,-0.003078,-0.022258,-0.00119,-0.42865,0.903458,0.121385,0,-0.011391,Ground,2.981033,2.961609
137.862,-0.01915,-0.002934,-0.022317,-0.007217,-0.426849,0.904282,0.124887,0,-0.002572,Ground,2.970154,2.960526
137.8731,-0.01915,-0.002934,-0.022317,-0.007217,-0.426849,0.904282,0.124718,0,-0.001488,Ground,2.970154,2.960526
137.8842,-0.011053,-0.002499,-0.022521,-0.001724,-0.422287,0.906448,0.130814,0,-0.008755,Ground,3.028778,2.93576
137.8953,0.00029,-0.00196,-0.022801,0.011826,-0.402863,0.915176,0.158539,0,-0.029201,Ground,3.026703,2.907364
137.9066,-0.002919,-0.002236,-0.022688,0.00853,-0.398712,0.917023,0.165219,0,-0.023837,Ground,3.010834,2.921555
137.9175,-0.002919,-0.002236,-0.022688,0.00853,-0.398712,0.917023,0.164365,0,-0.021988,Ground,3.010834,2.921555
137.9287,-0.018396,-0.00309,-0.022544,0.002701,-0.406448,0.913666,0.152268,0,-0.010908,Ground,3.025085,2.947403
137.9398,-0.019244,-0.003212,-0.022473,0.000229,-0.401489,0.915848,0.158433,0,-0.006821,Ground,2.919205,2.98291
137.9509,-0.019244,-0.003212,-0.022473,0.000229,-0.401489,0.915848,0.157126,0,-0.005434,Ground,2.919205,2.98291
137.9619,-0.017062,-0.003129,-0.022501,-0.001724,-0.392868,0.919586,0.169604,0,-0.003202,Ground,2.999252,3.080505
137.973,-0.009423,-0.002715,-0.022666,0.003159,-0.395096,0.918625,0.165449,0,-0.008905,Ground,3.043518,3.007721
137.9842,-0.009423,-0.002715,-0.022666,0.003159,-0.395096,0.918625,0.167764,0,-0.008539,Ground,3.043518,3.007721
137.9953,-0.003513,-0.002341,-0.022847,0.009491,-0.391907,0.919952,0.174818,0,-0.017455,Ground,3.111694,3.028809
138.0065,-0.010332,-0.0027,-0.02265,0.005096,-0.393875,0.919144,0.176376,0,-0.010773,Ground,3.04512,3.002808
138.0175,-0.019065,-0.003161,-0.022424,0.000259,-0.399811,0.916596,0.17199,0,-0.00249,Ground,2.963089,3.008194
138.0286,-0.019065,-0.003161,-0.022424,0.000259,-0.399811,0.916596,0.176548,0,-0.001883,Ground,2.963089,3.008194
138.0397,-0.021698,-0.003302,-0.022316,-0.000504,-0.404724,0.914429,0.173619,0,0.000169,Ground,3.069885,2.993851
138.0508,-0.017512,-0.003115,-0.022444,0.007889,-0.395935,0.918228,0.189932,0,-0.012245,Ground,3.028839,2.949768
138.062,-0.017512,-0.003115,-0.022444,0.007889,-0.395935,0.918228,0.194438,0,-0.012037,Ground,3.028839,2.949768
138.073,-0.023241,-0.00359,-0.022185,0.009323,-0.396027,0.918182,0.198953,0,-0.0142,Ground,2.917999,3.199417
138.0841,-0.027101,-0.003833,-0.022046,0.002792,-0.402039,0.915604,0.19758,0,-0.004423,Ground,2.963455,3.153198
138.0952,-0.027101,-0.003833,-0.022046,0.002792,-0.402039,0.915604,0.205424,0,-0.005052,Ground,2.963455,3.153198
138.1063,-0.027269,-0.003766,-0.022043,0.003555,-0.405869,0.91391,0.208133,0,-0.006325,Ground,2.96405,2.98848
138.1174,-0.022333,-0.003411,-0.022226,0.008804,-0.41391,0.910263,0.205799,0,-0.01375,Ground,2.964798,3.105499
138.1285,-0.022333,-0.003411,-0.022226,0.008804,-0.41391,0.910263,0.218431,0,-0.015308,Ground,2.964798,3.105499
138.1396,-0.004496,-0.002457,-0.022522,0.020935,-0.415222,0.90947,0.231136,0,-0.033962,Ground,2.965363,3.019424
138.1507,-0.003102,-0.002212,-0.022611,0.020233,-0.415848,0.909195,0.248981,0,-0.034759,Ground,3.067535,2.930984
138.1619,0.013848,-0.000504,-0.022986,0.014938,-0.267685,0.963379,0.501795,0,-0.050853,Ground,2.99321,3.001892
138.173,0.013848,-0.000504,-0.022986,0.014938,-0.267685,0.963379,0.533534,0,-0.051496,Ground,2.99321,3.001892
138.184,0.001481,-0.000112,-0.022942,0.004059,-0.110794,0.99382,0.824304,0,-0.058384,Ground,3.264679,3.058304
138.1951,0.001547,0.000691,-0.022865,-0.017761,0.000641,0.999832,1.077996,0,-0.038643,Ground,3.003891,3.216919
138.2063,0.001547,0.000691,-0.022865,-0.017761,0.000641,0.999832,1.133975,0,-0.03625,Ground,3.003891,3.216919
138.2174,0.001632,0.000956,-0.021966,-0.025513,0.097473,0.994904,1.417727,0,-0.033179,Ground,2.119644,3.442184
138.2285,-0.028288,-0.000236,-0.021493,-0.017075,0.292648,0.956055,2.146926,0,-0.082102,Ground,3.663788,3.293243
138.24,-0.028288,-0.000236,-0.021493,-0.017075,0.292648,0.956055,2.289502,0,-0.074607,Ground,3.663788,3.293243
138.251,0,0,0,0,0,1,-99999,-99999,-99999,,5.251968,3.377441
138.2618,0,0,0,0,0,1,-99999,-99999,-99999,,-1,3.261566
138.2729,0,0,0,0,0,1,-99999,-99999,-99999,,2.579102,-1
138.2841,0,0,0,0,0,1,-99999,-99999,-99999,,2.579102,-1
138.2952,0,0,0,0,0,1,-99999,-99999,-99999,,4.175018,3.644424
138.3062,-0.028582,0.000901,-0.021,0.017136,0.570923,0.820816,21.7961,0,-0.744334,Ground,3.765289,3.436081
138.3174,-0.028582,0.000901,-0.021,0.017136,0.570923,0.820816,49.14777,0,-1.373937,Ground,3.765289,3.436081
138.3286,-0.028623,0.000815,-0.020857,0.020111,0.595398,0.803162,-99999,-99999,-99999,,3.427444,3.421097
138.3396,-0.028678,0.000594,-0.020456,0.006256,0.611954,0.790863,-99999,-99999,-99999,,3.412003,3.406708
138.3508,-0.028678,0.000594,-0.020456,0.006256,0.611954,0.790863,-99999,-99999,-99999,,3.412003,3.406708
138.3617,-0.028774,0.000633,-0.020761,-0.00386,0.594376,0.804169,-99999,-99999,-99999,,3.224197,3.351547
138.3729,-0.028822,0.00032,-0.020101,0.004929,0.608154,0.793793,-99999,-99999,-99999,,3.573303,3.455551
138.384,-0.027729,0.000368,-0.020599,0.029678,0.555954,0.830673,-99999,-99999,-99999,,3.320892,3.375671
138.3951,-0.027729,0.000368,-0.020599,0.029678,0.555954,0.830673,-99999,-99999,-99999,,3.320892,3.375671
138.4063,-0.016929,0.000714,-0.020497,0.039429,0.489929,0.870865,-99999,-99999,-99999,,3.563354,3.339127
138.4173,0.002965,0.001755,-0.020946,0.054016,0.446137,0.893326,-99999,-99999,-99999,,3.445297,3.157013
138.4284,0.002965,0.001755,-0.020946,0.054016,0.446137,0.893326,-99999,-99999,-99999,,3.445297,3.157013
138.4395,0.005495,0.00179,-0.021046,0.071014,0.391968,0.917221,-99999,-99999,-99999,,3.285416,3.193665
138.4507,0.019829,0.002494,-0.020948,0.081741,0.340851,0.936554,-99999,-99999,-99999,,3.192825,3.09697
138.4617,0.019829,0.002494,-0.020948,0.081741,0.340851,0.936554,-99999,-99999,-99999,,3.192825,3.09697
138.4729,0.029528,0.002822,-0.020701,0.065582,0.315186,0.946747,-99999,-99999,-99999,,3.22258,3.169128
138.4841,0.028824,0.002673,-0.020723,0.077942,0.280243,0.956757,-99999,-99999,-99999,,3.192825,2.971054
138.495,0.027935,0.002567,-0.020319,0.076492,0.309143,0.947922,-99999,-99999,-99999,,3.272369,3.108765
138.5063,0.027935,0.002567,-0.020319,0.076492,0.309143,0.947922,-99999,-99999,-99999,,3.272369,3.108765
138.5172,0.016888,0.002024,-0.020467,0.08252,0.307648,0.947907,-99999,-99999,-99999,,3.133133,3.074234
138.5284,0.008013,0.001652,-0.021015,0.078415,0.273438,0.958679,-99999,-99999,-99999,,3.177002,3.005249
138.5395,0.008013,0.001652,-0.021015,0.078415,0.273438,0.958679,-99999,-99999,-99999,,3.177002,3.005249
138.5506,0.012136,0.001788,-0.02093,0.086487,0.254807,0.963104,-99999,-99999,-99999,,3.069916,3.047638
138.5618,0.001307,0.001286,-0.021357,0.082779,0.223541,0.971161,-99999,-99999,-99999,,3.109909,2.996506
138.5728,0.001307,0.001286,-0.021357,0.082779,0.223541,0.971161,-99999,-99999,-99999,,3.109909,2.996506
138.5839,-0.02849,0.000061,-0.022408,0.064011,0.195923,0.978516,-99999,-99999,-99999,,3.056534,3.047882
138.595,-0.029429,0.000149,-0.022676,0.061707,0.173386,0.98291,-99999,-99999,-99999,,3.054047,2.899414
138.6061,-0.029323,0.000118,-0.02249,0.055481,0.162766,0.985092,-99999,-99999,-99999,,2.890656,2.960236
138.6172,-0.029323,0.000118,-0.02249,0.055481,0.162766,0.985092,-99999,-99999,-99999,,2.890656,2.960236
138.6283,-0.028261,0.000173,-0.022454,0.041306,0.160751,0.986115,-99999,-99999,-99999,,2.962311,3.057816
138.6395,-0.027068,0.000167,-0.022281,0.04805,0.14621,0.988083,-99999,-99999,-99999,,2.920044,3.007507
138.6506,-0.027068,0.000167,-0.022281,0.04805,0.14621,0.988083,-99999,-99999,-99999,,2.920044,3.007507
138.6617,-0.025264,0.000192,-0.022076,0.051178,0.140793,0.988709,-99999,-99999,-99999,,2.890503,2.994003
138.6728,-0.021879,0.000364,-0.022131,0.035507,0.139343,0.989594,-99999,-99999,-99999,,3.044769,3.080933
138.684,-0.021879,0.000364,-0.022131,0.035507,0.139343,0.989594,-99999,-99999,-99999,,3.044769,3.080933
138.695,-0.018796,0.000484,-0.022035,0.025787,0.12796,0.99144,-99999,-99999,-99999,,2.978531,2.868195
138.706,-0.020726,0.000418,-0.022101,0.021515,0.119949,0.992539,-99999,-99999,-99999,,2.89003,2.965912
138.7172,-0.019873,0.000404,-0.021941,0.022873,0.115158,0.993073,-99999,-99999,-99999,,2.886642,2.894012
138.7284,-0.019873,0.000404,-0.021941,0.022873,0.115158,0.993073,-99999,-99999,-99999,,2.886642,2.894012
138.7394,-0.020573,0.000424,-0.02207,0.019882,0.110199,0.993698,-99999,-99999,-99999,,2.883438,2.883606
138.7505,-0.021571,0.00038,-0.022083,0.018631,0.104675,0.994324,-99999,-99999,-99999,,2.866028,2.861633
138.7616,-0.021571,0.00038,-0.022083,0.018631,0.104675,0.994324,-99999,-99999,-99999,,2.866028,2.861633
138.7727,-0.017415,0.000521,-0.021952,0.0159,0.103043,0.994537,-99999,-99999,-99999,,2.832718,2.862076
138.7838,-0.012697,0.000631,-0.021756,0.015976,0.086655,0.996109,-99999,-99999,-99999,,2.758881,2.743515
138.7949,-0.005995,0.000881,-0.021595,0.016068,0.082413,0.99646,-99999,-99999,-99999,,2.765015,2.823761
138.8061,-0.005995,0.000881,-0.021595,0.016068,0.082413,0.99646,-99999,-99999,-99999,,2.765015,2.823761
138.8172,0.01314,0.001717,-0.021389,0.014099,0.077805,0.996857,-99999,-99999,-99999,,2.770508,2.849777
138.8282,0.017968,0.001842,-0.02119,-0.022797,0.083359,0.996246,-99999,-99999,-99999,,2.877243,2.879654
138.8393,0.017968,0.001842,-0.02119,-0.022797,0.083359,0.996246,-99999,-99999,-99999,,2.877243,2.879654
138.8506,-0.000972,0.001085,-0.021889,-0.108643,0.090317,0.98996,-99999,-99999,-99999,,2.829025,3.015549
138.8615,0.020377,0.002315,-0.022669,-0.149109,0.065521,0.986633,-99999,-99999,-99999,,2.795334,3.027359
138.8726,0.020377,0.002315,-0.022669,-0.149109,0.065521,0.986633,-99999,-99999,-99999,,2.795334,3.027359
138.8839,0.027069,0.002631,-0.022744,-0.136383,0.055527,0.98909,-99999,-99999,-99999,,2.739578,2.917908
138.8949,0.020798,0.00227,-0.022547,-0.139404,0.065018,0.988098,-99999,-99999,-99999,,2.810623,2.931702
138.906,0.020798,0.00227,-0.022547,-0.139404,0.065018,0.988098,-99999,-99999,-99999,,2.810623,2.931702
138.9171,0.007511,0.001541,-0.022127,-0.141144,0.077332,0.986954,-99999,-99999,-99999,,2.816162,2.935547
138.9283,0.024276,0.002464,-0.02242,-0.130127,0.059769,0.989685,-99999,-99999,-99999,,2.76503,2.889664
138.9393,0.023758,0.002458,-0.022447,-0.130234,0.062637,0.989487,-99999,-99999,-99999,,2.793976,2.887558
138.9504,0.023758,0.002458,-0.022447,-0.130234,0.062637,0.989487,-99999,-99999,-99999,,2.793976,2.887558
138.9616,0.017313,0.002133,-0.022356,-0.131317,0.066635,0.98909,-99999,-99999,-99999,,2.801712,2.913498
138.9726,0.011062,0.001814,-0.022255,-0.132294,0.07074,0.988678,-99999,-99999,-99999,,2.801041,2.913544
138.9838,0.011062,0.001814,-0.022255,-0.132294,0.07074,0.988678,-99999,-99999,-99999,,2.801041,2.913544
138.9949,0.004221,0.001454,-0.022145,-0.133545,0.077393,0.988007,-99999,-99999,-99999,,2.800613,2.964844
139.0059,0.002608,0.001368,-0.022074,-0.126236,0.077927,0.988922,-99999,-99999,-99999,,2.808151,2.895203
139.017,0.002608,0.001368,-0.022074,-0.126236,0.077927,0.988922,-99999,-99999,-99999,,2.808151,2.895203
139.0281,-0.006978,0.00088,-0.021918,-0.127091,0.085037,0.988236,-99999,-99999,-99999,,2.808441,2.955688
139.0392,-0.003326,0.001057,-0.021846,-0.124023,0.087708,0.988388,-99999,-99999,-99999,,2.858597,2.954666
139.0503,0.002583,0.001363,-0.021921,-0.121033,0.085068,0.988983,-99999,-99999,-99999,,2.876236,2.954819
139.0615,0.002583,0.001363,-0.021921,-0.121033,0.085068,0.988983,-99999,-99999,-99999,,2.876236,2.954819
139.0726,0.009063,0.001694,-0.021989,-0.114044,0.083542,0.989945,-99999,-99999,-99999,,2.876785,2.954849
139.0836,0.006936,0.001586,-0.021942,-0.116074,0.0858,0.989517,-99999,-99999,-99999,,2.871475,2.957535
139.0949,0.006936,0.001586,-0.021942,-0.116074,0.0858,0.989517,-99999,-99999,-99999,,2.871475,2.957535
139.1059,0.00421,0.001448,-0.021836,-0.112564,0.086594,0.989853,-99999,-99999,-99999,,2.857269,2.958252
139.117,-0.00012,0.001231,-0.021786,-0.112839,0.093353,0.989212,-99999,-99999,-99999,,2.860611,2.959396
139.1284,-0.00012,0.001231,-0.021786,-0.112839,0.093353,0.989212,-99999,-99999,-99999,,2.860611,2.959396
139.1394,-0.002533,0.001132,-0.021786,-0.110703,0.09407,0.98938,-99999,-99999,-99999,,2.876389,2.972397
139.1503,-0.003985,0.001061,-0.021731,-0.106781,0.094879,0.989731,-99999,-99999,-99999,,2.920059,2.961731
139.1614,-0.00255,0.001152,-0.021762,-0.106262,0.096115,0.98967,-99999,-99999,-99999,,2.92662,2.962997
139.1725,-0.00255,0.001152,-0.021762,-0.106262,0.096115,0.98967,-99999,-99999,-99999,,2.92662,2.962997
139.1837,0.002337,0.001491,-0.021905,-0.099426,0.100586,0.989945,-99999,-99999,-99999,,2.971664,2.967758
139.1947,0.007885,0.001814,-0.021931,-0.098404,0.104141,0.98967,-99999,-99999,-99999,,3.051254,2.985443
139.2059,0.007885,0.001814,-0.021931,-0.098404,0.104141,0.98967,-99999,-99999,-99999,,3.051254,2.985443
139.2171,0.004957,0.001665,-0.021799,-0.099274,0.101608,0.989853,-99999,-99999,-99999,,2.939041,3.068451
139.2281,-0.000864,0.001262,-0.021291,-0.111359,0.105286,0.988174,-99999,-99999,-99999,,2.984695,3.156464
139.2391,-0.000864,0.001262,-0.021291,-0.111359,0.105286,0.988174,-99999,-99999,-99999,,2.984695,3.156464
139.2505,0.000159,0.00116,-0.021427,-0.091934,0.056702,0.994141,-99999,-99999,-99999,,2.894562,2.949554
139.2615,0.00822,0.001683,-0.022745,-0.06485,-0.001755,0.997879,-99999,-99999,-99999,,2.884293,2.997284
139.2724,0.00822,0.001683,-0.022745,-0.06485,-0.001755,0.997879,-99999,-99999,-99999,,2.884293,2.997284
139.2836,-0.004554,0.000755,-0.022125,-0.041367,-0.069336,0.996719,-99999,-99999,-99999,,2.910446,3.042572
139.2947,-0.012686,0.000013,-0.022004,-0.020416,-0.116837,0.992935,-99999,-99999,-99999,,2.959122,2.992691
139.3058,-0.016882,-0.000486,-0.021922,-0.016815,-0.162659,0.986527,-99999,-99999,-99999,,3.03746,2.951904
139.3168,-0.016882,-0.000486,-0.021922,-0.016815,-0.162659,0.986527,-99999,-99999,-99999,,3.03746,2.951904
139.3281,-0.01738,-0.000612,-0.022171,-0.026855,-0.205429,0.978302,-99999,-99999,-99999,,2.995636,3.040939
139.3392,-0.00843,-0.000193,-0.022189,-0.014969,-0.220139,0.975342,-99999,-99999,-99999,,3.002121,3.001984
139.3506,-0.00843,-0.000193,-0.022189,-0.014969,-0.220139,0.975342,-99999,-99999,-99999,,3.002121,3.001984
139.3614,0.005123,0.000505,-0.022121,-0.007111,-0.211624,0.97731,-99999,-99999,-99999,,2.931183,2.970062
139.3726,0.024297,0.001482,-0.02191,0.002823,-0.200714,0.97963,-99999,-99999,-99999,,2.948639,3.040314
139.3836,0.025317,0.001588,-0.021854,0.0103,-0.198227,0.980087,-99999,-99999,-99999,,3.107925,2.99765
139.3947,0.025317,0.001588,-0.021854,0.0103,-0.198227,0.980087,-99999,-99999,-99999,,3.107925,2.99765
139.406,0.02711,0.001827,-0.022131,0.014786,-0.170883,0.985169,-99999,-99999,-99999,,3.045929,2.9319
139.4169,0.015907,0.001308,-0.022008,0.003006,-0.152832,0.988236,-99999,-99999,-99999,,2.918076,2.986023
139.4279,0.015907,0.001308,-0.022008,0.003006,-0.152832,0.988236,-99999,-99999,-99999,,2.918076,2.986023
139.4392,-0.008273,0.000166,-0.02205,-0.012894,-0.149719,0.988632,-99999,-99999,-99999,,2.927536,3.024841
139.4502,-0.023462,-0.000435,-0.022269,-0.02713,-0.131668,0.990921,-99999,-99999,-99999,,3.03096,3.136154
139.4613,-0.023462,-0.000435,-0.022269,-0.02713,-0.131668,0.990921,-99999,-99999,-99999,,3.03096,3.136154
139.4725,-0.013506,0.000055,-0.022009,-0.01535,-0.114807,0.993256,-99999,-99999,-99999,,3.126999,3.241592
139.4836,0.001707,0.000872,-0.022086,-0.00293,-0.114716,0.993378,-99999,-99999,-99999,,3.047974,3.055481
139.4946,0.019426,0.001824,-0.022131,0.011337,-0.106064,0.994293,-99999,-99999,-99999,,3.055923,3.184082
139.5058,0.019426,0.001824,-0.022131,0.011337,-0.106064,0.994293,-99999,-99999,-99999,,3.055923,3.184082
139.5168,0.008574,0.001406,-0.022408,0.001602,-0.094894,0.995483,-99999,-99999,-99999,,3.14415,3.034531
139.5279,-0.009202,0.000338,-0.022341,-0.018463,-0.108261,0.993942,-99999,-99999,-99999,,3.073959,3.134674
139.5391,-0.009202,0.000338,-0.022341,-0.018463,-0.108261,0.993942,-99999,-99999,-99999,,3.073959,3.134674
139.5503,0.016447,0.001151,-0.021864,-0.004395,-0.203491,0.979065,1.86996,0.510477,0.082106,K01_WestWall,3.239914,3.220734
139.5614,0.022998,0.001352,-0.022489,0.010101,-0.243118,0.96994,1.86996,0.390062,0.057126,K01_WestWall,3.130127,3.20932
139.5725,0.023793,0.001285,-0.022459,0.013947,-0.250641,0.967972,1.86996,0.34453,0.052583,K01_WestWall,3.079254,3.281525
139.5836,0.023793,0.001285,-0.022459,0.013947,-0.250641,0.967972,1.86996,0.319794,0.055683,K01_WestWall,3.079254,3.281525
139.5947,0.015975,0.000899,-0.022183,0.010193,-0.243637,0.969803,1.86996,0.314879,0.067438,K01_WestWall,3.14064,3.163406
139.6057,0.010886,0.000742,-0.022137,0.003632,-0.229172,0.973373,1.86996,0.331432,0.085163,K01_WestWall,3.197617,3.070923
139.6168,0.010886,0.000742,-0.022137,0.003632,-0.229172,0.973373,1.86996,0.313055,0.089897,K01_WestWall,3.197617,3.070923
139.628,-0.001115,0.000151,-0.02209,-0.015274,-0.225632,0.974075,1.86996,0.305391,0.134443,K01_WestWall,3.141266,3.109314
139.6392,0.00854,0.000704,-0.02203,0.001709,-0.21463,0.976685,1.86996,0.31832,0.102037,K01_WestWall,3.203461,3.158127
139.6502,0.00854,0.000704,-0.02203,0.001709,-0.21463,0.976685,1.86996,0.303737,0.106671,K01_WestWall,3.203461,3.158127
139.6614,-0.000935,0.000265,-0.021947,-0.00592,-0.195374,0.980698,1.86996,0.340225,0.125557,K01_WestWall,3.159485,3.279068
139.6724,0.003104,0.000502,-0.021888,0.002197,-0.176804,0.984238,1.86996,0.374539,0.110644,K01_WestWall,3.215591,3.299194
139.6835,0.003104,0.000502,-0.021888,0.002197,-0.176804,0.984238,1.86996,0.362718,0.114404,K01_WestWall,3.215591,3.299194
139.6946,-0.005982,0.000018,-0.021775,-0.003372,-0.166687,0.985992,1.86996,0.377989,0.127707,K01_WestWall,3.269012,3.299881
139.7057,0.01251,0.001021,-0.021798,0.019699,-0.16629,0.98587,1.86996,0.369863,0.081584,K01_WestWall,3.194702,3.061127
139.7168,0.027489,0.001848,-0.021916,0.035522,-0.155747,0.987152,1.86996,0.387939,0.049298,K01_WestWall,3.243484,3.156036
139.7279,0.027489,0.001848,-0.021916,0.035522,-0.155747,0.987152,1.86996,0.38187,0.049686,K01_WestWall,3.243484,3.156036
139.7392,0.022533,0.001588,-0.021858,0.031174,-0.150635,0.988083,1.86996,0.388511,0.05888,K01_WestWall,3.305466,3.041321
139.7501,0.014262,0.001174,-0.021844,0.025986,-0.146027,0.988922,1.86996,0.39459,0.069216,K01_WestWall,3.254547,3.114319
139.7612,0.014262,0.001174,-0.021844,0.025986,-0.146027,0.988922,1.86996,0.389413,0.068648,K01_WestWall,3.254547,3.114319
139.7724,0.002049,0.0006,-0.021977,0.011292,-0.141876,0.989807,1.86996,0.394919,0.098283,K01_WestWall,3.198044,3.072586
139.7834,-0.000419,0.000527,-0.022141,0.006836,-0.139679,0.990158,1.86996,0.396689,0.106096,K01_WestWall,3.197159,3.081909
139.7946,-0.003543,0.000379,-0.022172,0.003098,-0.138748,0.990311,1.86996,0.395283,0.113254,K01_WestWall,3.1922,3.087631
139.8056,-0.003543,0.000379,-0.022172,0.003098,-0.138748,0.990311,1.86996,0.392618,0.111616,K01_WestWall,3.1922,3.087631
139.8167,-0.011657,-0.000008,-0.02225,-0.005859,-0.137634,0.990463,1.86996,0.393053,0.12931,K01_WestWall,3.186172,3.088104
139.8279,-0.013956,-0.00011,-0.022286,-0.008469,-0.136078,0.990646,1.86996,0.394665,0.13344,K01_WestWall,3.13678,3.087952
139.8391,-0.013956,-0.00011,-0.022286,-0.008469,-0.136078,0.990646,1.86996,0.392211,0.13221,K01_WestWall,3.13678,3.087952
139.8502,-0.008462,0.000174,-0.022234,-0.002289,-0.136963,0.99057,1.86996,0.386909,0.117944,K01_WestWall,3.113571,3.091919
139.8612,-0.003278,0.000443,-0.022188,0.003738,-0.133621,0.991013,1.86996,0.391651,0.103994,K01_WestWall,3.084854,3.092453
139.8722,-0.003278,0.000443,-0.022188,0.003738,-0.133621,0.991013,1.86996,0.388603,0.10302,K01_WestWall,3.084854,3.092453
139.8835,-0.000625,0.000576,-0.022166,0.006607,-0.129089,0.991608,1.86996,0.397296,0.095963,K01_WestWall,3.058289,3.088501
139.8946,-0.000631,0.000576,-0.022166,0.004807,-0.127396,0.991837,1.86996,0.398701,0.098406,K01_WestWall,3.025223,3.093124
139.9056,-0.000631,0.000576,-0.022166,0.004807,-0.127396,0.991837,1.86996,0.397161,0.097725,K01_WestWall,3.025223,3.093124
139.9169,0.001799,0.000696,-0.022141,0.00679,-0.126434,0.991943,1.86996,0.39935,0.092305,K01_WestWall,2.998932,3.084137
139.9277,0.003884,0.000783,-0.022036,0.007629,-0.121628,0.992539,1.86996,0.410429,0.089678,K01_WestWall,2.995468,3.079987
139.9389,0.004181,0.000811,-0.022056,0.007767,-0.11821,0.99295,1.86996,0.41924,0.088834,K01_WestWall,2.935379,3.067978
139.9501,0.004181,0.000811,-0.022056,0.007767,-0.11821,0.99295,1.86996,0.418545,0.088229,K01_WestWall,2.935379,3.067978
139.9612,0.002284,0.000721,-0.02207,0.003052,-0.118652,0.99292,1.86996,0.417139,0.097141,K01_WestWall,2.947556,3.040512
139.9722,0.002132,0.000713,-0.022065,0.002792,-0.118637,0.99292,1.86996,0.416459,0.096877,K01_WestWall,2.953018,3.041
139.9834,0.002132,0.000713,-0.022065,0.002792,-0.118637,0.99292,1.86996,0.415563,0.096163,K01_WestWall,2.953018,3.041
139.9945,0.001537,0.000684,-0.022066,0.001404,-0.11763,0.993042,1.86996,0.417911,0.097942,K01_WestWall,2.977524,3.041763
140.0056,0.001432,0.000681,-0.02207,0.00061,-0.11618,0.993225,1.86996,0.421231,0.098746,K01_WestWall,2.990585,3.021866
140.0168,0.001432,0.000681,-0.02207,0.00061,-0.11618,0.993225,1.86996,0.421682,0.098406,K01_WestWall,2.990585,3.021866
140.0277,0.001309,0.000675,-0.022075,0.000793,-0.116242,0.99321,1.86996,0.42126,0.097214,K01_WestWall,2.990234,3.021713
140.0388,0.001239,0.000675,-0.022076,0.001205,-0.116562,0.993179,1.86996,0.419934,0.095556,K01_WestWall,2.976852,3.041733
140.05,0.001275,0.000678,-0.022076,0.000412,-0.116119,0.993225,1.86996,0.419883,0.096177,K01_WestWall,2.990402,3.043808
140.0611,0.001275,0.000678,-0.022076,0.000412,-0.116119,0.993225,1.86996,0.418007,0.095333,K01_WestWall,2.990402,3.043808
140.0723,0.000839,0.000656,-0.022077,-0.000259,-0.116409,0.993195,1.86996,0.415214,0.096168,K01_WestWall,2.984192,3.043716
140.0833,0.001257,0.000674,-0.02208,0.000412,-0.115738,0.993271,1.86996,0.415556,0.094224,K01_WestWall,2.98378,3.044113
140.0945,0.001257,0.000674,-0.02208,0.000412,-0.115738,0.993271,1.86996,0.413766,0.093492,K01_WestWall,2.98378,3.044113
140.1055,0.001338,0.000678,-0.022086,-0.000168,-0.114334,0.993439,1.86996,0.416855,0.094638,K01_WestWall,2.996384,3.051147
140.1166,0.002242,0.000726,-0.02207,-0.000763,-0.114533,0.993408,1.86996,0.416531,0.095384,K01_WestWall,2.996536,3.071503
140.1277,0.003043,0.000766,-0.022053,-0.000763,-0.114731,0.993393,1.86996,0.416183,0.095033,K01_WestWall,2.998642,3.108658
140.1389,0.003043,0.000766,-0.022053,-0.000763,-0.114731,0.993393,1.86996,0.416157,0.094857,K01_WestWall,2.998642,3.108658
140.1502,0.00358,0.000793,-0.022039,-0.000977,-0.114197,0.993454,1.86996,0.417498,0.095021,K01_WestWall,3.010712,3.109283
140.161,0.007298,0.000995,-0.022045,0.005325,-0.112808,0.993591,1.86996,0.421584,0.082265,K01_WestWall,3.02475,3.116516
140.1722,0.007298,0.000995,-0.022045,0.005325,-0.112808,0.993591,1.86996,0.421572,0.082325,K01_WestWall,3.02475,3.116516
140.1833,0.005127,0.000792,-0.021519,0.056992,-0.076447,0.995438,1.86996,0.506208,-0.024991,K01_WestWall,3.041901,2.985626
140.1943,-0.01162,0.000153,-0.022117,0.042801,-0.073273,0.996384,1.86996,0.514623,0.003897,K01_WestWall,3.108032,3.041931
140.2054,-0.01162,0.000153,-0.022117,0.042801,-0.073273,0.996384,1.86996,0.514988,0.00377,K01_WestWall,3.108032,3.041931
140.2166,-0.017345,-0.00013,-0.022192,0.034058,-0.073303,0.996719,1.86996,0.514776,0.021598,K01_WestWall,3.048294,2.926651
140.2277,-0.012125,0.000125,-0.022148,0.044235,-0.074951,0.996201,1.86996,0.510183,0.001274,K01_WestWall,3.050125,2.958633
140.2391,-0.012125,0.000125,-0.022148,0.044235,-0.074951,0.996201,1.86996,0.5094,0.001056,K01_WestWall,3.050125,2.958633
140.25,0.00059,0.000702,-0.021889,0.05661,-0.07515,0.99556,1.86996,0.507335,-0.023819,K01_WestWall,3.077484,2.966888
140.261,0.001322,0.000719,-0.021831,0.057892,-0.073822,0.995575,1.86996,0.508219,-0.026551,K01_WestWall,3.080109,3.00267
140.2721,0.001713,0.000738,-0.021815,0.058594,-0.074142,0.995514,1.86996,0.505477,-0.027966,K01_WestWall,3.078934,2.9823
140.2832,0.001713,0.000738,-0.021815,0.058594,-0.074142,0.995514,1.86996,0.503398,-0.027974,K01_WestWall,3.078934,2.9823
140.2943,0.001399,0.000728,-0.021822,0.059616,-0.074417,0.995438,1.86996,0.500702,-0.029803,K01_WestWall,3.077164,2.993149
140.3054,0.002048,0.000757,-0.021797,0.059708,-0.074463,0.995422,1.86996,0.498422,-0.029876,K01_WestWall,3.077499,2.998917
140.3165,0.002048,0.000757,-0.021797,0.059708,-0.074463,0.995422,1.86996,0.496027,-0.030098,K01_WestWall,3.077499,2.998917
140.3278,0.00253,0.000779,-0.021774,0.059998,-0.074692,0.995392,1.86996,0.493182,-0.030592,K01_WestWall,3.076202,2.993973
140.3387,0.001673,0.000742,-0.021788,0.058899,-0.074554,0.995468,1.86996,0.49089,-0.028626,K01_WestWall,3.076462,2.994186
140.3499,0.001807,0.000748,-0.021776,0.060303,-0.07399,0.995422,1.86996,0.489373,-0.031532,K01_WestWall,3.065384,2.99469
140.361,0.001807,0.000748,-0.021776,0.060303,-0.07399,0.995422,1.86996,0.486702,-0.031561,K01_WestWall,3.065384,2.99469
140.3721,0.000912,0.00071,-0.021788,0.060379,-0.073853,0.995438,1.86996,0.484716,-0.031695,K01_WestWall,3.06369,2.994766
140.3831,0.000652,0.0007,-0.021784,0.060654,-0.072708,0.995499,1.86996,0.484925,-0.032713,K01_WestWall,3.062134,2.985611
140.3943,0.000652,0.0007,-0.021784,0.060654,-0.072708,0.995499,1.86996,0.483881,-0.032852,K01_WestWall,3.062134,2.985611
140.4054,0.001106,0.000722,-0.021771,0.061447,-0.071518,0.995529,1.86996,0.485457,-0.034566,K01_WestWall,3.057358,2.995667
140.4165,0.000257,0.000691,-0.021783,0.060318,-0.07132,0.995621,1.86996,0.484892,-0.032771,K01_WestWall,3.03801,2.988968
140.4275,0.000257,0.000691,-0.021783,0.060318,-0.07132,0.995621,1.86996,0.484558,-0.032856,K01_WestWall,3.03801,2.988968
140.4388,0.000128,0.000696,-0.021786,0.059998,-0.072525,0.995544,1.86996,0.481465,-0.032232,K01_WestWall,3.02771,2.985519
140.4499,0.00001,0.000698,-0.021785,0.059875,-0.072037,0.99559,1.86996,0.482195,-0.032064,K01_WestWall,3.02681,2.985748
140.461,0.001767,0.000785,-0.021742,0.062103,-0.070969,0.995529,1.86996,0.484699,-0.037096,K01_WestWall,3.01683,2.982803
140.4721,0.001767,0.000785,-0.021742,0.062103,-0.070969,0.995529,1.86996,0.48447,-0.037406,K01_WestWall,3.01683,2.982803
140.4834,0.001654,0.00079,-0.02175,0.062729,-0.069427,0.995606,1.86996,0.488138,-0.039327,K01_WestWall,3.013947,2.968704
140.4943,0.002539,0.000833,-0.021734,0.063293,-0.069031,0.99559,1.86996,0.489083,-0.040798,K01_WestWall,2.9711,2.986862
140.5054,0.002539,0.000833,-0.021734,0.063293,-0.069031,0.99559,1.86996,0.48955,-0.040863,K01_WestWall,2.9711,2.986862
140.5165,0.004961,0.001205,-0.021698,0.042969,-0.011063,0.999008,1.86996,0.622808,-0.002321,K01_WestWall,3.032745,3.011673
140.5275,0.022826,0.002483,-0.021237,-0.023972,0.118347,0.992676,1.86996,0.896873,0.116254,K01_WestWall,2.92366,3.027451
140.5387,0.022826,0.002483,-0.021237,-0.023972,0.118347,0.992676,1.86996,0.897869,0.116147,K01_WestWall,2.92366,3.027451
140.5497,0.001816,0.001594,-0.020697,-0.130219,0.246475,0.960342,1.86996,1.156886,0.298328,K01_WestWall,3.233704,3.16803
140.561,0.002135,0.001781,-0.020487,-0.183594,0.323517,0.928223,1.86996,1.313783,0.388359,K01_WestWall,2.999207,3.224884
140.5719,0.002135,0.001781,-0.020487,-0.183594,0.323517,0.928223,1.86996,1.315517,0.388909,K01_WestWall,2.999207,3.224884
140.5831,0.002131,0.001801,-0.019848,-0.19574,0.386963,0.901062,1.86996,1.443101,0.405926,K01_WestWall,3.255066,3.169128
140.5943,0.002144,0.001892,-0.020053,-0.194214,0.403229,0.894241,1.86996,1.476805,0.401808,K01_WestWall,3.169113,3.266418
140.6054,0.026302,0.003365,-0.020699,-0.159866,0.381271,0.910523,1.86996,1.429093,0.340462,K01_WestWall,3.177734,3.316345
140.6165,0.026302,0.003365,-0.020699,-0.159866,0.381271,0.910523,1.86996,1.43258,0.341207,K01_WestWall,3.177734,3.316345
140.6275,0.030414,0.003629,-0.020891,-0.163406,0.366974,0.915756,1.86996,1.409086,0.34993,K01_WestWall,3.171417,3.299225
140.6387,0.029432,0.003554,-0.020815,-0.158661,0.370194,0.915299,1.86996,1.418432,0.341799,K01_WestWall,3.187088,3.301407
140.6497,0.029432,0.003554,-0.020815,-0.158661,0.370194,0.915299,1.86996,1.423229,0.343015,K01_WestWall,3.187088,3.301407
140.6609,0.007399,0.002447,-0.020077,-0.171158,0.476044,0.862595,1.852349,1.641383,0.35768,K01_L25_01,3.431595,3.314865
140.672,-0.01178,0.001678,-0.019915,-0.160355,0.521439,0.838074,1.852349,1.740275,0.33855,K01_L25_01,3.010559,3.310181
140.683,-0.01178,0.001678,-0.019915,-0.160355,0.521439,0.838074,1.852349,1.748551,0.34087,K01_L25_01,3.010559,3.310181
140.6942,-0.011673,0.001724,-0.019854,-0.150665,0.534927,0.831345,1.852349,1.783997,0.325428,K01_L25_01,3.241547,3.433304
140.7053,-0.002941,0.002225,-0.02001,-0.14624,0.529404,0.835663,1.852349,1.781398,0.320151,K01_L25_01,3.226715,3.434418
140.7164,0.006879,0.002804,-0.020239,-0.139404,0.51915,0.843231,1.852349,1.77411,0.310606,K01_L25_01,3.240463,3.438507
140.7275,0.006879,0.002804,-0.020239,-0.139404,0.51915,0.843231,1.852349,1.792728,0.314408,K01_L25_01,3.240463,3.438507
140.7385,0.014675,0.003256,-0.020339,-0.133835,0.504242,0.853119,1.852349,1.785249,0.308933,K01_L25_01,3.310394,3.417633
140.7497,-0.001702,0.002368,-0.020188,-0.149216,0.515488,0.843781,1.852349,1.838298,0.343034,K01_L25_01,3.31601,3.424149
140.7608,-0.001702,0.002368,-0.020188,-0.149216,0.515488,0.843781,1.852349,1.868003,0.350455,K01_L25_01,3.31601,3.424149
140.7719,-0.003727,0.002291,-0.020132,-0.150452,0.498703,0.853592,1.852349,1.862941,0.360298,K01_L25_01,3.319534,3.471466
140.783,-0.011039,0.002011,-0.02039,-0.147507,0.452545,0.87944,1.852349,1.798401,0.360707,K01_L25_01,3.351318,3.36203
140.7942,-0.011039,0.002011,-0.02039,-0.147507,0.452545,0.87944,1.852349,1.837606,0.36797,K01_L25_01,3.351318,3.36203
140.8052,-0.003364,0.002437,-0.020758,-0.135117,0.429672,0.892807,1.852349,1.827911,0.350284,K01_L25_01,3.249481,3.300156
140.8163,-0.00635,0.002266,-0.020463,-0.136566,0.45433,0.88028,1.852349,1.92231,0.36144,K01_L25_01,3.320831,3.258286
140.8275,-0.016818,0.001783,-0.020374,-0.140961,0.469971,0.871338,1.852349,1.998302,0.378642,K01_L25_01,3.328033,3.300049
140.8385,-0.016818,0.001783,-0.020374,-0.140961,0.469971,0.871338,1.852349,2.039955,0.387541,K01_L25_01,3.328033,3.300049
140.8496,-0.02035,0.001361,-0.020111,-0.133423,0.461762,0.876892,1.852349,2.059855,0.38033,K01_L25_01,3.223969,3.260101
140.8608,-0.002459,0.002107,-0.020394,-0.106918,0.428314,0.897263,1.852349,2.021482,0.335273,K01_L25_01,3.271317,3.249298
140.8719,-0.002459,0.002107,-0.020394,-0.106918,0.428314,0.897263,1.852349,2.057101,0.343116,K01_L25_01,3.271317,3.249298
140.883,0.011444,0.002555,-0.020284,-0.098724,0.394226,0.913681,1.852349,2.017883,0.333338,K01_L25_01,3.171753,3.304321
140.8941,0.017433,0.002725,-0.020378,-0.090088,0.365952,0.926254,1.852349,1.992104,0.322782,K01_L25_01,3.184387,3.136719
140.9052,0.021444,0.002788,-0.020378,-0.087097,0.337463,0.937286,1.852349,1.966395,0.323056,K01_L25_01,3.185364,3.23114
140.9163,0.021444,0.002788,-0.020378,-0.087097,0.337463,0.937286,1.852349,1.996566,0.329873,K01_L25_01,3.185364,3.23114
140.9274,0.0176,0.002478,-0.02028,-0.085831,0.302734,0.949188,1.852349,1.957694,0.332161,K01_L25_01,3.170181,3.181778
140.9384,0.015423,0.002256,-0.020142,-0.078445,0.296967,0.951645,1.852349,1.974699,0.324497,K01_L25_01,3.311371,3.241425
140.9496,0.015423,0.002256,-0.020142,-0.078445,0.296967,0.951645,1.852349,2.0042,0.330343,K01_L25_01,3.311371,3.241425
140.9607,0.011311,0.001984,-0.020332,-0.087311,0.279114,0.956268,1.852349,1.999094,0.35277,K01_L25_01,3.144363,3.226135
140.9718,-0.000254,0.001336,-0.020439,-0.077118,0.258133,0.963013,1.852349,1.984555,0.339073,K01_L25_01,3.16571,3.14711
140.9829,-0.000254,0.001336,-0.020439,-0.077118,0.258133,0.963013,1.852349,2.010737,0.345021,K01_L25_01,3.16571,3.14711
140.9941,-0.012269,0.000675,-0.020649,-0.075699,0.22731,0.970871,1.852349,1.974753,0.347812,K01_L25_01,3.116821,3.026749
141.0052,-0.006406,0.000955,-0.020922,-0.073074,0.201859,0.976669,1.852349,1.949255,0.348399,K01_L25_01,3.076538,3.044571
141.0164,-0.003059,0.001025,-0.020893,-0.055069,0.169693,0.983948,1.852349,1.909577,0.320049,K01_L25_01,3.111938,3.152802
141.0275,-0.003059,0.001025,-0.020893,-0.055069,0.169693,0.983948,1.852349,1.931816,0.325178,K01_L25_01,3.111938,3.152802
141.0384,-0.005731,0.000883,-0.021036,-0.054001,0.152908,0.986755,1.852349,1.921754,0.328392,K01_L25_01,3.171814,3.250168
141.0495,-0.022423,-0.000017,-0.02104,-0.06012,0.141174,0.988144,1.852349,1.920745,0.344763,K01_L25_01,3.149826,3.176727
141.0607,-0.022423,-0.000017,-0.02104,-0.06012,0.141174,0.988144,1.852349,1.940766,0.349464,K01_L25_01,3.149826,3.176727
141.0719,-0.020618,0.000085,-0.021133,-0.049179,0.131027,0.990143,1.852349,1.938992,0.333244,K01_L25_01,3.114639,3.045715
141.0829,-0.001252,0.001072,-0.021011,-0.084122,0.14357,0.986054,1.852349,1.98615,0.40289,K01_L25_01,3.194031,3.119125
141.094,-0.001252,0.001072,-0.021011,-0.084122,0.14357,0.986054,1.852349,2.004664,0.405576,K01_L25_01,3.194031,3.119125
141.1052,0.00353,0.001482,-0.021627,-0.094528,0.136993,0.986038,1.852349,2.01194,0.428357,K01_L25_01,3.079086,3.01886
141.1162,0.000524,0.001267,-0.021562,-0.099823,0.122665,0.987412,1.852349,2.003249,0.440888,K01_L25_01,2.979874,3.127274
141.1273,-0.001675,0.001149,-0.021748,-0.092407,0.103043,0.990372,1.852349,1.98283,0.429004,K01_L25_01,3.011536,3.110474
141.1385,-0.001675,0.001149,-0.021748,-0.092407,0.103043,0.990372,1.852349,2.000931,0.430861,K01_L25_01,3.011536,3.110474
141.1495,-0.013119,0.000544,-0.021683,-0.09787,0.090729,0.991043,1.852349,1.995199,0.442479,K01_L25_01,3.047897,3.085892
141.1608,-0.01731,0.00024,-0.021522,-0.092758,0.083221,0.992203,1.852349,1.99671,0.433535,K01_L25_01,2.897812,3.091461
141.1718,-0.021475,-0.000066,-0.021324,-0.098694,0.083969,0.991562,1.852349,2.013942,0.445307,K01_L25_01,3.029251,3.102615
141.1828,-0.021475,-0.000066,-0.021324,-0.098694,0.083969,0.991562,1.852349,2.028263,0.445821,K01_L25_01,3.029251,3.102615
141.194,-0.021557,-0.000065,-0.021361,-0.09465,0.064697,0.993393,1.852349,2.003526,0.438864,K01_L25_01,3.105988,3.184113
141.205,-0.017439,0.000123,-0.021379,-0.095581,0.045853,0.994354,1.852349,1.979239,0.442229,K01_L25_01,3.081146,3.145828
141.2162,-0.017439,0.000123,-0.021379,-0.095581,0.045853,0.994354,1.852349,1.989911,0.442811,K01_L25_01,3.081146,3.145828
141.2272,-0.017,0.00012,-0.021101,-0.10669,0.031006,0.993805,1.852349,1.972662,0.465404,K01_L25_01,3.037918,3.281128
141.2383,-0.023317,-0.000165,-0.02124,-0.102432,0.031616,0.994232,1.852349,1.980305,0.457863,K01_L25_01,3.015793,3.192062
141.2496,-0.023317,-0.000165,-0.02124,-0.102432,0.031616,0.994232,1.852349,1.985776,0.457713,K01_L25_01,3.015793,3.192062
141.2608,-0.025381,-0.000361,-0.021152,-0.096787,0.024399,0.994995,1.852349,1.974819,0.447205,K01_L25_01,3.125351,3.189545
141.2717,-0.020481,-0.000191,-0.021162,-0.095093,0.008469,0.995422,1.852349,1.946644,0.44331,K01_L25_01,2.997818,3.264664
141.2829,-0.004474,0.000559,-0.021383,-0.087921,-0.006699,0.996094,1.852349,1.917882,0.428666,K01_L25_01,2.993454,3.160294
141.294,-0.004474,0.000559,-0.021383,-0.087921,-0.006699,0.996094,1.852349,1.917797,0.427721,K01_L25_01,2.993454,3.160294
141.305,0.018594,0.001683,-0.021533,-0.072342,-0.022675,0.997116,1.852349,1.88632,0.397211,K01_L25_01,3.012283,3.196304
141.3161,0.017901,0.001644,-0.021537,-0.073181,-0.023987,0.997025,1.852349,1.881675,0.397878,K01_L25_01,3.011307,3.139206
141.3273,0.017901,0.001644,-0.021537,-0.073181,-0.023987,0.997025,1.852349,1.879933,0.3973,K01_L25_01,3.011307,3.139206
141.3383,0.014004,0.001453,-0.021513,-0.074387,-0.023819,0.996933,1.852349,1.877068,0.399138,K01_L25_01,3.051498,3.126801
141.3494,0.00538,0.001023,-0.021468,-0.078659,-0.016983,0.99675,1.852349,1.887265,0.406821,K01_L25_01,3.050781,3.120544
141.3607,0.002227,0.000866,-0.021447,-0.080536,-0.014343,0.996643,1.852349,1.888875,0.410315,K01_L25_01,3.052521,3.117126
141.3717,0.002227,0.000866,-0.021447,-0.080536,-0.014343,0.996643,1.852349,1.885642,0.409929,K01_L25_01,3.052521,3.117126
141.3827,0.001926,0.00085,-0.021439,-0.081879,-0.014816,0.996521,1.852349,1.882124,0.41219,K01_L25_01,3.043015,3.117126
141.3939,0.000914,0.000796,-0.021423,-0.081375,-0.013779,0.996582,1.852349,1.881442,0.412037,K01_L25_01,3.050354,3.107941
141.405,0.000914,0.000796,-0.021423,-0.081375,-0.013779,0.996582,1.852349,1.879325,0.412146,K01_L25_01,3.050354,3.107941
141.4161,0.000209,0.000757,-0.021406,-0.083786,-0.012299,0.996399,1.852349,1.880946,0.417645,K01_L25_01,3.054062,3.112671
141.4273,-0.004377,0.000528,-0.021363,-0.08699,-0.009277,0.996155,1.852349,1.886369,0.425351,K01_L25_01,3.053802,3.118729
141.4383,-0.004377,0.000528,-0.021363,-0.08699,-0.009277,0.996155,1.852349,1.886343,0.426748,K01_L25_01,3.053802,3.118729
141.4494,-0.009786,0.000258,-0.021257,-0.090912,-0.007645,0.995819,1.852349,1.890603,0.436238,K01_L25_01,3.057404,3.113159
141.4604,-0.007037,0.000396,-0.021242,-0.090118,-0.006821,0.995895,1.852349,1.893398,0.436927,K01_L25_01,3.060959,3.120255
141.4717,-0.004619,0.000518,-0.021224,-0.090347,-0.001068,0.995895,1.852349,1.906413,0.43978,K01_L25_01,3.084,3.162933
141.4829,-0.004619,0.000518,-0.021224,-0.090347,-0.001068,0.995895,1.852349,1.908873,0.442137,K01_L25_01,3.084,3.162933
141.4939,-0.001287,0.000717,-0.02125,-0.087479,-0.004868,0.99614,1.852349,1.904005,0.439196,K01_L25_01,3.082489,3.167053
141.505,-0.002543,0.000672,-0.021235,-0.087494,-0.00679,0.99614,1.852349,1.902887,0.441814,K01_L25_01,3.080902,3.173492
141.5161,-0.002543,0.000672,-0.021235,-0.087494,-0.00679,0.99614,1.852349,1.904847,0.444214,K01_L25_01,3.080902,3.173492
141.5272,-0.000364,0.000805,-0.021262,-0.085464,-0.005066,0.996323,1.852349,1.909866,0.443021,K01_L25_01,3.081375,3.190201
141.5382,0.001506,0.000906,-0.021284,-0.085144,-0.006287,0.996338,1.852349,1.909056,0.444106,K01_L25_01,3.081345,3.193954
141.5493,0.001506,0.000906,-0.021284,-0.085144,-0.006287,0.996338,1.852349,1.910231,0.445926,K01_L25_01,3.081345,3.193954
141.5605,0.00135,0.000901,-0.021283,-0.08522,-0.006683,0.996338,1.852349,1.91066,0.447837,K01_L25_01,3.076096,3.189774
141.5716,0.002927,0.000984,-0.021298,-0.081802,-0.007965,0.996613,1.852349,1.908846,0.442525,K01_L25_01,3.074402,3.18985
141.5827,0.003852,0.001035,-0.021307,-0.07991,-0.010361,0.996735,1.852349,1.904811,0.440058,K01_L25_01,3.074066,3.180283
141.5938,0.003852,0.001035,-0.021307,-0.07991,-0.010361,0.996735,1.852349,1.905179,0.441352,K01_L25_01,3.074066,3.180283
141.6049,0.002413,0.00096,-0.021318,-0.07872,-0.012909,0.996811,1.852349,1.900296,0.439899,K01_L25_01,3.064514,3.177933
141.616,-0.002385,0.000704,-0.021294,-0.077026,-0.008102,0.996994,1.852349,1.909496,0.437463,K01_L25_01,3.066513,3.176376
141.6271,-0.002385,0.000704,-0.021294,-0.077026,-0.008102,0.996994,1.852349,1.909397,0.438019,K01_L25_01,3.066513,3.176376
141.6382,-0.005038,0.000572,-0.02124,-0.075302,-0.00882,0.997116,1.852349,1.907604,0.435363,K01_L25_01,3.058624,3.112717
141.6494,-0.004288,0.000607,-0.021239,-0.073242,-0.009476,0.997269,1.852349,1.905939,0.432202,K01_L25_01,3.051239,3.118881
141.6605,-0.004426,0.000594,-0.021222,-0.072754,-0.008911,0.997299,1.852349,1.906456,0.431818,K01_L25_01,3.04686,3.132126
141.6719,-0.004426,0.000594,-0.021222,-0.072754,-0.008911,0.997299,1.852349,1.90578,0.432615,K01_L25_01,3.04686,3.132126
141.6826,-0.006029,0.000514,-0.021214,-0.074188,-0.009048,0.997192,1.852349,1.904263,0.435792,K01_L25_01,3.051865,3.145126
141.6937,-0.010589,0.000289,-0.021183,-0.076233,-0.00679,0.997055,1.852349,1.907654,0.439937,K01_L25_01,3.046814,3.161804
141.7049,-0.010589,0.000289,-0.021183,-0.076233,-0.00679,0.997055,1.852349,1.905725,0.440056,K01_L25_01,3.046814,3.161804
141.7159,-0.002691,0.000678,-0.021204,-0.072495,-0.011581,0.997299,1.852349,1.89518,0.433268,K01_L25_01,3.025223,3.161896
141.7271,-0.0027,0.000678,-0.021198,-0.070969,-0.01033,0.997421,1.852349,1.895243,0.430547,K01_L25_01,3.026489,3.162033
141.7382,-0.0027,0.000678,-0.021198,-0.070969,-0.01033,0.997421,1.852349,1.893557,0.430841,K01_L25_01,3.026489,3.162033
141.7494,-0.003269,0.000651,-0.021194,-0.070496,-0.009949,0.997452,1.852349,1.892416,0.430728,K01_L25_01,3.024231,3.176392
141.7604,-0.003347,0.000648,-0.021192,-0.067703,-0.009827,0.99765,1.852349,1.890652,0.425325,K01_L25_01,3.020401,3.179962
141.7719,-0.003808,0.000627,-0.02119,-0.067368,-0.00972,0.997665,1.852349,1.888329,0.425131,K01_L25_01,2.983765,3.183228
141.7831,-0.003808,0.000627,-0.02119,-0.067368,-0.00972,0.997665,1.852349,1.885866,0.425242,K01_L25_01,2.983765,3.183228
141.7939,-0.003557,0.000643,-0.021188,-0.0672,-0.009323,0.997681,1.852349,1.884051,0.425523,K01_L25_01,2.977936,3.187943
141.8049,-0.004875,0.00058,-0.021176,-0.068024,-0.009399,0.997635,1.852349,1.881285,0.427241,K01_L25_01,2.963577,3.18663
141.816,-0.004875,0.00058,-0.021176,-0.068024,-0.009399,0.997635,1.852349,1.878506,0.427772,K01_L25_01,2.963577,3.18663
141.827,-0.004449,0.000609,-0.021173,-0.067215,-0.009491,0.997681,1.852349,1.876329,0.426297,K01_L25_01,2.962921,3.188583
141.8383,-0.003061,0.000685,-0.021169,-0.066223,-0.008118,0.997757,1.852349,1.876856,0.424509,K01_L25_01,2.947052,3.190018
141.8493,-0.003061,0.000685,-0.021169,-0.066223,-0.008118,0.997757,1.852349,1.87443,0.425067,K01_L25_01,2.947052,3.190018
141.8604,-0.002571,0.00071,-0.021171,-0.06633,-0.004745,0.997772,1.852349,1.878505,0.425543,K01_L25_01,2.942154,3.190659
141.8716,0.002305,0.000956,-0.021181,-0.065048,-0.006485,0.997849,1.852349,1.872773,0.42307,K01_L25_01,2.931793,3.186981
141.8826,0.002859,0.000985,-0.021159,-0.066208,-0.00293,0.997788,1.852349,1.877147,0.425543,K01_L25_01,2.915649,3.191193
141.8938,0.002859,0.000985,-0.021159,-0.066208,-0.00293,0.997788,1.852349,1.874464,0.425479,K01_L25_01,2.915649,3.191193
141.9048,0.001913,0.000948,-0.021133,-0.0672,0.000595,0.997726,1.852349,1.878777,0.427513,K01_L25_01,2.917542,3.192581
141.9159,0.002403,0.000987,-0.021101,-0.066788,0.001511,0.997757,1.852349,1.878206,0.426533,K01_L25_01,2.928848,3.174561
141.927,0.002403,0.000987,-0.021101,-0.066788,0.001511,0.997757,1.852349,1.875958,0.426753,K01_L25_01,2.928848,3.174561
141.9381,0.002142,0.000978,-0.021086,-0.068359,0.005722,0.997635,1.852349,1.882665,0.42961,K01_L25_01,2.927673,3.171265
141.9492,0.001722,0.000963,-0.021077,-0.069489,0.006607,0.997559,1.852349,1.882763,0.432032,K01_L25_01,2.932373,3.139847
141.9603,0.001722,0.000963,-0.021077,-0.069489,0.006607,0.997559,1.852349,1.881337,0.431721,K01_L25_01,2.932373,3.139847
141.9715,0.000215,0.000893,-0.020979,-0.072571,0.002975,0.997345,1.852349,1.873226,0.437199,K01_L25_01,2.93512,3.167221
141.9825,0.003505,0.001062,-0.020972,-0.071823,0.002441,0.997406,1.852349,1.870706,0.435608,K01_L25_01,2.933334,3.1763
141.9938,-0.002778,0.000765,-0.020984,-0.074234,0.009872,0.997177,1.852349,1.883546,0.440111,K01_L25_01,2.936584,3.178452
142.0048,-0.002778,0.000765,-0.020984,-0.074234,0.009872,0.997177,1.852349,1.882414,0.440059,K01_L25_01,2.936584,3.178452
142.0158,-0.002522,0.000789,-0.020984,-0.074173,0.012848,0.997162,1.852349,1.886832,0.439855,K01_L25_01,2.967468,3.187531
142.0269,-0.001946,0.000823,-0.020983,-0.074677,0.018662,0.997025,1.852349,1.896458,0.440837,K01_L25_01,2.988571,3.171951
142.0381,-0.001946,0.000823,-0.020983,-0.074677,0.018662,0.997025,1.852349,1.895047,0.440359,K01_L25_01,2.988571,3.171951
142.0492,-0.004995,0.000687,-0.021001,-0.076614,0.020172,0.996841,1.852349,1.896621,0.444322,K01_L25_01,3.023895,3.188263
142.0602,-0.001832,0.000851,-0.021004,-0.075775,0.019669,0.996918,1.852349,1.893839,0.442106,K01_L25_01,3.023376,3.189667
142.0714,-0.003925,0.000763,-0.021007,-0.076843,0.02298,0.996765,1.852349,1.898616,0.444208,K01_L25_01,3.049667,3.190903
142.0826,-0.003925,0.000763,-0.021007,-0.076843,0.02298,0.996765,1.852349,1.89709,0.444298,K01_L25_01,3.049667,3.190903
142.0939,-0.006956,0.000617,-0.021009,-0.077347,0.025131,0.996674,1.852349,1.899476,0.444955,K01_L25_01,3.055771,3.162628
142.1049,-0.00618,0.000665,-0.021008,-0.077103,0.024231,0.996719,1.852349,1.896082,0.444732,K01_L25_01,3.057907,3.153442
142.1158,-0.00618,0.000665,-0.021008,-0.077103,0.024231,0.996719,1.852349,1.894584,0.444121,K01_L25_01,3.057907,3.153442
142.1269,-0.00763,0.000597,-0.021007,-0.077148,0.026794,0.996658,1.852349,1.89763,0.444117,K01_L25_01,3.0578,3.148895
142.138,-0.010189,0.000476,-0.021006,-0.079346,0.029755,0.996399,1.852349,1.901841,0.448003,K01_L25_01,3.058777,3.132675
142.1491,-0.010189,0.000476,-0.021006,-0.079346,0.029755,0.996399,1.852349,1.899703,0.447672,K01_L25_01,3.058777,3.132675
142.1603,-0.003747,0.000799,-0.021002,-0.076416,0.027496,0.996689,1.852349,1.893313,0.442082,K01_L25_01,3.061661,3.117615
142.1713,-0.005796,0.000698,-0.021004,-0.077072,0.033829,0.996445,1.852349,1.902737,0.443006,K01_L25_01,3.083649,3.119431
142.1825,-0.005796,0.000698,-0.021004,-0.077072,0.033829,0.996445,1.852349,1.900107,0.442367,K01_L25_01,3.083649,3.119431
142.1936,-0.002006,0.000889,-0.02099,-0.07637,0.031357,0.996582,1.852349,1.892609,0.440562,K01_L25_01,3.089539,3.11795
142.2047,-0.002406,0.000936,-0.021229,-0.068542,0.03009,0.997192,1.852349,1.886201,0.425169,K01_L25_01,3.040039,3.120529
142.2158,-0.003329,0.00089,-0.021211,-0.069916,0.03125,0.997055,1.852349,1.885063,0.42729,K01_L25_01,3.084946,3.125275
142.2269,-0.003329,0.00089,-0.021211,-0.069916,0.03125,0.997055,1.852349,1.881284,0.426492,K01_L25_01,3.084946,3.125275
142.2379,-0.002316,0.000942,-0.021218,-0.069809,0.033127,0.996994,1.852349,1.881266,0.425883,K01_L25_01,3.085617,3.151535
142.2491,-0.004091,0.000848,-0.021186,-0.071762,0.035233,0.996796,1.852349,1.881472,0.42855,K01_L25_01,3.08577,3.153809
142.2603,-0.004091,0.000848,-0.021186,-0.071762,0.035233,0.996796,1.852349,1.877626,0.428047,K01_L25_01,3.08577,3.153809
142.2715,-0.003018,0.000906,-0.021178,-0.071777,0.036072,0.996765,1.852349,1.87465,0.427285,K01_L25_01,3.086914,3.155426
142.2824,-0.003007,0.000912,-0.021169,-0.071854,0.036957,0.996719,1.852349,1.871955,0.426572,K01_L25_01,3.092499,3.154938
142.2935,-0.003007,0.000912,-0.021169,-0.071854,0.036957,0.996719,1.852349,1.867123,0.426074,K01_L25_01,3.092499,3.154938
142.3046,-0.002283,0.000952,-0.021179,-0.071228,0.039581,0.996674,1.852349,1.86681,0.423885,K01_L25_01,3.093002,3.14595
142.3159,0.001902,0.001186,-0.021241,-0.069214,0.03862,0.996841,1.852349,1.859065,0.419058,K01_L25_01,3.093781,3.139435
142.3269,-0.000001,0.001116,-0.021253,-0.071121,0.045212,0.996429,1.852349,1.865531,0.421942,K01_L25_01,3.104691,3.136169
142.3381,-0.000001,0.001116,-0.021253,-0.071121,0.045212,0.996429,1.852349,1.859614,0.420915,K01_L25_01,3.104691,3.136169
142.3493,-0.000759,0.001095,-0.021248,-0.071945,0.045273,0.996368,1.852349,1.852342,0.421872,K01_L25_01,3.091614,3.137817
142.3604,-0.004058,0.000938,-0.021202,-0.074524,0.04895,0.996002,1.852349,1.851567,0.426069,K01_L25_01,3.102493,3.138748
142.3713,-0.004058,0.000938,-0.021202,-0.074524,0.04895,0.996002,1.852349,1.843482,0.42586,K01_L25_01,3.102493,3.138748
142.3824,0.004633,0.00142,-0.021329,-0.06897,0.047333,0.996491,1.852349,1.831555,0.414501,K01_L25_01,3.106293,3.144638
142.3936,0.00243,0.00138,-0.021339,-0.071335,0.060684,0.99559,1.852349,1.847163,0.418325,K01_L25_01,3.108673,3.248871
142.4046,0.00243,0.00138,-0.021339,-0.071335,0.060684,0.99559,1.852349,1.837112,0.41801,K01_L25_01,3.108673,3.248871
142.4158,-0.018549,0.000324,-0.021059,-0.089554,0.08609,0.992249,1.852349,1.875148,0.452277,K01_L25_01,3.10907,3.373062
142.427,-0.023483,0.000253,-0.021356,-0.090866,0.106094,0.990189,1.852349,1.901402,0.454957,K01_L25_01,3.248154,3.41629
142.4379,-0.023121,0.000258,-0.021196,-0.091934,0.112869,0.989334,1.852349,1.903103,0.45713,K01_L25_01,3.359634,3.359711
142.449,-0.023121,0.000258,-0.021196,-0.091934,0.112869,0.989334,1.852349,1.891881,0.45731,K01_L25_01,3.359634,3.359711
142.4601,-0.013046,0.000736,-0.021068,-0.083954,0.112045,0.990143,1.852349,1.878837,0.442717,K01_L25_01,3.348877,3.292297
142.4713,-0.005578,0.001153,-0.021222,-0.082291,0.104752,0.991074,1.852349,1.855033,0.439714,K01_L25_01,3.361145,3.359009
142.4823,-0.005578,0.001153,-0.021222,-0.082291,0.104752,0.991074,1.852349,1.845861,0.44048,K01_L25_01,3.361145,3.359009
142.4936,-0.004731,0.000927,-0.02084,-0.065552,0.068939,0.995453,1.852349,1.769373,0.410595,K01_L25_01,3.209732,3.441422
142.5047,-0.020877,0.00027,-0.021592,-0.048981,0.007095,0.998764,1.852349,1.64836,0.383077,K01_L25_01,3.159225,3.217316
142.5156,-0.020877,0.00027,-0.021592,-0.048981,0.007095,0.998764,1.852349,1.641103,0.384183,K01_L25_01,3.159225,3.217316
142.5268,-0.026146,0.000008,-0.021879,-0.016098,-0.012756,0.999786,1.852349,1.596165,0.325928,K01_L25_01,3.19838,3.273239
142.5379,-0.027242,-0.000121,-0.02173,-0.003815,-0.029068,0.999558,1.86996,1.559542,0.308429,K01_WestWall,3.100281,3.295044
142.549,-0.025875,0.00005,-0.022055,-0.00798,-0.025284,0.999634,1.86996,1.559682,0.316987,K01_WestWall,3.158829,3.205521
142.56,-0.025875,0.00005,-0.022055,-0.00798,-0.025284,0.999634,1.86996,1.552203,0.318167,K01_WestWall,3.158829,3.205521
142.5712,-0.014714,0.000564,-0.02182,0.001038,-0.019699,0.999802,1.86996,1.554134,0.302576,K01_WestWall,3.117447,3.110168
142.5824,0.002936,0.001267,-0.021316,0.016876,-0.011658,0.999786,1.86996,1.559968,0.274372,K01_WestWall,3.090271,3.166794
142.5934,0.002936,0.001267,-0.021316,0.016876,-0.011658,0.999786,1.86996,1.551296,0.275301,K01_WestWall,3.090271,3.166794
142.6045,0.004274,0.001334,-0.021262,0.017868,-0.01088,0.999771,1.86996,1.544232,0.27479,K01_WestWall,3.094818,3.157745
142.6156,-0.006172,0.000932,-0.021549,0.007828,0.002991,0.999954,1.86996,1.56092,0.292973,K01_WestWall,3.092041,3.161957
142.6268,-0.006172,0.000932,-0.021549,0.007828,0.002991,0.999954,1.86996,1.552471,0.293575,K01_WestWall,3.092041,3.161957
142.6379,-0.009698,0.000792,-0.021621,0.004242,0.007858,0.999954,1.86996,1.553087,0.300273,K01_WestWall,3.090775,3.141449
142.649,0.001932,0.001253,-0.021298,0.013977,0.017029,0.999756,1.86996,1.561914,0.282709,K01_WestWall,3.080048,3.143631
142.6601,0.001702,0.001313,-0.02132,0.016495,0.023682,0.999573,1.86996,1.567539,0.277999,K01_WestWall,3.078751,3.085815
142.6712,0.001702,0.001313,-0.02132,0.016495,0.023682,0.999573,1.86996,1.561911,0.278429,K01_WestWall,3.078751,3.085815
142.6823,-0.002642,0.001165,-0.021356,0.015747,0.025375,0.999542,1.86996,1.56049,0.280213,K01_WestWall,3.077957,3.082809
142.6933,-0.012251,0.000861,-0.021604,0.007614,0.035965,0.999313,1.86996,1.575612,0.294993,K01_WestWall,3.071442,3.046356
142.7045,-0.012251,0.000861,-0.021604,0.007614,0.035965,0.999313,1.86996,1.571972,0.29565,K01_WestWall,3.071442,3.046356
142.7156,-0.012425,0.000887,-0.021656,0.009598,0.045746,0.998901,1.86996,1.585675,0.29213,K01_WestWall,2.999313,3.087845
142.7267,-0.009026,0.001034,-0.021562,0.01149,0.046631,0.99884,1.86996,1.58365,0.289128,K01_WestWall,3.028458,3.088089
142.7378,-0.009026,0.001034,-0.021562,0.01149,0.046631,0.99884,1.86996,1.580496,0.289486,K01_WestWall,3.028458,3.088089
142.7489,-0.005817,0.001174,-0.021484,0.013077,0.048386,0.998734,1.86996,1.580313,0.286897,K01_WestWall,3.0298,3.08812
142.7601,-0.005461,0.001196,-0.021481,0.01265,0.048508,0.998734,1.86996,1.577279,0.28769,K01_WestWall,3.028183,3.088974
142.7711,-0.005461,0.001196,-0.021481,0.01265,0.048508,0.998734,1.86996,1.573558,0.287581,K01_WestWall,3.028183,3.088974
142.7823,-0.006122,0.001175,-0.0215,0.011871,0.051987,0.998566,1.86996,1.576644,0.288693,K01_WestWall,3.073257,3.07634
142.7933,-0.001067,0.001393,-0.021373,0.017426,0.055588,0.998291,1.86996,1.57863,0.278059,K01_WestWall,3.030029,3.062592
142.8045,-0.003773,0.00128,-0.021431,0.01564,0.059494,0.998093,1.86996,1.581664,0.280153,K01_WestWall,3.007599,3.067078
142.8157,-0.003773,0.00128,-0.021431,0.01564,0.059494,0.998093,1.86996,1.577371,0.279083,K01_WestWall,3.007599,3.067078
142.8266,-0.00192,0.00136,-0.021391,0.017349,0.061386,0.997955,1.86996,1.576024,0.274546,K01_WestWall,3.006378,3.068771
142.8378,-0.005569,0.001029,-0.021464,0.016312,0.019974,0.999664,1.86996,1.497513,0.277346,K01_WestWall,2.901321,2.910797
142.8489,-0.005569,0.001029,-0.021464,0.016312,0.019974,0.999664,1.86996,1.491946,0.275898,K01_WestWall,2.901321,2.910797
142.86,0.017203,0.001705,-0.020736,0.038055,-0.04277,0.998352,1.86996,1.372808,0.238921,K01_WestWall,2.933716,2.989319
142.8711,0.025855,0.001955,-0.020606,0.053391,-0.056,0.996994,1.86996,1.34091,0.209978,K01_WestWall,2.992249,2.965378
142.8821,0.025122,0.001918,-0.020668,0.052963,-0.060181,0.99678,1.86996,1.325505,0.209133,K01_WestWall,2.89267,2.978226
142.8933,0.025122,0.001918,-0.020668,0.052963,-0.060181,0.99678,1.86996,1.317411,0.206531,K01_WestWall,2.89267,2.978226
142.9044,0.018815,0.001684,-0.020916,0.040894,-0.054977,0.997635,1.86996,1.318982,0.225419,K01_WestWall,2.879623,3.004761
142.9155,0.006447,0.001222,-0.021269,0.030655,-0.054657,0.998032,1.86996,1.312088,0.240919,K01_WestWall,2.90802,2.949448
142.9267,0.006447,0.001222,-0.021269,0.030655,-0.054657,0.998032,1.86996,1.303888,0.23827,K01_WestWall,2.90802,2.949448
142.9377,0.003851,0.001128,-0.021285,0.026123,-0.051041,0.998352,1.86996,1.302915,0.242915,K01_WestWall,2.855423,2.981674
142.9489,-0.003965,0.000835,-0.021489,0.019073,-0.058716,0.998077,1.86996,1.281414,0.253135,K01_WestWall,2.784363,2.953064
142.9599,-0.003965,0.000835,-0.021489,0.019073,-0.058716,0.998077,1.86996,1.273567,0.24966,K01_WestWall,2.784363,2.953064
142.9711,-0.005107,0.000792,-0.021512,0.016632,-0.054306,0.998383,1.86996,1.274191,0.250238,K01_WestWall,2.855637,2.942535
142.9821,-0.014074,0.000428,-0.021743,0.006912,-0.049698,0.998734,1.86996,1.275449,0.263479,K01_WestWall,2.877014,2.946426
142.9933,-0.013078,0.000484,-0.021731,0.006805,-0.046402,0.998886,1.86996,1.273922,0.25939,K01_WestWall,2.892029,2.947006
143.0043,-0.013078,0.000484,-0.021731,0.006805,-0.046402,0.998886,1.86996,1.265791,0.255095,K01_WestWall,2.892029,2.947006
143.0154,-0.003055,0.000915,-0.021469,0.010513,-0.0439,0.998978,1.86996,1.261644,0.243969,K01_WestWall,2.906418,2.952637
143.0266,-0.022785,-0.000013,-0.022412,0.03302,-0.108658,0.993515,1.86996,1.131514,0.205163,K01_WestWall,2.97583,2.929871
143.0376,-0.022785,-0.000013,-0.022412,0.03302,-0.108658,0.993515,1.86996,1.122326,0.201056,K01_WestWall,2.97583,2.929871
143.0488,-0.029133,-0.000491,-0.022716,0.071045,-0.140915,0.987457,1.86996,1.049201,0.129281,K01_WestWall,2.976212,2.91835
143.0601,-0.029555,-0.000694,-0.022511,0.084839,-0.162567,0.983032,1.86996,0.9971,0.100758,K01_WestWall,2.932114,2.757843
143.0713,-0.029166,-0.001169,-0.02069,0.106598,-0.154984,0.982147,1.86996,1.000782,0.055627,K01_WestWall,2.925415,2.909531
143.0825,-0.029166,-0.001169,-0.02069,0.106598,-0.154984,0.982147,1.86996,0.991425,0.051599,K01_WestWall,2.925415,2.909531
143.0935,-0.022919,-0.000294,-0.022535,0.075348,-0.152191,0.985458,1.86996,0.989342,0.105151,K01_WestWall,2.937454,2.910889
143.1042,-0.001858,0.000639,-0.022184,0.091888,-0.152023,0.984085,1.86996,0.978884,0.07023,K01_WestWall,3.0103,2.816925
143.1153,-0.001858,0.000639,-0.022184,0.091888,-0.152023,0.984085,1.86996,0.96961,0.065916,K01_WestWall,3.0103,2.816925
143.1266,0.000032,0.000803,-0.022274,0.088562,-0.152695,0.984283,1.86996,0.959602,0.068299,K01_WestWall,2.927368,2.953018
143.1376,0.00259,0.000938,-0.022217,0.091232,-0.142593,0.985565,1.86996,0.970393,0.058637,K01_WestWall,2.957489,2.890244
143.1488,0.006075,0.001109,-0.022145,0.088058,-0.144638,0.98555,1.86996,0.957767,0.061139,K01_WestWall,2.991852,2.843765
143.1599,0.006075,0.001109,-0.022145,0.088058,-0.144638,0.98555,1.86996,0.949459,0.057907,K01_WestWall,2.991852,2.843765
143.171,0.004233,0.001062,-0.02217,0.08461,-0.13945,0.986603,1.86996,0.951807,0.060591,K01_WestWall,2.891922,2.897751
143.1821,-0.007549,0.000585,-0.022347,0.072144,-0.128006,0.989136,1.86996,0.967204,0.08021,K01_WestWall,2.968796,3.052277
143.1942,-0.007549,0.000585,-0.022347,0.072144,-0.128006,0.989136,1.86996,0.960497,0.077354,K01_WestWall,2.968796,3.052277
143.2043,-0.020821,0.000093,-0.022736,0.055069,-0.119797,0.991257,1.86996,0.970966,0.105972,K01_WestWall,2.879852,2.993774
143.2153,-0.023095,0.000074,-0.022938,0.046677,-0.119568,0.991715,1.86996,0.965603,0.119249,K01_WestWall,3.083221,2.957123
143.2266,-0.023095,0.000074,-0.022938,0.046677,-0.119568,0.991715,1.86996,0.959022,0.117059,K01_WestWall,3.083221,2.957123
143.2377,-0.024166,0.000029,-0.02292,0.044983,-0.116577,0.992157,1.86996,0.958093,0.118474,K01_WestWall,3.07164,2.945099
143.2488,-0.019758,0.000178,-0.022665,0.044647,-0.11171,0.992722,1.86996,0.960652,0.117433,K01_WestWall,3.073776,3.077164
143.2598,-0.010508,0.000569,-0.022442,0.051865,-0.110092,0.992554,1.86996,0.956123,0.102726,K01_WestWall,3.073898,3.066833
143.2709,-0.010508,0.000569,-0.022442,0.051865,-0.110092,0.992554,1.86996,0.948472,0.101315,K01_WestWall,3.073898,3.066833
143.282,0.001098,0.000982,-0.022142,0.060715,-0.116577,0.991318,1.86996,0.928301,0.083944,K01_WestWall,2.896973,3.11879
143.2931,-0.004761,0.000161,-0.021229,0.086075,-0.165283,0.982468,1.86996,0.822389,0.037483,K01_WestWall,2.98996,3.011261
143.3044,-0.027084,-0.000716,-0.022488,0.040894,-0.190094,0.980896,1.86996,0.766197,0.12372,K01_WestWall,3.002106,2.852844
143.3154,-0.027084,-0.000716,-0.022488,0.040894,-0.190094,0.980896,1.86996,0.760556,0.122583,K01_WestWall,3.002106,2.852844
143.3264,-0.027917,-0.001228,-0.020786,0.068329,-0.190048,0.979385,1.86996,0.755251,0.068961,K01_WestWall,3.018906,2.896317
143.3375,-0.027975,-0.001215,-0.02079,0.070511,-0.175766,0.981888,1.86996,0.780633,0.063059,K01_WestWall,2.993912,2.852356
143.3487,-0.027975,-0.001215,-0.02079,0.070511,-0.175766,0.981888,1.86996,0.776089,0.062494,K01_WestWall,2.993912,2.852356
143.3598,-0.02366,-0.000974,-0.020839,0.068726,-0.180725,0.981125,1.86996,0.761852,0.065627,K01_WestWall,3.05957,2.947723
143.3709,-0.01432,-0.000447,-0.021041,0.078598,-0.184464,0.979675,1.86996,0.749725,0.046301,K01_WestWall,3.0336,2.946289
143.382,-0.01432,-0.000447,-0.021041,0.078598,-0.184464,0.979675,1.86996,0.746144,0.045561,K01_WestWall,3.0336,2.946289
143.3932,-0.01886,-0.000268,-0.022344,0.048782,-0.184204,0.981674,1.86996,0.744532,0.102307,K01_WestWall,3.008942,2.797195
143.4042,-0.011836,0.000074,-0.0223,0.067352,-0.181763,0.981018,1.86996,0.745565,0.065792,K01_WestWall,3.02356,2.89238
143.4153,-0.003408,0.000453,-0.022171,0.07431,-0.179779,0.980881,1.86996,0.745748,0.051545,K01_WestWall,3.024063,2.939789
143.4264,-0.003408,0.000453,-0.022171,0.07431,-0.179779,0.980881,1.86996,0.742214,0.051307,K01_WestWall,3.024063,2.939789
143.4375,0.004829,0.000824,-0.022049,0.084396,-0.179764,0.980072,1.86996,0.738612,0.031467,K01_WestWall,3.024719,2.904755
143.4489,0.004692,0.00082,-0.022046,0.083694,-0.17691,0.980652,1.86996,0.741673,0.032695,K01_WestWall,3.025253,2.928986
143.4599,0.004692,0.00082,-0.022046,0.083694,-0.17691,0.980652,1.86996,0.738402,0.032711,K01_WestWall,3.025253,2.928986
143.471,0.002828,0.000738,-0.022064,0.081543,-0.175079,0.981155,1.86996,0.738202,0.03672,K01_WestWall,3.017883,2.961349
143.4819,0.001395,0.000674,-0.022083,0.079071,-0.173996,0.981552,1.86996,0.73683,0.041577,K01_WestWall,3.018463,2.949173
143.493,0.001395,0.000674,-0.022083,0.079071,-0.173996,0.981552,1.86996,0.732141,0.041613,K01_WestWall,3.018463,2.949173
143.5042,0.000405,0.000631,-0.022088,0.077621,-0.174347,0.981613,1.86996,0.727427,0.044404,K01_WestWall,3.034546,2.949127
143.5154,0.000167,0.000621,-0.022086,0.077225,-0.173096,0.981857,1.86996,0.7256,0.045287,K01_WestWall,3.034729,2.949493
143.5263,0.002547,0.000733,-0.022046,0.079712,-0.167847,0.982575,1.86996,0.733168,0.040855,K01_WestWall,3.028793,2.950058
143.5375,0.002547,0.000733,-0.022046,0.079712,-0.167847,0.982575,1.86996,0.729186,0.041024,K01_WestWall,3.028793,2.950058
143.5489,0.003055,0.000759,-0.022021,0.077927,-0.166382,0.982971,1.86996,0.729266,0.04478,K01_WestWall,3.048798,2.949661
143.5598,0.002767,0.000752,-0.022023,0.07782,-0.164536,0.983292,1.86996,0.730304,0.045423,K01_WestWall,3.055725,2.949936
143.5708,0.002767,0.000752,-0.022023,0.07782,-0.164536,0.983292,1.86996,0.728145,0.045368,K01_WestWall,3.055725,2.949936
143.582,0.000567,0.000656,-0.021992,0.075165,-0.166077,0.983231,1.86996,0.722991,0.050375,K01_WestWall,3.057892,2.950409
143.5931,0.000513,0.000655,-0.021979,0.076935,-0.164368,0.983383,1.86996,0.72456,0.046909,K01_WestWall,3.052307,2.933685
143.6041,0.000513,0.000655,-0.021979,0.076935,-0.164368,0.983383,1.86996,0.723804,0.046429,K01_WestWall,3.052307,2.933685
143.6154,0.001067,0.000683,-0.021967,0.077576,-0.161758,0.983765,1.86996,0.728221,0.044718,K01_WestWall,3.049377,2.938385
143.6265,0.002021,0.00073,-0.021944,0.080002,-0.159744,0.983902,1.86996,0.731623,0.039453,K01_WestWall,3.049988,2.939194
143.6374,0.002895,0.000775,-0.021931,0.081192,-0.158264,0.984039,1.86996,0.73404,0.03644,K01_WestWall,3.05043,2.93541
143.6486,0.002895,0.000775,-0.021931,0.081192,-0.158264,0.984039,1.86996,0.733342,0.035916,K01_WestWall,3.05043,2.93541
143.6597,0.003631,0.000822,-0.021928,0.083282,-0.158341,0.983856,1.86996,0.731742,0.030885,K01_WestWall,3.034866,2.961212
143.6708,0.002615,0.000784,-0.021953,0.082901,-0.156723,0.984146,1.86996,0.73376,0.030635,K01_WestWall,3.027863,2.977036
143.6818,0.002615,0.000784,-0.021953,0.082901,-0.156723,0.984146,1.86996,0.732072,0.029551,K01_WestWall,3.027863,2.977036
143.6931,0.002501,0.000802,-0.022014,0.082031,-0.156052,0.984329,1.86996,0.732015,0.03039,K01_WestWall,3.02771,2.976837
143.7042,0.001718,0.000812,-0.022146,0.080261,-0.158341,0.984116,1.86996,0.726208,0.032613,K01_WestWall,3.030792,2.970856
143.7152,0.002146,0.000833,-0.022144,0.080338,-0.15715,0.984299,1.86996,0.727656,0.031456,K01_WestWall,3.031723,2.98703
143.7264,0.002146,0.000833,-0.022144,0.080338,-0.15715,0.984299,1.86996,0.726676,0.030365,K01_WestWall,3.031723,2.98703
143.7373,0.00239,0.000846,-0.022149,0.079453,-0.157379,0.984329,1.86996,0.725785,0.030962,K01_WestWall,3.029984,3.001968
143.7485,0.001616,0.000814,-0.02217,0.076828,-0.156738,0.984634,1.86996,0.726731,0.035249,K01_WestWall,3.030075,3.001373
143.7596,0.001616,0.000814,-0.02217,0.076828,-0.156738,0.984634,1.86996,0.725338,0.034828,K01_WestWall,3.030075,3.001373
143.7707,0.003053,0.000878,-0.022143,0.077911,-0.157105,0.984497,1.86996,0.723386,0.032049,K01_WestWall,3.059525,2.991165
143.7818,0.001964,0.000834,-0.022168,0.075836,-0.15622,0.984802,1.86996,0.724321,0.035321,K01_WestWall,3.06105,2.996979
143.793,0.001964,0.000834,-0.022168,0.075836,-0.15622,0.984802,1.86996,0.723126,0.03502,K01_WestWall,3.06105,2.996979
143.804,0.003476,0.000904,-0.022134,0.077133,-0.157089,0.984558,1.86996,0.720607,0.03244,K01_WestWall,3.06044,3.005432
143.8152,0.002978,0.000882,-0.02215,0.076508,-0.156418,0.984711,1.86996,0.721361,0.033289,K01_WestWall,3.060181,3.019653
143.8262,0.002978,0.000882,-0.02215,0.076508,-0.156418,0.984711,1.86996,0.721031,0.033193,K01_WestWall,3.060181,3.019653
143.8373,0.000956,0.000791,-0.022172,0.073349,-0.156006,0.985016,1.86996,0.721641,0.039649,K01_WestWall,3.01651,3.020996
143.8485,0.001307,0.000805,-0.022159,0.072937,-0.156174,0.985031,1.86996,0.720817,0.040799,K01_WestWall,3.014694,3.02095
143.8596,0.001411,0.00081,-0.022155,0.073044,-0.156128,0.985016,1.86996,0.720398,0.040658,K01_WestWall,3.018585,2.999237
143.8707,0.001411,0.00081,-0.022155,0.073044,-0.156128,0.985016,1.86996,0.720024,0.041095,K01_WestWall,3.018585,2.999237
143.8823,0.001434,0.000814,-0.022151,0.071152,-0.156677,0.985077,1.86996,0.718018,0.045459,K01_WestWall,3.024307,2.999008
143.8932,0.00146,0.000817,-0.022151,0.071762,-0.156387,0.985077,1.86996,0.718451,0.044734,K01_WestWall,3.018356,3.002686
143.9041,0.00146,0.000817,-0.022151,0.071762,-0.156387,0.985077,1.86996,0.717692,0.045165,K01_WestWall,3.018356,3.002686
143.9151,0.00331,0.000902,-0.022121,0.073425,-0.155426,0.985107,1.86996,0.719226,0.042481,K01_WestWall,3.024216,3.003357
143.9261,0.002736,0.000875,-0.022127,0.072937,-0.153778,0.985397,1.86996,0.722755,0.043946,K01_WestWall,3.047485,2.997055
143.9373,0.002736,0.000875,-0.022127,0.072937,-0.153778,0.985397,1.86996,0.722555,0.04474,K01_WestWall,3.047485,2.997055
143.9485,0.00293,0.000883,-0.022123,0.073318,-0.153366,0.985428,1.86996,0.723413,0.044383,K01_WestWall,3.047836,2.997284
143.9596,0.003949,0.000929,-0.022107,0.0746,-0.153046,0.985397,1.86996,0.72403,0.042094,K01_WestWall,3.04808,3.000153
143.9707,0.003311,0.000899,-0.02211,0.0737,-0.15332,0.985413,1.86996,0.723431,0.044192,K01_WestWall,3.041687,3.000076
143.9817,0.003311,0.000899,-0.02211,0.0737,-0.15332,0.985413,1.86996,0.723305,0.044703,K01_WestWall,3.041687,3.000076
143.993,0.002813,0.000876,-0.022111,0.0737,-0.154953,0.985153,1.86996,0.719395,0.044916,K01_WestWall,3.032028,3.002106
144.0039,0.001815,0.000831,-0.022125,0.072052,-0.154755,0.985306,1.86996,0.719815,0.048443,K01_WestWall,3.041885,3.002106
144.015,0.001815,0.000831,-0.022125,0.072052,-0.154755,0.985306,1.86996,0.719755,0.048822,K01_WestWall,3.041885,3.002106
144.0263,0.002017,0.00084,-0.02212,0.073227,-0.155563,0.985092,1.86996,0.7177,0.046806,K01_WestWall,3.031738,2.998077
144.0372,0.001624,0.000821,-0.022121,0.073532,-0.155335,0.985107,1.86996,0.718087,0.04637,K01_WestWall,3.031799,2.998352
144.0484,0.001624,0.000821,-0.022121,0.073532,-0.155335,0.985107,1.86996,0.717917,0.046681,K01_WestWall,3.031799,2.998352
144.0595,0.002314,0.000853,-0.02211,0.074036,-0.155457,0.985062,1.86996,0.717438,0.045594,K01_WestWall,3.009781,2.998306
144.0706,0.001483,0.000815,-0.02212,0.073044,-0.15538,0.985138,1.86996,0.71708,0.048156,K01_WestWall,3.006943,2.970413
144.0817,0.001691,0.000824,-0.022121,0.073792,-0.154739,0.985184,1.86996,0.718337,0.046631,K01_WestWall,3.010071,2.960968
144.0929,0.001691,0.000824,-0.022121,0.073792,-0.154739,0.985184,1.86996,0.717393,0.046565,K01_WestWall,3.010071,2.960968
144.1039,0.001829,0.00083,-0.022119,0.075012,-0.154694,0.985107,1.86996,0.716854,0.044104,K01_WestWall,3.014618,2.953552
144.115,0.001264,0.000805,-0.02213,0.074814,-0.153885,0.985245,1.86996,0.718108,0.044512,K01_WestWall,3.014801,2.949524
144.1261,0.001264,0.000805,-0.02213,0.074814,-0.153885,0.985245,1.86996,0.717746,0.04468,K01_WestWall,3.014801,2.949524
144.1373,0.001327,0.000809,-0.022131,0.075394,-0.153626,0.985245,1.86996,0.718287,0.043785,K01_WestWall,3.010391,2.948746
144.1483,0.002279,0.000853,-0.022123,0.077011,-0.154373,0.985001,1.86996,0.716351,0.04085,K01_WestWall,2.996185,2.926102
144.1595,0.002279,0.000853,-0.022123,0.077011,-0.154373,0.985001,1.86996,0.715735,0.040656,K01_WestWall,2.996185,2.926102
144.1705,0.002824,0.000879,-0.02212,0.077301,-0.154327,0.984985,1.86996,0.715472,0.040368,K01_WestWall,2.978699,2.920212
144.1817,0.003176,0.000895,-0.022122,0.078171,-0.154099,0.984955,1.86996,0.715089,0.038581,K01_WestWall,2.97847,2.917175
144.1927,0.002782,0.000882,-0.022136,0.077683,-0.154755,0.984879,1.86996,0.713034,0.040037,K01_WestWall,2.978058,2.903183
144.2039,0.002782,0.000882,-0.022136,0.077683,-0.154755,0.984879,1.86996,0.711419,0.0401,K01_WestWall,2.978058,2.903183
144.2151,0.003269,0.000907,-0.022139,0.079178,-0.155975,0.984573,1.86996,0.707119,0.037024,K01_WestWall,2.964249,2.861786
144.2262,0.002705,0.000884,-0.022152,0.078949,-0.156113,0.984573,1.86996,0.704721,0.037631,K01_WestWall,2.9599,2.84375
144.2373,0.002705,0.000884,-0.022152,0.078949,-0.156113,0.984573,1.86996,0.702044,0.037189,K01_WestWall,2.9599,2.84375
144.2484,0.004242,0.000956,-0.022135,0.079971,-0.155747,0.984543,1.86996,0.699737,0.034969,K01_WestWall,2.841461,2.841705
144.2594,0.005073,0.000764,-0.021636,0.086044,-0.164063,0.982681,1.86996,0.67746,0.022821,K01_WestWall,2.825974,2.81636
144.2705,-0.014865,-0.000603,-0.021139,0.062653,-0.208557,0.975998,0.638014,1.240748,0.019099,CursorCube,2.957352,2.675156
144.2817,-0.014865,-0.000603,-0.021139,0.062653,-0.208557,0.975998,0.635376,1.240748,0.018763,CursorCube,2.957352,2.675156
144.2928,-0.026632,-0.001317,-0.021199,0.070602,-0.231766,0.9702,0.604429,1.240748,0.013115,CursorCube,2.869476,2.723892
144.3038,-0.027707,-0.001359,-0.021252,0.07048,-0.231125,0.970352,0.602217,1.240748,0.012801,CursorCube,2.761246,2.777512
144.3149,-0.027707,-0.001359,-0.021252,0.07048,-0.231125,0.970352,0.599191,1.240748,0.012421,CursorCube,2.761246,2.777512
144.326,-0.026251,-0.001265,-0.021304,0.063477,-0.226852,0.971848,0.600985,1.240748,0.016015,CursorCube,2.83313,2.783188
144.3373,-0.02028,-0.000952,-0.021363,0.061844,-0.230591,0.971069,0.593469,1.240748,0.016229,CursorCube,2.861038,2.693344
144.3484,-0.02028,-0.000952,-0.021363,0.061844,-0.230591,0.971069,0.58945,1.240748,0.015592,CursorCube,2.861038,2.693344
144.3594,0.017973,0.001057,-0.021865,0.107208,-0.23822,0.965271,0.57628,1.240748,-0.009497,CursorCube,2.861374,2.627655
144.3704,0.023329,0.001378,-0.021982,0.117386,-0.236496,0.964508,0.573184,1.240748,-0.015501,CursorCube,2.907669,2.626007
144.3815,0.019322,0.001214,-0.022033,0.118347,-0.229477,0.96608,0.57593,1.240748,-0.016624,CursorCube,2.889114,2.631653
144.3929,0.019322,0.001214,-0.022033,0.118347,-0.229477,0.96608,0.570989,1.240748,-0.017173,CursorCube,2.889114,2.631653
144.4039,0.012535,0.000774,-0.021577,0.090775,-0.226166,0.969849,0.570542,1.240748,-0.003252,CursorCube,2.879105,2.565735
144.4148,0.011881,0.000755,-0.02159,0.09024,-0.223663,0.970474,0.568722,1.240748,-0.003784,CursorCube,2.854279,2.564575
144.426,0.011881,0.000755,-0.02159,0.09024,-0.223663,0.970474,0.564036,1.240748,-0.004638,CursorCube,2.854279,2.564575
144.4372,0.016017,0.001071,-0.02188,0.103714,-0.229584,0.967743,0.553272,1.240748,-0.01234,CursorCube,2.846771,2.587677
144.4483,0.019033,0.00124,-0.021843,0.11348,-0.228012,0.967011,0.55,1.240611,-0.018159,CursorCube,2.8797,2.78833
144.4594,0.020853,0.001375,-0.021907,0.112946,-0.218094,0.96936,0.554351,1.240748,-0.018753,CursorCube,2.95343,2.791748
144.4706,0.020853,0.001375,-0.021907,0.112946,-0.218094,0.96936,0.55,1.240153,-0.019511,CursorCube,2.95343,2.791748
144.4816,0.017753,0.001219,-0.021862,0.104843,-0.213532,0.971283,0.55,1.23973,-0.01643,CursorCube,2.796616,2.781387
144.4926,0.019947,0.001331,-0.021951,0.103851,-0.209396,0.97229,0.55,1.239064,-0.017005,CursorCube,2.918808,2.658875
144.5037,0.019947,0.001331,-0.021951,0.103851,-0.209396,0.97229,0.55,1.23642,-0.018178,CursorCube,2.918808,2.658875
144.5149,0.016571,0.001006,-0.021957,0.070404,-0.249771,0.965729,0.55,1.208496,-0.002098,CursorCube,2.853989,2.89183
144.5261,0.024437,0.001376,-0.022064,0.077972,-0.249085,0.965332,0.55,1.206558,-0.007041,CursorCube,2.812683,2.817276
144.537,0.024437,0.001376,-0.022064,0.077972,-0.249085,0.965332,0.55,1.204508,-0.007972,CursorCube,2.812683,2.817276
144.5482,0.0222,0.001306,-0.021962,0.073898,-0.248734,0.965729,0.55,1.202797,-0.006594,CursorCube,3.074524,2.857162
144.5592,0.022624,0.00135,-0.021955,0.074432,-0.247131,0.96611,0.55,1.201839,-0.007695,CursorCube,2.913071,2.829666
144.5704,0.023374,0.001394,-0.021928,0.075043,-0.238709,0.96817,0.55,1.205317,-0.008762,CursorCube,2.930222,2.830017
144.5815,0.023374,0.001394,-0.021928,0.075043,-0.238709,0.96817,0.55,1.203074,-0.009406,CursorCube,2.930222,2.830017
144.5926,0.010099,0.000747,-0.02184,0.049927,-0.227173,0.972565,0.55,1.208662,0.003279,CursorCube,2.932617,2.858856
144.6037,0.004927,0.000496,-0.021806,0.040085,-0.224136,0.973724,0.55,1.208622,0.008167,CursorCube,2.933304,2.862396
144.6148,0.004927,0.000496,-0.021806,0.040085,-0.224136,0.973724,0.55,1.20665,0.007742,CursorCube,2.933304,2.862396
144.626,0.000235,0.000272,-0.021771,0.02916,-0.217941,0.97551,0.55,1.20913,0.013209,CursorCube,2.932281,2.844788
144.6374,-0.001016,0.000215,-0.021731,0.026352,-0.215836,0.976059,0.55,1.209195,0.01441,CursorCube,2.933853,2.862244
144.6482,-0.001016,0.000215,-0.021731,0.026352,-0.215836,0.976059,0.55,1.208071,0.014194,CursorCube,2.933853,2.862244
144.6596,0.000904,0.000312,-0.021756,0.030869,-0.21521,0.976074,0.55,1.207332,0.011551,CursorCube,2.933533,2.862549
144.6703,-0.003305,0.000114,-0.021763,0.021225,-0.206345,0.978241,0.55,1.211757,0.01632,CursorCube,2.932938,2.853622
144.6814,-0.01096,-0.000227,-0.021765,0.003403,-0.197418,0.980301,0.55,1.216077,0.025468,CursorCube,2.925247,2.867706
144.6925,-0.01096,-0.000227,-0.021765,0.003403,-0.197418,0.980301,0.55,1.2149,0.025389,CursorCube,2.925247,2.867706
144.7036,-0.009471,-0.000117,-0.02177,0.00589,-0.19664,0.980454,0.55,1.214436,0.024233,CursorCube,2.895218,2.872116
144.7147,-0.003383,0.000217,-0.0218,0.01535,-0.197372,0.980194,0.55,1.213565,0.019455,CursorCube,2.86203,2.861069
144.7261,-0.003383,0.000217,-0.0218,0.01535,-0.197372,0.980194,0.55,1.213566,0.019722,CursorCube,2.86203,2.861069
144.737,-0.001564,0.000319,-0.021817,0.017487,-0.195862,0.980469,0.55,1.214835,0.019017,CursorCube,2.857529,2.859955
144.748,-0.004704,0.000226,-0.021804,0.015427,-0.192993,0.981064,0.55,1.217215,0.020496,CursorCube,2.865341,2.860519
144.7594,-0.004704,0.000226,-0.021804,0.015427,-0.192993,0.981064,0.55,1.217796,0.020995,CursorCube,2.865341,2.860519
144.7704,-0.007542,0.000084,-0.021786,0.009094,-0.191269,0.981491,0.55,1.219251,0.024776,CursorCube,2.893433,2.860916
144.7814,-0.006171,0.000159,-0.021798,0.01178,-0.18927,0.981842,0.55,1.220842,0.023954,CursorCube,2.917679,2.861282
144.7925,-0.002714,0.00034,-0.02181,0.018341,-0.191498,0.981308,0.55,1.219924,0.021223,CursorCube,2.891663,2.862686
144.8036,-0.002714,0.00034,-0.02181,0.018341,-0.191498,0.981308,0.55,1.220297,0.022018,CursorCube,2.891663,2.862686
144.8147,-0.000796,0.000433,-0.021813,0.022491,-0.191376,0.981247,0.55,1.220843,0.020583,CursorCube,2.867523,2.861618
144.8258,0.000581,0.000497,-0.021815,0.02475,-0.190872,0.981293,0.55,1.221836,0.020027,CursorCube,2.867828,2.86171
144.8369,0.000581,0.000497,-0.021815,0.02475,-0.190872,0.981293,0.55,1.222324,0.020464,CursorCube,2.867828,2.86171
144.848,-0.000217,0.000456,-0.021806,0.023529,-0.191467,0.981201,0.55,1.222375,0.021486,CursorCube,2.84552,2.861298
144.8593,0.000532,0.000484,-0.021798,0.025452,-0.191116,0.981232,0.55,1.223079,0.020905,CursorCube,2.826584,2.859726
144.8702,0.000532,0.000484,-0.021798,0.025452,-0.191116,0.981232,0.55,1.223356,0.021409,CursorCube,2.826584,2.859726
144.8814,0.003781,0.000625,-0.021774,0.031815,-0.19101,0.981064,0.55,1.223641,0.01872,CursorCube,2.827209,2.822296
144.8926,0.00487,0.000664,-0.021771,0.033493,-0.190079,0.981186,0.55,1.224289,0.018428,CursorCube,2.804291,2.822266
144.9036,0.003048,0.000566,-0.021765,0.031967,-0.188522,0.981537,0.55,1.225374,0.019752,CursorCube,2.80481,2.822342
144.9148,0.003048,0.000566,-0.021765,0.031967,-0.188522,0.981537,0.55,1.225304,0.020012,CursorCube,2.80481,2.822342
144.9258,0.001568,0.000486,-0.021757,0.032135,-0.188126,0.981613,0.55,1.2256,0.020131,CursorCube,2.828201,2.822815
144.937,0.002278,0.000497,-0.021759,0.033737,-0.183975,0.982346,0.55,1.228107,0.019334,CursorCube,2.830429,2.823898
144.9479,0.002278,0.000497,-0.021759,0.033737,-0.183975,0.982346,0.55,1.228007,0.019297,CursorCube,2.830429,2.823898
144.9591,0.005087,0.000626,-0.021755,0.041138,-0.184189,0.982025,0.55,1.227918,0.015771,CursorCube,2.830551,2.806793
144.9702,0.005487,0.00064,-0.021756,0.043106,-0.183182,0.982117,0.55,1.228443,0.014951,CursorCube,2.841583,2.769272
144.9813,0.003453,0.000538,-0.02175,0.044907,-0.183685,0.981949,0.55,1.228013,0.014208,CursorCube,2.861526,2.791656
144.9925,0.003453,0.000538,-0.02175,0.044907,-0.183685,0.981949,0.55,1.227676,0.014427,CursorCube,2.861526,2.791656
145.0036,0.002148,0.000459,-0.021754,0.041367,-0.179794,0.982819,0.55,1.229745,0.016382,CursorCube,2.873154,2.82106
145.0147,0.001611,0.000432,-0.021748,0.039429,-0.179398,0.982971,0.55,1.229582,0.017439,CursorCube,2.86586,2.820786
145.0258,0.001611,0.000432,-0.021748,0.039429,-0.179398,0.982971,0.55,1.229249,0.017461,CursorCube,2.86586,2.820786
145.0369,0.000659,0.000385,-0.021748,0.039352,-0.179459,0.982971,0.55,1.228835,0.017417,CursorCube,2.865631,2.820816
145.048,-0.001567,0.000277,-0.021747,0.034973,-0.178238,0.983353,0.55,1.229188,0.019577,CursorCube,2.866074,2.820618
145.0591,-0.002154,0.00025,-0.021751,0.034363,-0.177628,0.98349,0.55,1.22927,0.019879,CursorCube,2.879471,2.820724
145.0702,-0.002154,0.00025,-0.021751,0.034363,-0.177628,0.98349,0.55,1.22919,0.019794,CursorCube,2.879471,2.820724
145.0813,-0.002196,0.000252,-0.021722,0.033234,-0.178543,0.983368,0.55,1.228302,0.020354,CursorCube,2.890717,2.848862
145.0925,0.000016,0.000366,-0.021725,0.040695,-0.178497,0.983093,0.55,1.228703,0.016584,CursorCube,2.892075,2.858902
145.1035,0.000016,0.000366,-0.021725,0.040695,-0.178497,0.983093,0.55,1.228874,0.016442,CursorCube,2.892075,2.858902
145.1147,-0.000924,0.000327,-0.021744,0.038376,-0.178146,0.983246,0.55,1.229139,0.01752,CursorCube,2.89949,2.872986
145.1258,-0.000959,0.00033,-0.021757,0.037872,-0.177216,0.983429,0.55,1.229921,0.017649,CursorCube,2.915771,2.878586
145.1368,0.001905,0.000489,-0.021761,0.042603,-0.177994,0.983093,0.55,1.230018,0.015233,CursorCube,2.943787,2.875397
145.1479,0.001905,0.000489,-0.021761,0.042603,-0.177994,0.983093,0.55,1.230786,0.015071,CursorCube,2.943787,2.875397
145.1591,0.00195,0.000508,-0.021766,0.042404,-0.180405,0.982666,0.55,1.230074,0.015108,CursorCube,2.943115,2.877396
145.1703,0.002117,0.000534,-0.021784,0.042969,-0.180969,0.982544,0.55,1.23058,0.014754,CursorCube,2.944962,2.906219
145.1813,0.002117,0.000534,-0.021784,0.042969,-0.180969,0.982544,0.55,1.231395,0.01465,CursorCube,2.944962,2.906219
145.1924,0.002226,0.000547,-0.021789,0.043671,-0.179581,0.982758,0.55,1.232982,0.014168,CursorCube,2.975296,2.912582
145.2034,0.001892,0.000531,-0.021793,0.044113,-0.178452,0.982956,0.55,1.234261,0.013766,CursorCube,2.975204,2.912643
145.2146,0.001892,0.000531,-0.021793,0.044113,-0.178452,0.982956,0.55,1.23479,0.013587,CursorCube,2.975204,2.912643
145.2256,0.0009,0.000483,-0.0218,0.042313,-0.178284,0.983063,0.55,1.235264,0.014213,CursorCube,2.98053,2.912659
145.2378,-0.001028,0.000388,-0.02181,0.038971,-0.179077,0.983048,0.55,1.235129,0.015515,CursorCube,2.98024,2.912552
145.2478,-0.002323,0.000324,-0.021818,0.036865,-0.179138,0.983124,0.55,1.235236,0.016225,CursorCube,3.011734,2.904633
145.2591,-0.002323,0.000324,-0.021818,0.036865,-0.179138,0.983124,0.55,1.235429,0.015932,CursorCube,3.011734,2.904633
145.2701,-0.004623,0.000204,-0.02183,0.033218,-0.17807,0.983444,0.55,1.235903,0.017394,CursorCube,3.011459,2.911652
145.2812,-0.003426,0.000259,-0.021828,0.036697,-0.180252,0.982925,0.55,1.234631,0.015427,CursorCube,3.010117,2.906311
145.2925,-0.003426,0.000259,-0.021828,0.036697,-0.180252,0.982925,0.55,1.234332,0.015132,CursorCube,3.010117,2.906311
145.3034,-0.002514,0.000303,-0.021826,0.039185,-0.180725,0.982742,0.55,1.23357,0.013689,CursorCube,3.009872,2.905075
145.3145,-0.000268,0.000408,-0.021817,0.043381,-0.18396,0.981964,0.55,1.231036,0.011293,CursorCube,3.004959,2.900299
145.3256,0.001696,0.000479,-0.021811,0.046356,-0.182297,0.982147,0.55,1.231403,0.009516,CursorCube,3.005051,2.893524
145.3369,0.001696,0.000479,-0.021811,0.046356,-0.182297,0.982147,0.55,1.230888,0.009217,CursorCube,3.005051,2.893524
145.3478,0.002304,0.000494,-0.021801,0.048752,-0.181702,0.982132,0.55,1.230756,0.007694,CursorCube,2.99176,2.884476
145.359,0.00078,0.00041,-0.021782,0.04628,-0.182358,0.982132,0.55,1.229958,0.008635,CursorCube,2.983093,2.885086
145.3701,0.00078,0.00041,-0.021782,0.04628,-0.182358,0.982132,0.55,1.22955,0.008367,CursorCube,2.983093,2.885086
145.3812,0.000841,0.000413,-0.021772,0.045975,-0.183258,0.981979,0.55,1.228519,0.008319,CursorCube,2.970581,2.882294
145.3923,0.00241,0.00049,-0.021769,0.047165,-0.183609,0.981857,0.55,1.227864,0.007569,CursorCube,2.966492,2.882492
145.4035,0.00241,0.00049,-0.021769,0.047165,-0.183609,0.981857,0.55,1.22734,0.007444,CursorCube,2.966492,2.882492
145.4145,0.003063,0.000522,-0.021765,0.044891,-0.183121,0.982056,0.55,1.226994,0.008368,CursorCube,2.964767,2.875214
145.4256,0.002587,0.000501,-0.021763,0.042862,-0.181076,0.982529,0.55,1.227529,0.009154,CursorCube,2.966919,2.892288
145.4367,-0.000487,0.000356,-0.021759,0.037811,-0.181168,0.982712,0.55,1.226748,0.011555,CursorCube,2.970734,2.915131
145.4478,-0.000487,0.000356,-0.021759,0.037811,-0.181168,0.982712,0.55,1.226283,0.011603,CursorCube,2.970734,2.915131
145.459,-0.001814,0.000292,-0.021753,0.034149,-0.179413,0.98317,0.55,1.226801,0.013295,CursorCube,2.970963,2.915558
145.47,-0.002722,0.000254,-0.021754,0.032837,-0.178574,0.983368,0.55,1.226968,0.014008,CursorCube,2.981491,2.931961
145.4812,-0.002722,0.000254,-0.021754,0.032837,-0.178574,0.983368,0.55,1.226828,0.014079,CursorCube,2.981491,2.931961
145.4924,-0.001151,0.000339,-0.021755,0.035904,-0.176544,0.983627,0.55,1.227941,0.012666,CursorCube,2.981537,2.932449
145.5034,-0.002055,0.000309,-0.021777,0.033554,-0.174698,0.984039,0.55,1.2291,0.013937,CursorCube,2.99382,2.932144
145.5145,-0.002055,0.000309,-0.021777,0.033554,-0.174698,0.984039,0.55,1.229194,0.014131,CursorCube,2.99382,2.932144
145.5257,-0.001982,0.000335,-0.021811,0.033401,-0.175949,0.983826,0.55,1.228603,0.014383,CursorCube,3.003845,2.906799
145.5367,-0.001038,0.000409,-0.021843,0.036453,-0.17836,0.983276,0.55,1.227344,0.013045,CursorCube,2.996613,2.934143
145.5477,-0.002062,0.000378,-0.021839,0.034698,-0.17836,0.983337,0.55,1.227381,0.014284,CursorCube,2.996964,2.907715
145.559,-0.002062,0.000378,-0.021839,0.034698,-0.17836,0.983337,0.55,1.227372,0.014646,CursorCube,2.996964,2.907715
145.5699,-0.00219,0.000395,-0.021836,0.034439,-0.181885,0.982712,0.55,1.225303,0.015245,CursorCube,2.996429,2.903793
145.5812,0.000391,0.000528,-0.021836,0.040039,-0.178024,0.9832,0.55,1.227736,0.012723,CursorCube,3.011551,2.90387
145.5924,0.000391,0.000528,-0.021836,0.040039,-0.178024,0.9832,0.55,1.227627,0.013074,CursorCube,3.011551,2.90387
145.6034,0.000975,0.00056,-0.021839,0.041794,-0.178085,0.983124,0.55,1.227721,0.012403,CursorCube,3.01123,2.900818
145.6145,0.003018,0.000669,-0.021848,0.047226,-0.178299,0.982834,0.55,1.227677,0.009991,CursorCube,3.011581,2.904343
145.6255,0.007278,0.000892,-0.021868,0.054535,-0.179108,0.9823,0.55,1.227592,0.006527,CursorCube,2.997925,2.900162
145.6366,0.007278,0.000892,-0.021868,0.054535,-0.179108,0.9823,0.55,1.227834,0.006745,CursorCube,2.997925,2.900162
145.6477,0.004926,0.000776,-0.021871,0.051666,-0.179123,0.982468,0.55,1.22805,0.008328,CursorCube,2.998093,2.893616
145.6589,0.003763,0.000719,-0.021877,0.051178,-0.179092,0.982483,0.55,1.228397,0.008738,CursorCube,3.02005,2.889877
145.6699,0.003763,0.000719,-0.021877,0.051178,-0.179092,0.982483,0.55,1.228556,0.008746,CursorCube,3.02005,2.889877
145.6811,0.001922,0.000624,-0.0219,0.046371,-0.177567,0.983002,0.55,1.229332,0.011157,CursorCube,2.986069,2.884903
145.6922,0.001248,0.000595,-0.021912,0.04538,-0.177902,0.982987,0.55,1.228846,0.01163,CursorCube,2.986237,2.887604
145.7032,0.001248,0.000595,-0.021912,0.04538,-0.177902,0.982987,0.55,1.228441,0.011585,CursorCube,2.986237,2.887604
145.7144,0.00133,0.0006,-0.021921,0.047073,-0.178299,0.982834,0.55,1.227464,0.010467,CursorCube,2.98381,2.887238
145.7256,0.002115,0.000639,-0.021936,0.047577,-0.177551,0.982956,0.55,1.227045,0.010122,CursorCube,2.976822,2.893158
145.7366,0.00194,0.000628,-0.021927,0.048584,-0.177567,0.982895,0.55,1.226257,0.009363,CursorCube,2.977463,2.893097
145.7477,0.00194,0.000628,-0.021927,0.048584,-0.177567,0.982895,0.55,1.225393,0.009141,CursorCube,2.977463,2.893097
145.7589,0.002031,0.000629,-0.021924,0.049423,-0.176636,0.983017,0.55,1.225366,0.008537,CursorCube,2.98819,2.893204
145.7699,0.00199,0.000621,-0.021907,0.048599,-0.176102,0.983154,0.55,1.225054,0.008868,CursorCube,2.979004,2.897125
145.7811,0.00199,0.000621,-0.021907,0.048599,-0.176102,0.983154,0.55,1.224749,0.008612,CursorCube,2.979004,2.897125
145.7921,0.001258,0.000586,-0.021907,0.046906,-0.177033,0.983078,0.55,1.223948,0.00948,CursorCube,2.978882,2.898422
145.8032,0.00188,0.000619,-0.021904,0.048141,-0.177521,0.982925,0.550858,1.223172,0.008901,CursorCube,2.978638,2.898575
145.8143,0.000591,0.00056,-0.021906,0.045929,-0.17627,0.983261,0.551813,1.223186,0.010051,CursorCube,2.979279,2.899063
145.8255,0.000591,0.00056,-0.021906,0.045929,-0.17627,0.983261,0.552733,1.222785,0.01019,CursorCube,2.979279,2.899063
145.8366,0.001963,0.000637,-0.021889,0.048828,-0.175049,0.983337,0.553403,1.223207,0.00881,CursorCube,2.979874,2.902863
145.8476,0.000426,0.000571,-0.021876,0.046555,-0.174271,0.983582,0.553622,1.223566,0.010128,CursorCube,2.979828,2.904007
145.8588,0.000426,0.000571,-0.021876,0.046555,-0.174271,0.983582,0.553914,1.223296,0.010199,CursorCube,2.979828,2.904007
145.8699,0.00115,0.000701,-0.021981,0.048798,-0.176331,0.983109,0.553881,1.222233,0.009197,CursorCube,2.925247,2.923386
145.8811,0.012302,0.001355,-0.021987,0.053818,-0.148636,0.987412,0.554079,1.239005,0.00755,CursorCube,3.062073,3.043594
145.8921,0.023846,0.00198,-0.022004,0.063614,-0.134567,0.988846,0.566334,1.240042,0.004096,CursorCube,3.008972,2.823135
145.9031,0.023846,0.00198,-0.022004,0.063614,-0.134567,0.988846,0.56574,1.240446,0.004265,CursorCube,3.008972,2.823135
145.9144,0.021809,0.001871,-0.021983,0.061386,-0.132904,0.989212,0.566644,1.240782,0.00573,CursorCube,3.009918,2.87532
145.9254,0.015629,0.001572,-0.022011,0.051773,-0.131928,0.989899,0.566622,1.240811,0.010777,CursorCube,3.015579,2.987183
145.9365,0.015629,0.001572,-0.022011,0.051773,-0.131928,0.989899,0.566057,1.240962,0.010913,CursorCube,3.015579,2.987183
145.9477,0.007782,0.001199,-0.022062,0.035858,-0.131058,0.990723,0.565587,1.240695,0.019089,CursorCube,3.036011,2.986633
145.9588,0.001723,0.000915,-0.022103,0.02446,-0.131485,0.991013,0.564155,1.240566,0.024788,CursorCube,3.03624,3.013702
145.9698,0.001723,0.000915,-0.022103,0.02446,-0.131485,0.991013,0.563745,1.240514,0.024905,CursorCube,3.03624,3.013702
145.9809,0.001766,0.000919,-0.0221,0.024521,-0.131561,0.990997,0.563269,1.240593,0.025017,CursorCube,3.042633,3.009781
145.9921,0.001833,0.000927,-0.022107,0.026016,-0.131592,0.990952,0.563273,1.24071,0.024533,CursorCube,3.049255,3.011826
146.0031,-0.000865,0.000806,-0.022146,0.021393,-0.131332,0.991104,0.563429,1.240683,0.027137,CursorCube,3.044952,3.009094
146.0143,-0.000865,0.000806,-0.022146,0.021393,-0.131332,0.991104,0.563624,1.240667,0.027477,CursorCube,3.044952,3.009094
146.0254,-0.00098,0.000801,-0.02215,0.024551,-0.130875,0.991089,0.564943,1.240682,0.026431,CursorCube,3.053711,2.997421
146.0365,-0.002257,0.000748,-0.022176,0.024643,-0.129623,0.991242,0.566297,1.240854,0.02689,CursorCube,3.06488,2.985596
146.0475,-0.002257,0.000748,-0.022176,0.024643,-0.129623,0.991242,0.56667,1.240993,0.027226,CursorCube,3.06488,2.985596
146.0587,-0.002843,0.000746,-0.022211,0.024368,-0.128983,0.991333,0.56746,1.24117,0.027909,CursorCube,3.045822,2.975204
146.0698,-0.001391,0.000913,-0.022187,0.032806,-0.122253,0.991943,0.574518,1.241458,0.025159,CursorCube,3.040634,2.953308
146.0809,0.015252,0.001785,-0.021084,0.043045,-0.020187,0.998856,1.86996,0.674249,0.170503,K01_WestWall,3.067596,3.114655
146.0921,0.015252,0.001785,-0.021084,0.043045,-0.020187,0.998856,1.86996,0.675147,0.173092,K01_WestWall,3.067596,3.114655
146.1031,0.023124,0.002652,-0.021032,-0.013672,0.107239,0.994125,1.86996,0.9244,0.289161,K01_WestWall,3.261856,3.257904
146.1142,0.001473,0.001755,-0.020728,-0.070206,0.218384,0.973328,1.86996,1.131851,0.399386,K01_WestWall,3.380798,3.173843
146.1254,0.001473,0.001755,-0.020728,-0.070206,0.218384,0.973328,1.86996,1.132999,0.403044,K01_WestWall,3.380798,3.173843
146.1365,0.001508,0.001851,-0.020197,-0.083206,0.278214,0.956894,1.86996,1.246221,0.431728,K01_WestWall,3.317154,3.323059
146.1475,0.001429,0.00194,-0.019822,-0.068298,0.334244,0.940002,1.86996,1.353807,0.409519,K01_WestWall,3.379684,3.321182
146.1587,0.001429,0.00194,-0.019822,-0.068298,0.334244,0.940002,1.86996,1.355224,0.413401,K01_WestWall,3.379684,3.321182
146.1698,0.001412,0.002036,-0.020078,-0.061981,0.34372,0.937012,1.86996,1.375385,0.405886,K01_WestWall,3.352859,3.375015
146.1809,0.018316,0.002815,-0.019829,-0.050522,0.338852,0.939468,1.86996,1.369055,0.388914,K01_WestWall,3.348816,3.348526
146.192,0.028693,0.003348,-0.019836,-0.039063,0.331528,0.942627,1.86996,1.359028,0.37264,K01_WestWall,3.37796,3.314514
146.203,0.028693,0.003348,-0.019836,-0.039063,0.331528,0.942627,1.86996,1.362528,0.377112,K01_WestWall,3.37796,3.314514
146.2141,0.031001,0.003468,-0.019827,-0.035446,0.322876,0.94577,1.86996,1.350904,0.374568,K01_WestWall,3.371552,3.256378
146.2252,0.028128,0.003336,-0.019843,-0.035843,0.323746,0.94545,1.86996,1.356983,0.380319,K01_WestWall,3.371597,3.246445
146.2364,0.028128,0.003336,-0.019843,-0.035843,0.323746,0.94545,1.86996,1.361812,0.384485,K01_WestWall,3.371597,3.246445
146.2475,0.01901,0.002881,-0.019894,-0.039108,0.322891,0.945618,1.86996,1.365749,0.394301,K01_WestWall,3.375107,3.246384
146.2586,0.012044,0.002664,-0.019912,-0.04245,0.348602,0.936295,1.86996,1.418385,0.404866,K01_WestWall,3.432693,3.227539
146.2697,0.012044,0.002664,-0.019912,-0.04245,0.348602,0.936295,1.86996,1.424349,0.407864,K01_WestWall,3.432693,3.227539
146.2808,-0.004753,0.001895,-0.019764,-0.057159,0.397827,0.915665,1.86996,1.522553,0.44082,K01_WestWall,3.475327,3.34436
146.292,-0.010117,0.001696,-0.019772,-0.051514,0.417969,0.906998,1.86996,1.567787,0.434395,K01_WestWall,3.320511,3.519119
146.3031,-0.017431,0.00137,-0.020025,-0.051132,0.407455,0.911774,1.86996,1.553942,0.435739,K01_WestWall,3.351303,3.381546
146.3142,-0.017431,0.00137,-0.020025,-0.051132,0.407455,0.911774,1.86996,1.560112,0.437934,K01_WestWall,3.351303,3.381546
146.3254,-0.009332,0.001792,-0.020049,-0.038406,0.403153,0.914322,1.86996,1.558105,0.416687,K01_WestWall,3.358429,3.315964
146.3363,-0.001591,0.00218,-0.019986,-0.038086,0.402786,0.91449,1.86996,1.563261,0.417384,K01_WestWall,3.370178,3.324387
146.3474,-0.001591,0.00218,-0.019986,-0.038086,0.402786,0.91449,1.86996,1.568791,0.418331,K01_WestWall,3.370178,3.324387
146.3586,0.02273,0.003375,-0.019799,-0.02948,0.406372,0.913223,1.86996,1.580682,0.404252,K01_WestWall,3.373215,3.381744
146.3696,0.016504,0.003026,-0.019854,-0.030914,0.407517,0.912659,1.86996,1.588396,0.408068,K01_WestWall,3.361801,3.357849
146.3808,0.016504,0.003026,-0.019854,-0.030914,0.407517,0.912659,1.86996,1.593785,0.409214,K01_WestWall,3.361801,3.357849
146.3919,-0.011237,0.001555,-0.019878,-0.041138,0.398666,0.916168,1.86996,1.58341,0.428029,K01_WestWall,3.348389,3.353943
146.403,-0.018577,0.001166,-0.019918,-0.042404,0.39566,0.917404,1.86996,1.58475,0.431079,K01_WestWall,3.348434,3.367935
146.4141,-0.005477,0.001858,-0.019923,-0.03627,0.387878,0.92099,1.86996,1.578771,0.420794,K01_WestWall,3.31543,3.352493
146.4254,-0.005477,0.001858,-0.019923,-0.03627,0.387878,0.92099,1.86996,1.58747,0.421954,K01_WestWall,3.31543,3.352493
146.4366,0.005426,0.002417,-0.019915,-0.031403,0.38269,0.923325,1.86996,1.587188,0.414405,K01_WestWall,3.316391,3.344543
146.4476,0.000278,0.002231,-0.020003,-0.025604,0.378525,0.925232,1.86996,1.58911,0.405676,K01_WestWall,3.264236,3.316589
146.4586,0.000278,0.002231,-0.020003,-0.025604,0.378525,0.925232,1.86996,1.598779,0.407395,K01_WestWall,3.264236,3.316589
146.4698,-0.019801,0.001311,-0.020085,-0.029984,0.40033,0.915878,1.86996,1.649167,0.418452,K01_WestWall,3.390121,3.252808
146.4807,-0.01354,0.001662,-0.020005,-0.019959,0.421127,0.906769,1.86996,1.698456,0.404093,K01_WestWall,3.319229,3.22818
146.4918,-0.01354,0.001662,-0.020005,-0.019959,0.421127,0.906769,1.86996,1.708929,0.405707,K01_WestWall,3.319229,3.22818
146.503,-0.005747,0.002088,-0.020074,-0.020309,0.409775,0.911942,1.86996,1.697862,0.407083,K01_WestWall,3.334885,3.215698
146.5141,-0.002804,0.002247,-0.020101,-0.019226,0.401962,0.915436,1.86996,1.693912,0.406332,K01_WestWall,3.311676,3.236725
146.5251,-0.002804,0.002247,-0.020101,-0.019226,0.401962,0.915436,1.86996,1.704296,0.408523,K01_WestWall,3.311676,3.236725
146.5364,0.01623,0.003253,-0.020161,-0.00856,0.40036,0.916306,1.86996,1.712448,0.392219,K01_WestWall,3.30426,3.233536
146.5473,0.019457,0.003398,-0.020189,-0.006363,0.4039,0.914764,1.86996,1.729529,0.391643,K01_WestWall,3.325317,3.234512
146.5585,0.017699,0.003284,-0.02019,-0.006851,0.397965,0.917358,1.86996,1.729387,0.393926,K01_WestWall,3.302002,3.236893
146.5696,0.017699,0.003284,-0.02019,-0.006851,0.397965,0.917358,1.86996,1.739608,0.396225,K01_WestWall,3.302002,3.236893
146.5806,0.006616,0.002664,-0.020145,-0.010788,0.394348,0.918884,1.86996,1.742943,0.405008,K01_WestWall,3.300217,3.23381
146.5918,-0.008998,0.001807,-0.020068,-0.01712,0.394013,0.91893,1.86996,1.752951,0.418196,K01_WestWall,3.301117,3.245163
146.603,-0.008998,0.001807,-0.020068,-0.01712,0.394013,0.91893,1.86996,1.763178,0.420793,K01_WestWall,3.301117,3.245163
146.6141,-0.000394,0.002264,-0.020104,-0.013611,0.370514,0.928711,1.86996,1.7311,0.415274,K01_WestWall,3.277527,3.240524
146.6251,-0.014218,0.001472,-0.020054,-0.016556,0.364838,0.930908,1.86996,1.731538,0.423082,K01_WestWall,3.273041,3.248535
146.6362,-0.020372,0.001082,-0.020042,-0.016617,0.367905,0.929703,1.86996,1.747798,0.427212,K01_WestWall,3.278305,3.251129
146.6473,-0.020372,0.001082,-0.020042,-0.016617,0.367905,0.929703,1.86996,1.760018,0.431235,K01_WestWall,3.278305,3.251129
146.6586,-0.024519,0.000849,-0.020034,-0.015778,0.36264,0.931778,1.86996,1.763045,0.433339,K01_WestWall,3.268555,3.248322
146.6696,-0.024781,0.000807,-0.020069,-0.016129,0.351013,0.936218,1.86996,1.755913,0.437114,K01_WestWall,3.243774,3.236435
146.6808,-0.024781,0.000807,-0.020069,-0.016129,0.351013,0.936218,1.86996,1.769989,0.441302,K01_WestWall,3.243774,3.236435
146.6918,-0.023995,0.000841,-0.020111,-0.015335,0.34552,0.938278,1.86996,1.774612,0.443766,K01_WestWall,3.237656,3.220825
146.7028,-0.009997,0.00157,-0.020164,-0.009583,0.326157,0.945252,1.86996,1.755196,0.435581,K01_WestWall,3.239075,3.194199
146.714,-0.009997,0.00157,-0.020164,-0.009583,0.326157,0.945252,1.86996,1.768913,0.438759,K01_WestWall,3.239075,3.194199
146.7252,0.017977,0.003046,-0.020235,0.003647,0.300781,0.953674,1.86996,1.740108,0.417451,K01_WestWall,3.228088,3.188004
146.7363,0.025165,0.003414,-0.02025,0.011551,0.29155,0.956482,1.86996,1.738566,0.406278,K01_WestWall,3.223892,3.197708
146.7473,0.022269,0.003211,-0.020249,0.011765,0.28714,0.957809,1.86996,1.744037,0.408109,K01_WestWall,3.242569,3.181335
146.7585,0.022269,0.003211,-0.020249,0.011765,0.28714,0.957809,1.86996,1.757507,0.410499,K01_WestWall,3.242569,3.181335
146.7695,0.016597,0.002832,-0.020238,0.016632,0.290283,0.956787,1.86996,1.775996,0.405676,K01_WestWall,3.266434,3.139969
146.7806,0.013016,0.00249,-0.020266,0.025833,0.233444,0.972015,1.86996,1.697496,0.388288,K01_WestWall,3.26857,3.037796
146.7917,0.013016,0.00249,-0.020266,0.025833,0.233444,0.972015,1.86996,1.710675,0.39138,K01_WestWall,3.26857,3.037796
146.8028,0.013424,0.002438,-0.020296,0.022919,0.218872,0.975479,1.86996,1.700451,0.397762,K01_WestWall,3.167114,3.101532
146.8139,0.007644,0.002127,-0.020386,0.013031,0.206818,0.978287,1.86996,1.694682,0.41478,K01_WestWall,3.250778,3.096756
146.825,-0.001418,0.001779,-0.020342,0.012833,0.230896,0.972885,1.86996,1.74432,0.419491,K01_WestWall,3.282288,3.112335
146.8362,-0.001418,0.001779,-0.020342,0.012833,0.230896,0.972885,1.86996,1.756727,0.421601,K01_WestWall,3.282288,3.112335
146.8472,0.007212,0.002363,-0.020386,0.014328,0.233688,0.972199,1.86996,1.773363,0.421476,K01_WestWall,3.309662,3.08107
146.8583,0.007622,0.002374,-0.020376,0.012283,0.225708,0.974106,1.86996,1.772151,0.425229,K01_WestWall,3.337051,3.122391
146.8694,0.007622,0.002374,-0.020376,0.012283,0.225708,0.974106,1.86996,1.782175,0.425968,K01_WestWall,3.337051,3.122391
146.8806,0.01416,0.002598,-0.02028,0.014542,0.201935,0.979279,1.86996,1.755316,0.421219,K01_WestWall,3.205399,3.064224
146.8917,0.022412,0.002951,-0.020387,0.024048,0.192032,0.981079,1.86996,1.74889,0.406929,K01_WestWall,3.301361,3.180115
146.9029,0.00763,0.001985,-0.020456,0.014923,0.181824,0.983215,1.86996,1.740952,0.420135,K01_WestWall,3.208801,3.038696
146.9139,0.00763,0.001985,-0.020456,0.014923,0.181824,0.983215,1.86996,1.74738,0.421102,K01_WestWall,3.208801,3.038696
146.925,-0.016538,0.000753,-0.020896,0.000793,0.168045,0.985764,1.86996,1.732751,0.441544,K01_WestWall,3.141113,3.146561
146.936,-0.027916,0.000102,-0.021048,0.001862,0.15657,0.987656,1.86996,1.723707,0.439214,K01_WestWall,3.156067,3.097977
146.9471,-0.027916,0.000102,-0.021048,0.001862,0.15657,0.987656,1.86996,1.73098,0.440498,K01_WestWall,3.156067,3.097977
146.9583,-0.028189,0.000224,-0.021131,-0.002731,0.149307,0.988785,1.86996,1.727178,0.448833,K01_WestWall,3.217041,3.102692
146.9694,-0.025651,0.000414,-0.021182,-0.001938,0.143417,0.989655,1.86996,1.722695,0.449354,K01_WestWall,3.132767,3.162277
146.9807,-0.025651,0.000414,-0.021182,-0.001938,0.143417,0.989655,1.86996,1.726427,0.45092,K01_WestWall,3.132767,3.162277
146.9915,-0.00368,0.001326,-0.020871,0.01355,0.127228,0.991776,1.86996,1.7045,0.427365,K01_WestWall,3.124664,3.042297
147.0027,0.005006,0.00158,-0.020842,0.013367,0.131989,0.99115,1.86996,1.710618,0.42642,K01_WestWall,3.278641,3.192139
147.0138,0.005006,0.00158,-0.020842,0.013367,0.131989,0.99115,1.86996,1.710101,0.425148,K01_WestWall,3.278641,3.192139
147.0249,0.009501,0.001691,-0.020646,0.021225,0.122513,0.992233,1.86996,1.695953,0.412728,K01_WestWall,3.091187,3.078339
147.036,0.011361,0.001792,-0.020636,0.019745,0.125107,0.991943,1.86996,1.699004,0.415275,K01_WestWall,3.09227,3.05191
147.0472,0.006764,0.001694,-0.020797,0.021683,0.122788,0.992188,1.86996,1.695346,0.411874,K01_WestWall,3.232574,3.057861
147.0582,0.006764,0.001694,-0.020797,0.021683,0.122788,0.992188,1.86996,1.695456,0.411273,K01_WestWall,3.232574,3.057861
147.0694,-0.007966,0.001013,-0.021021,0.011551,0.121109,0.992569,1.86996,1.693276,0.422531,K01_WestWall,3.19458,3.040878
147.0804,-0.015124,0.000639,-0.021099,0.006973,0.124497,0.992188,1.86996,1.698796,0.426371,K01_WestWall,3.167938,3.042572
147.0916,-0.015124,0.000639,-0.021099,0.006973,0.124497,0.992188,1.86996,1.699994,0.424431,K01_WestWall,3.167938,3.042572
147.1026,-0.014158,0.000682,-0.021083,0.005737,0.124664,0.992172,1.86996,1.701983,0.424671,K01_WestWall,3.158356,3.052689
147.1138,-0.002907,0.001242,-0.020937,0.012299,0.1203,0.992645,1.86996,1.699414,0.414945,K01_WestWall,3.143234,3.052155
147.125,-0.002907,0.001242,-0.020937,0.012299,0.1203,0.992645,1.86996,1.703162,0.414553,K01_WestWall,3.143234,3.052155
147.1362,-0.000249,0.001406,-0.02086,0.012177,0.113617,0.993439,1.86996,1.698541,0.412903,K01_WestWall,3.144623,3.092972
147.1472,0.000943,0.001455,-0.020803,0.015854,0.112549,0.993515,1.86996,1.702737,0.406046,K01_WestWall,3.157745,3.055252
147.1583,-0.004222,0.001406,-0.021409,0.023621,0.111511,0.993469,1.86996,1.707173,0.393735,K01_WestWall,3.189728,3.10083
147.1694,-0.004222,0.001406,-0.021409,0.023621,0.111511,0.993469,1.86996,1.712435,0.391333,K01_WestWall,3.189728,3.10083
147.1805,-0.009305,0.001141,-0.021554,0.02211,0.112808,0.993362,1.86996,1.718825,0.391505,K01_WestWall,3.188843,3.030823
147.1915,-0.006325,0.001244,-0.021386,0.015778,0.110214,0.993774,1.86996,1.719656,0.398116,K01_WestWall,3.188644,3.175964
147.2027,-0.006325,0.001244,-0.021386,0.015778,0.110214,0.993774,1.86996,1.724087,0.397535,K01_WestWall,3.188644,3.175964
147.2139,-0.009942,0.00104,-0.021421,0.015167,0.108719,0.993942,1.86996,1.72673,0.397654,K01_WestWall,3.187485,3.187439
147.225,-0.021229,0.000515,-0.021718,0.003784,0.103302,0.994629,1.86996,1.723037,0.410541,K01_WestWall,3.16452,3.161575
147.236,-0.021229,0.000515,-0.021718,0.003784,0.103302,0.994629,1.86996,1.72652,0.409187,K01_WestWall,3.16452,3.161575
147.247,-0.019556,0.000585,-0.021668,0.003662,0.101074,0.994858,1.86996,1.726296,0.407965,K01_WestWall,3.181671,3.161545
147.2582,-0.008544,0.001083,-0.021396,0.011902,0.095154,0.995377,1.86996,1.722054,0.396572,K01_WestWall,3.185867,3.155411
147.2692,-0.001286,0.001412,-0.021219,0.017883,0.093246,0.995468,1.86996,1.722894,0.38952,K01_WestWall,3.182663,3.156372
147.2804,-0.001286,0.001412,-0.021219,0.017883,0.093246,0.995468,1.86996,1.726105,0.389962,K01_WestWall,3.182663,3.156372
147.2915,-0.00035,0.001444,-0.021197,0.017563,0.086807,0.996063,1.86996,1.720479,0.390608,K01_WestWall,3.19429,3.15358
147.3028,0.00589,0.001693,-0.021046,0.020645,0.090591,0.995667,1.86996,1.727189,0.387623,K01_WestWall,3.209885,3.151337
147.3137,0.00589,0.001693,-0.021046,0.020645,0.090591,0.995667,1.86996,1.728599,0.388344,K01_WestWall,3.209885,3.151337
147.3248,0.004845,0.001563,-0.021115,0.015106,0.080154,0.996658,1.86996,1.717144,0.394896,K01_WestWall,3.206223,3.183395
147.336,0.003543,0.00149,-0.021143,0.013382,0.07576,0.997025,1.86996,1.713372,0.398016,K01_WestWall,3.196152,3.183624
147.3471,0.003543,0.00149,-0.021143,0.013382,0.07576,0.997025,1.86996,1.714207,0.399645,K01_WestWall,3.196152,3.183624
147.3582,0.004447,0.001524,-0.021081,0.015701,0.072372,0.997253,1.86996,1.711969,0.398361,K01_WestWall,3.202133,3.18338
147.3693,-0.000466,0.001302,-0.021194,0.012131,0.065796,0.997757,1.86996,1.706543,0.403384,K01_WestWall,3.191071,3.178436
147.3803,-0.000934,0.001283,-0.021218,0.013031,0.064774,0.997803,1.86996,1.708426,0.403452,K01_WestWall,3.186096,3.17485
147.3916,-0.000934,0.001283,-0.021218,0.013031,0.064774,0.997803,1.86996,1.712042,0.405334,K01_WestWall,3.186096,3.17485
147.4025,0.001885,0.00141,-0.021151,0.017609,0.06459,0.997742,1.86996,1.715731,0.402743,K01_WestWall,3.185822,3.15538
147.4136,0.000739,0.001363,-0.021176,0.017136,0.062363,0.997894,1.86996,1.716857,0.406756,K01_WestWall,3.170883,3.155563
147.4248,0.000739,0.001363,-0.021176,0.017136,0.062363,0.997894,1.86996,1.720008,0.410689,K01_WestWall,3.170883,3.155563
147.4358,-0.001688,0.001218,-0.021145,0.01976,0.052948,0.998398,1.86996,1.713043,0.41036,K01_WestWall,3.169266,3.111938
147.4471,-0.009002,0.000865,-0.021303,0.012741,0.051132,0.998596,1.86996,1.715717,0.420113,K01_WestWall,3.168304,3.237076
147.4595,-0.01112,0.000741,-0.021293,0.020859,0.045258,0.998749,1.86996,1.715959,0.412701,K01_WestWall,3.178635,3.180023
147.4693,-0.01112,0.000741,-0.021293,0.020859,0.045258,0.998749,1.86996,1.721437,0.414897,K01_WestWall,3.178635,3.180023
147.4804,-0.019668,0.000606,-0.021786,0.016708,0.035324,0.999222,1.86996,1.714761,0.42125,K01_WestWall,3.07579,3.241104
147.4914,-0.024765,0.000331,-0.022099,0.013016,0.02977,0.999466,1.86996,1.712232,0.4269,K01_WestWall,2.95314,3.073685
147.5025,-0.024765,0.000331,-0.022099,0.013016,0.02977,0.999466,1.449813,1.648003,0.365714,CursorCube,2.95314,3.073685
147.5136,-0.025318,0.000133,-0.021992,0.014648,0.03392,0.999313,1.86996,1.723168,0.429624,K01_WestWall,3.116379,3.057571
147.5247,-0.023672,0.00017,-0.021924,0.016174,0.02388,0.999573,1.467212,1.650079,0.368179,CursorCube,3.123032,3.172913
147.5359,-0.023672,0.00017,-0.021924,0.016174,0.02388,0.999573,1.476035,1.653127,0.370532,CursorCube,3.123032,3.172913
147.5471,-0.025488,0.000148,-0.022058,0.014496,0.020996,0.999664,1.484777,1.653945,0.374254,CursorCube,3.120819,3.131256
147.558,-0.024531,0.000163,-0.022073,0.013504,0.013962,0.999802,1.493094,1.651792,0.377532,CursorCube,3.142487,3.144104
147.5692,-0.024531,0.000163,-0.022073,0.013504,0.013962,0.999802,1.501501,1.653956,0.38042,CursorCube,3.142487,3.144104
147.5803,-0.016966,0.000506,-0.021872,0.025864,0.011002,0.999603,1.509745,1.654496,0.375055,CursorCube,3.121841,3.16127
147.5914,-0.01189,0.000725,-0.021679,0.034225,0.009735,0.999359,1.518155,1.656433,0.37242,CursorCube,3.117294,3.146286
147.6024,-0.002831,0.00111,-0.021353,0.051697,0.002075,0.998657,1.52606,1.654116,0.363583,CursorCube,3.125732,3.233383
147.6136,-0.002831,0.00111,-0.021353,0.051697,0.002075,0.998657,1.534643,1.656402,0.36631,CursorCube,3.125732,3.233383
147.6249,0.000463,0.001252,-0.021242,0.053802,0.004303,0.998535,1.542608,1.660079,0.367729,CursorCube,3.133423,3.129028
147.6357,0.001597,0.001303,-0.021226,0.056778,0.004242,0.998367,1.550151,1.662587,0.368715,CursorCube,3.141296,3.122116
147.647,0.001597,0.001303,-0.021226,0.056778,0.004242,0.998367,1.55765,1.664755,0.371539,CursorCube,3.141296,3.122116
147.658,0.001356,0.001288,-0.021226,0.060165,0.004181,0.998169,1.564626,1.666974,0.372316,CursorCube,3.133911,3.150085
147.6691,0.000386,0.001242,-0.021257,0.060654,0.004364,0.998138,1.572279,1.66926,0.375045,CursorCube,3.134201,3.15033
147.6801,0.000386,0.001242,-0.021257,0.060654,0.004364,0.998138,1.579764,1.671506,0.378247,CursorCube,3.134201,3.15033
147.6914,0.00253,0.001341,-0.021184,0.07048,0.004318,0.997498,1.586771,1.673888,0.374801,CursorCube,3.122025,3.156708
147.7026,0.001203,0.001273,-0.021209,0.070648,0.002808,0.997482,1.593748,1.674913,0.377416,CursorCube,3.119019,3.228317
147.7135,0.001203,0.001273,-0.021209,0.070648,0.002808,0.997482,1.600878,1.67671,0.380262,CursorCube,3.119019,3.228317
147.7246,-0.000083,0.001175,-0.021172,0.070816,0.00206,0.997482,1.608104,1.678149,0.383137,CursorCube,3.110016,3.184143
147.7358,-0.001734,0.001099,-0.021244,0.072647,0.00238,0.997345,1.614675,1.680077,0.385113,CursorCube,3.091751,3.174698
147.7468,-0.004264,0.000957,-0.021245,0.067215,0.000244,0.997726,1.621443,1.680124,0.391566,CursorCube,3.081528,3.256989
147.758,-0.004264,0.000957,-0.021245,0.067215,0.000244,0.997726,1.627883,1.681239,0.394207,CursorCube,3.081528,3.256989
147.769,-0.007791,0.000752,-0.02128,0.069016,-0.004761,0.997589,1.634472,1.679198,0.395341,CursorCube,3.070847,3.132736
147.7802,-0.007355,0.000797,-0.02139,0.085159,-0.001389,0.996353,1.639075,1.68244,0.387339,CursorCube,3.109802,3.106842
147.7913,-0.007355,0.000797,-0.02139,0.085159,-0.001389,0.996353,1.644825,1.683396,0.389765,CursorCube,3.109802,3.106842
147.8023,-0.00604,0.000865,-0.021343,0.083649,-0.002594,0.996491,1.650829,1.68373,0.393145,CursorCube,3.057541,3.180038
147.8134,-0.000813,0.001148,-0.021222,0.094772,-0.004776,0.995483,1.656105,1.68389,0.388165,CursorCube,3.15976,3.180054
147.8245,-0.001006,0.001153,-0.02125,0.099701,-0.006485,0.994995,1.661253,1.684163,0.386712,CursorCube,3.133392,3.180206
147.8357,-0.001006,0.001153,-0.02125,0.099701,-0.006485,0.994995,1.66655,1.685595,0.388257,CursorCube,3.133392,3.180206
147.8467,-0.007084,0.000957,-0.021771,0.092331,-0.008652,0.995682,1.67213,1.685427,0.394285,CursorCube,3.104416,3.139221
147.8579,-0.009018,0.000861,-0.021842,0.088791,-0.008682,0.996002,1.676913,1.686602,0.397987,CursorCube,3.153198,3.200821
147.8691,-0.009018,0.000861,-0.021842,0.088791,-0.008682,0.996002,1.681705,1.687834,0.399489,CursorCube,3.153198,3.200821
147.8802,-0.004072,0.001105,-0.0217,0.101151,-0.01181,0.994797,1.685761,1.687141,0.392617,CursorCube,3.13559,3.105255
147.8912,0.000151,0.0013,-0.021546,0.109589,-0.012238,0.993897,1.690141,1.688091,0.388268,CursorCube,3.137177,3.121841
147.9023,0.000151,0.0013,-0.021546,0.109589,-0.012238,0.993897,1.694904,1.6891,0.389365,CursorCube,3.137177,3.121841
147.9133,0.000423,0.001308,-0.021531,0.111542,-0.011032,0.993683,1.699452,1.690988,0.388893,CursorCube,3.138596,3.135117
147.9246,-0.00078,0.001254,-0.021574,0.109985,-0.010162,0.993866,1.70417,1.692577,0.391059,CursorCube,3.14505,3.161835
147.9356,0.000778,0.001326,-0.021518,0.113525,-0.010529,0.993469,1.708471,1.693488,0.389802,CursorCube,3.149643,3.181122
147.9469,0.000778,0.001326,-0.021518,0.113525,-0.010529,0.993469,1.712589,1.694301,0.390991,CursorCube,3.149643,3.181122
147.9579,0.001283,0.001347,-0.021496,0.11644,-0.009644,0.993149,1.71635,1.695777,0.390372,CursorCube,3.150146,3.183197
147.969,0.002824,0.001418,-0.021427,0.119675,-0.009369,0.992767,1.720247,1.696898,0.389559,CursorCube,3.178375,3.183899
147.98,0.002824,0.001418,-0.021427,0.119675,-0.009369,0.992767,1.724134,1.69755,0.390691,CursorCube,3.178375,3.183899
147.9913,0.001157,0.001337,-0.021481,0.117249,-0.009613,0.993042,1.727614,1.697499,0.393327,CursorCube,3.19545,3.184006
148.0022,0.000312,0.001287,-0.021477,0.116379,-0.009521,0.993149,1.730682,1.697479,0.394794,CursorCube,3.19545,3.207474
148.0134,-0.000128,0.001264,-0.021476,0.11734,-0.009903,0.993027,1.733262,1.696755,0.394702,CursorCube,3.212631,3.220901
148.0246,-0.000128,0.001264,-0.021476,0.11734,-0.009903,0.993027,1.736073,1.696468,0.395294,CursorCube,3.212631,3.220901
148.0357,0.000673,0.001302,-0.021442,0.119949,-0.010849,0.992706,1.738475,1.695452,0.394001,CursorCube,3.213623,3.220947
148.0468,0.000912,0.001313,-0.021432,0.120697,-0.011642,0.992615,1.740937,1.694559,0.393923,CursorCube,3.217133,3.219757
148.0578,0.000912,0.001313,-0.021432,0.120697,-0.011642,0.992615,1.743204,1.694062,0.394375,CursorCube,3.217133,3.219757
148.0688,0.003188,0.001418,-0.021343,0.126801,-0.011795,0.991852,1.743029,1.692987,0.390637,CursorCube,3.213837,3.221573
148.0801,0.002064,0.001359,-0.021366,0.122726,-0.011276,0.992371,1.747804,1.693036,0.39377,CursorCube,3.214523,3.221329
148.0912,0.002195,0.001354,-0.021325,0.122757,-0.010574,0.992371,1.749997,1.692936,0.393634,CursorCube,3.216309,3.256821
148.1025,0.002195,0.001354,-0.021325,0.122757,-0.010574,0.992371,1.752238,1.69238,0.393526,CursorCube,3.216309,3.256821
148.1135,0.000461,0.00127,-0.021369,0.125031,-0.008377,0.992111,1.753996,1.693326,0.391873,CursorCube,3.217682,3.291031
148.1246,-0.002604,0.001128,-0.021444,0.122864,-0.007309,0.992386,1.755819,1.693271,0.393425,CursorCube,3.22226,3.304337
148.1357,-0.002604,0.001128,-0.021444,0.122864,-0.007309,0.992386,1.757209,1.692525,0.393426,CursorCube,3.22226,3.304337
148.1467,-0.003335,0.001018,-0.021499,0.121002,-0.016495,0.992508,1.758773,1.686081,0.394083,CursorCube,3.191437,3.183151
148.1577,0.000739,0.001114,-0.021254,0.126877,-0.031403,0.991409,1.758922,1.676257,0.389291,CursorCube,3.275101,3.343094
148.1688,0.000359,0.001147,-0.021358,0.124161,-0.031982,0.991745,1.765367,1.676519,0.391076,CursorCube,3.32309,3.28244
148.1802,0.000359,0.001147,-0.021358,0.124161,-0.031982,0.991745,1.766638,1.676669,0.390706,CursorCube,3.32309,3.28244
148.1911,0.000142,0.001155,-0.021408,0.120148,-0.032684,0.992203,1.771307,1.676983,0.393424,CursorCube,3.180679,3.288757
148.2022,0.007496,0.001508,-0.021188,0.131439,-0.031326,0.990814,1.764596,1.67714,0.385362,CursorCube,3.230209,3.306824
148.2133,0.007496,0.001508,-0.021188,0.131439,-0.031326,0.990814,1.765891,1.677682,0.385089,CursorCube,3.230209,3.306824
148.2244,-0.001872,0.001072,-0.021504,0.117233,-0.027191,0.992722,1.767329,1.680002,0.39435,CursorCube,3.266022,3.305359
148.2356,-0.0018,0.001079,-0.021505,0.116745,-0.027634,0.992767,1.768395,1.67989,0.394539,CursorCube,3.260925,3.296478
148.2467,-0.0018,0.001079,-0.021505,0.116745,-0.027634,0.992767,1.769758,1.68012,0.394578,CursorCube,3.260925,3.296478
148.2577,-0.000611,0.001134,-0.021469,0.118149,-0.028488,0.992584,1.773275,1.680282,0.394005,CursorCube,3.260544,3.296341
148.2689,0.000226,0.001174,-0.021446,0.118698,-0.028702,0.992508,1.779184,1.681268,0.394464,CursorCube,3.264923,3.290207
148.28,0.00066,0.001195,-0.021433,0.119186,-0.028625,0.992447,1.773638,1.680781,0.39435,CursorCube,3.268661,3.289963
148.2912,0.00066,0.001195,-0.021433,0.119186,-0.028625,0.992447,1.773331,1.681065,0.395162,CursorCube,3.268661,3.289963
148.3023,0.002935,0.001301,-0.02136,0.122177,-0.026901,0.992142,1.774325,1.683089,0.394404,CursorCube,3.269073,3.297058
148.3133,0.004575,0.001378,-0.021306,0.123947,-0.026428,0.991928,1.774287,1.684083,0.394325,CursorCube,3.273453,3.297195
148.3243,0.004575,0.001378,-0.021306,0.123947,-0.026428,0.991928,1.776286,1.684813,0.395747,CursorCube,3.273453,3.297195
148.3355,0.00506,0.001401,-0.021287,0.124878,-0.027451,0.991791,1.777423,1.684615,0.396356,CursorCube,3.27594,3.297516
148.3468,0.003771,0.001341,-0.021333,0.123749,-0.027939,0.991913,1.778606,1.684364,0.398263,CursorCube,3.275558,3.275421
148.3577,0.002976,0.001265,-0.021265,0.127136,-0.02713,0.991501,1.778547,1.684877,0.396992,CursorCube,3.262665,3.298737
148.3688,0.002976,0.001265,-0.021265,0.127136,-0.02713,0.991501,1.780701,1.68504,0.397784,CursorCube,3.262665,3.298737
148.38,0.002741,0.001264,-0.021336,0.131989,-0.033417,0.990677,1.781662,1.68112,0.394549,CursorCube,3.323425,3.253845
148.391,0.00237,0.001064,-0.020819,0.142716,-0.033005,0.989197,1.781344,1.681309,0.387577,CursorCube,3.245285,3.319305
148.4021,0.00237,0.001064,-0.020819,0.142716,-0.033005,0.989197,1.783058,1.681161,0.387657,CursorCube,3.245285,3.319305
148.4133,-0.015938,0.000351,-0.022033,0.149307,-0.046921,0.987671,1.820048,1.677885,0.384784,CursorCube,3.318375,3.341537
148.4243,-0.022728,0.00017,-0.022775,0.14476,-0.050049,0.98819,1.840458,1.678282,0.388916,CursorCube,3.422089,3.299713
148.4355,-0.019586,0.000309,-0.022623,0.153061,-0.047623,0.987061,1.82378,1.677499,0.38191,CursorCube,3.36087,3.336212
148.4466,-0.019586,0.000309,-0.022623,0.153061,-0.047623,0.987061,1.825732,1.677761,0.381532,CursorCube,3.36087,3.336212
148.4576,-0.017907,0.000379,-0.022531,0.155701,-0.047623,0.986649,1.824034,1.677728,0.379109,CursorCube,3.354355,3.32666
148.4689,-0.000598,0.001083,-0.02156,0.185989,-0.043381,0.981583,1.789126,1.676217,0.35729,CursorCube,3.357361,3.326462
148.4799,-0.000598,0.001083,-0.02156,0.185989,-0.043381,0.981583,1.789842,1.676217,0.356913,CursorCube,3.357361,3.326462
148.491,0.001688,0.001174,-0.021424,0.190613,-0.042282,0.980743,1.786239,1.676364,0.353557,CursorCube,3.35788,3.340256
148.5021,-0.000052,0.0011,-0.021504,0.187759,-0.042252,0.981293,1.786922,1.676338,0.355229,CursorCube,3.358505,3.327438
148.5132,0.000553,0.001159,-0.021528,0.186935,-0.041824,0.981476,1.787074,1.676829,0.355593,CursorCube,3.358765,3.326965
148.5243,0.000553,0.001159,-0.021528,0.186935,-0.041824,0.981476,1.787325,1.677098,0.355589,CursorCube,3.358765,3.326965
148.5354,-0.000281,0.001146,-0.021623,0.185272,-0.042999,0.981735,1.787592,1.676491,0.35642,CursorCube,3.352402,3.368896
148.5465,-0.000319,0.001143,-0.02161,0.184326,-0.043167,0.981903,1.7878,1.676567,0.356796,CursorCube,3.349197,3.353485
148.5577,-0.000319,0.001143,-0.02161,0.184326,-0.043167,0.981903,1.787927,1.676763,0.356768,CursorCube,3.349197,3.353485
148.5686,-0.00063,0.00113,-0.021622,0.184128,-0.042984,0.981949,1.788332,1.676992,0.356969,CursorCube,3.331375,3.37912
148.5797,-0.000745,0.001122,-0.021615,0.183685,-0.042953,0.98204,1.788612,1.67672,0.357286,CursorCube,3.318146,3.333359
148.5909,-0.000745,0.001122,-0.021615,0.183685,-0.042953,0.98204,1.788863,1.676567,0.357175,CursorCube,3.318146,3.333359
148.6021,-0.00033,0.001129,-0.021552,0.184265,-0.043594,0.981903,1.789876,1.676225,0.356725,CursorCube,3.313034,3.33316
148.6131,0.000213,0.001143,-0.021508,0.185364,-0.042786,0.981735,1.78922,1.676568,0.356067,CursorCube,3.314072,3.333115
148.6242,0.000445,0.001145,-0.021475,0.185974,-0.042282,0.981628,1.789449,1.676937,0.355788,CursorCube,3.31662,3.333481
148.6355,0.000445,0.001145,-0.021475,0.185974,-0.042282,0.981628,1.789651,1.676912,0.35589,CursorCube,3.31662,3.333481
148.6465,-0.000062,0.001117,-0.021467,0.185547,-0.042969,0.98169,1.789902,1.676553,0.356312,CursorCube,3.316696,3.329651
148.6577,0.000208,0.001124,-0.021424,0.186539,-0.042862,0.981506,1.790077,1.676878,0.355785,CursorCube,3.328461,3.330658
148.6687,0.000208,0.001124,-0.021424,0.186539,-0.042862,0.981506,1.790162,1.676933,0.355815,CursorCube,3.328461,3.330658
148.6798,0.000262,0.001121,-0.021403,0.187027,-0.043243,0.9814,1.790147,1.676738,0.355255,CursorCube,3.32869,3.316574
148.691,0.000598,0.001128,-0.021365,0.187912,-0.042648,0.981247,1.790104,1.677281,0.354769,CursorCube,3.328903,3.311905
148.7021,0.000598,0.001128,-0.021365,0.187912,-0.042648,0.981247,1.790177,1.677223,0.354639,CursorCube,3.328903,3.311905
148.7132,0.000611,0.001123,-0.021321,0.187729,-0.04364,0.981247,1.79021,1.676781,0.354779,CursorCube,3.345718,3.303528
148.7242,0.000008,0.001097,-0.021341,0.185837,-0.044113,0.981583,1.790301,1.676439,0.356214,CursorCube,3.33287,3.285492
148.7354,-0.000126,0.001088,-0.021343,0.186676,-0.043549,0.981445,1.790285,1.676862,0.355741,CursorCube,3.329453,3.280029
148.7464,-0.000126,0.001088,-0.021343,0.186676,-0.043549,0.981445,1.790348,1.676931,0.355655,CursorCube,3.329453,3.280029
148.7577,-0.000902,0.001055,-0.021386,0.185852,-0.043198,0.981613,1.790518,1.677409,0.356261,CursorCube,3.329483,3.280685
148.7686,-0.001637,0.001023,-0.02142,0.185852,-0.043228,0.981613,1.790656,1.677456,0.356307,CursorCube,3.319702,3.284698
148.7798,-0.001637,0.001023,-0.02142,0.185852,-0.043228,0.981613,1.790732,1.677514,0.356441,CursorCube,3.319702,3.284698
148.7909,-0.001581,0.000924,-0.021043,0.189468,-0.042374,0.980957,1.790632,1.678405,0.354298,CursorCube,3.304382,3.299408
148.8019,-0.001078,0.000942,-0.021019,0.190445,-0.041748,0.980804,1.790611,1.678897,0.353916,CursorCube,3.304245,3.303864
148.8131,-0.000044,0.000987,-0.020977,0.192673,-0.041016,0.980393,1.790514,1.679389,0.352712,CursorCube,3.286667,3.303955
148.8241,-0.000044,0.000987,-0.020977,0.192673,-0.041016,0.980393,1.790352,1.679591,0.352898,CursorCube,3.286667,3.303955
148.8353,0.001104,0.001048,-0.020941,0.194458,-0.041626,0.980026,1.790291,1.679643,0.352016,CursorCube,3.274261,3.30423
148.8464,0.00097,0.001042,-0.020948,0.195374,-0.041595,0.979843,1.790331,1.680272,0.351914,CursorCube,3.270233,3.304489
148.8578,0.00097,0.001042,-0.020948,0.195374,-0.041595,0.979843,1.790306,1.680649,0.352286,CursorCube,3.270233,3.304489
148.8686,0.001606,0.00107,-0.020929,0.195587,-0.041092,0.979813,1.790313,1.681257,0.352734,CursorCube,3.257111,3.304504
148.8797,0.001295,0.001058,-0.020951,0.195969,-0.041595,0.979721,1.790067,1.681218,0.35267,CursorCube,3.22287,3.300354
148.8908,0.000906,0.001043,-0.020974,0.195465,-0.042191,0.979797,1.790084,1.680947,0.353074,CursorCube,3.209946,3.287872
148.9021,0.000906,0.001043,-0.020974,0.195465,-0.042191,0.979797,1.790093,1.680761,0.353225,CursorCube,3.209946,3.287872
148.9131,-0.001184,0.000953,-0.021076,0.192444,-0.043396,0.980331,1.790151,1.67991,0.355347,CursorCube,3.201782,3.287521
148.9242,-0.001646,0.000932,-0.021105,0.192947,-0.044968,0.980164,1.790153,1.678991,0.355352,CursorCube,3.202072,3.268707
148.9356,-0.001646,0.000932,-0.021105,0.192947,-0.044968,0.980164,1.790192,1.679127,0.355806,CursorCube,3.202072,3.268707
148.9465,-0.001302,0.000947,-0.021101,0.194412,-0.045029,0.979874,1.790168,1.679604,0.355362,CursorCube,3.205933,3.268661
148.9575,-0.001639,0.000934,-0.021119,0.192398,-0.046387,0.980209,1.790125,1.678883,0.356852,CursorCube,3.201233,3.258026
148.9686,-0.001639,0.000934,-0.021119,0.192398,-0.046387,0.980209,1.790094,1.67932,0.357119,CursorCube,3.201233,3.258026
148.9799,-0.001537,0.000939,-0.02112,0.193649,-0.046768,0.97995,1.789991,1.67951,0.356392,CursorCube,3.201736,3.229141
148.9908,-0.000793,0.000977,-0.021112,0.195511,-0.047211,0.979553,1.789981,1.679617,0.355526,CursorCube,3.20575,3.207901
149.0019,-0.000373,0.001048,-0.021304,0.193787,-0.046219,0.97995,1.78997,1.680766,0.356902,CursorCube,3.20195,3.186005
149.013,-0.000373,0.001048,-0.021304,0.193787,-0.046219,0.97995,1.78995,1.681171,0.357428,CursorCube,3.20195,3.186005
149.0241,-0.000851,0.001029,-0.02135,0.193359,-0.046158,0.980026,1.790037,1.681833,0.358421,CursorCube,3.206039,3.181335
149.0353,0.000382,0.001082,-0.021289,0.195496,-0.046356,0.979599,1.789983,1.682485,0.357603,CursorCube,3.192184,3.147812
149.0464,0.000382,0.001082,-0.021289,0.195496,-0.046356,0.979599,1.789886,1.683295,0.358238,CursorCube,3.192184,3.147812
149.0574,-0.001741,0.001199,-0.022045,0.180161,-0.05423,0.982132,1.790208,1.678612,0.368652,CursorCube,3.1828,3.110641
149.0686,-0.00293,0.001161,-0.022158,0.178513,-0.05394,0.982452,1.79026,1.679727,0.370552,CursorCube,3.1754,3.10379
149.0797,-0.003741,0.000937,-0.021618,0.177368,-0.053558,0.982681,1.790487,1.680918,0.372607,CursorCube,3.263367,3.18364
149.0908,-0.003741,0.000937,-0.021618,0.177368,-0.053558,0.982681,1.790942,1.68192,0.374026,CursorCube,3.263367,3.18364
149.1018,0.005616,0.001123,-0.020448,0.144363,-0.038788,0.988754,1.79237,1.691307,0.398562,CursorCube,3.225937,3.078812
149.1129,0.007307,0.001267,-0.020644,0.141632,-0.035004,0.989288,1.792564,1.694548,0.402196,CursorCube,3.173721,3.168488
149.124,0.007307,0.001267,-0.020644,0.141632,-0.035004,0.989288,1.792647,1.695754,0.403802,CursorCube,3.173721,3.168488
149.1352,0.002427,0.000983,-0.020689,0.131332,-0.039261,0.990555,1.793002,1.693023,0.412291,CursorCube,3.167145,3.172577
149.1463,0.000988,0.0009,-0.020693,0.13295,-0.043091,0.990173,1.793011,1.691167,0.412903,CursorCube,3.164017,3.237534
149.1573,0.000988,0.0009,-0.020693,0.13295,-0.043091,0.990173,1.793111,1.691691,0.415012,CursorCube,3.164017,3.237534
149.1686,-0.000757,0.000773,-0.02058,0.132828,-0.045044,0.990112,1.793175,1.690732,0.416639,CursorCube,3.26593,3.170212
149.1796,0.010415,0.001113,-0.019722,0.16449,-0.037369,0.985657,1.792366,1.697622,0.397116,CursorCube,3.096161,3.332352
149.1906,0.004383,0.000754,-0.019718,0.162811,-0.036438,0.985977,1.79246,1.698167,0.39911,CursorCube,3.20459,3.461365
149.2018,0.004383,0.000754,-0.019718,0.162811,-0.036438,0.985977,1.792493,1.698007,0.399875,CursorCube,3.20459,3.461365
149.213,-0.009609,-0.000056,-0.019678,0.157608,-0.043655,0.986527,1.792598,1.692381,0.403424,CursorCube,3.157013,3.256332
149.224,-0.010076,-0.000052,-0.019797,0.154785,-0.042831,0.987015,1.792711,1.692013,0.406028,CursorCube,3.271347,3.337616
149.235,-0.010076,-0.000052,-0.019797,0.154785,-0.042831,0.987015,1.792727,1.690625,0.406669,CursorCube,3.271347,3.337616
149.2464,-0.003145,0.000336,-0.019777,0.162827,-0.045364,0.985596,1.792481,1.688014,0.401725,CursorCube,3.274185,3.303177
149.2574,0.000984,0.000573,-0.019771,0.170868,-0.04425,0.984299,1.792257,1.688037,0.396727,CursorCube,3.264725,3.277786
149.2684,0.000984,0.000573,-0.019771,0.170868,-0.04425,0.984299,1.792264,1.687099,0.397093,CursorCube,3.264725,3.277786
149.2796,0.000206,0.000989,-0.021209,0.144165,-0.055191,0.988007,1.792972,1.677728,0.414883,CursorCube,3.326721,3.297974
149.2906,0.002,0.001113,-0.021192,0.150238,-0.052673,0.987228,1.792814,1.678764,0.411137,CursorCube,3.226364,3.262161
149.3017,0.003043,0.001171,-0.021164,0.155289,-0.054077,0.986374,1.792663,1.676843,0.408157,CursorCube,3.244293,3.160324
149.3128,0.003043,0.001171,-0.021164,0.155289,-0.054077,0.986374,1.800525,1.676665,0.409059,CursorCube,3.244293,3.160324
149.324,0.005306,0.001275,-0.021053,0.157745,-0.048294,0.986298,1.792629,1.677979,0.407169,CursorCube,3.244308,3.184128
149.3351,0.005184,0.00128,-0.02107,0.157517,-0.046753,0.986404,1.792644,1.677505,0.407604,CursorCube,3.27861,3.255859
149.3462,0.005184,0.00128,-0.02107,0.157517,-0.046753,0.986404,1.798459,1.676648,0.408305,CursorCube,3.27861,3.255859
149.3572,0.000292,0.001085,-0.021323,0.149689,-0.047119,0.987595,1.817021,1.676835,0.415924,CursorCube,3.32663,3.256088
149.3683,0.0013,0.001239,-0.021575,0.151398,-0.04129,0.987595,1.807631,1.676833,0.414225,CursorCube,3.333344,3.132095
149.3795,0.0013,0.001239,-0.021575,0.151398,-0.04129,0.987595,1.828491,1.676784,0.416764,CursorCube,3.333344,3.132095
149.3906,0.005048,0.001462,-0.021466,0.164764,-0.042831,0.985397,1.854728,1.676273,0.409494,CursorCube,3.34259,3.28038
149.4017,0.002821,0.001312,-0.021214,0.160858,-0.030594,0.986496,1.821873,1.676528,0.409641,CursorCube,3.414047,3.278931
149.4129,-0.002253,0.000788,-0.020341,0.173126,-0.023071,0.984619,1.805778,1.676206,0.399301,CursorCube,3.352142,3.367432
149.4239,-0.002253,0.000788,-0.020341,0.173126,-0.023071,0.984619,1.828209,1.676085,0.400445,CursorCube,3.352142,3.367432
149.435,0.008191,0.001576,-0.020874,0.177673,-0.006256,0.984055,1.792049,1.679025,0.39399,CursorCube,3.308762,3.418396
149.4462,0.012531,0.001964,-0.021177,0.182678,-0.008255,0.983124,1.803264,1.675851,0.390596,CursorCube,3.385803,3.354706
149.4572,0.012531,0.001964,-0.021177,0.182678,-0.008255,0.983124,1.832203,1.675692,0.391996,CursorCube,3.385803,3.354706
149.4684,0.011851,0.002016,-0.021489,0.207718,-0.027374,0.977799,1.86996,1.661593,0.373672,K01_WestWall,3.243912,3.275482
149.4795,-0.020992,0.000989,-0.024508,0.156372,-0.036407,0.987015,1.86996,1.646816,0.412343,K01_WestWall,3.412216,3.359421
149.4907,-0.027555,0.000648,-0.024617,0.138886,-0.03067,0.989822,1.86996,1.644827,0.425264,K01_WestWall,3.500992,3.36821
149.5018,-0.027555,0.000648,-0.024617,0.138886,-0.03067,0.989822,1.86996,1.640113,0.424305,K01_WestWall,3.500992,3.36821
149.5128,-0.028831,0.000706,-0.024922,0.135025,-0.024063,0.99054,1.86996,1.64132,0.426873,K01_WestWall,3.445999,3.262558
149.5239,-0.023565,0.000899,-0.024255,0.14743,0.00798,0.989029,1.86996,1.663476,0.417078,K01_WestWall,3.571671,3.254257
149.5349,-0.023565,0.000899,-0.024255,0.14743,0.00798,0.989029,1.86996,1.660577,0.416167,K01_WestWall,3.571671,3.254257
149.5462,0.014097,0.002136,-0.020865,0.237701,0.026077,0.970978,1.868336,1.673334,0.34349,CursorCube,3.4039,3.372192
149.5572,0.025124,0.002587,-0.020178,0.252441,0.038376,0.966843,1.817689,1.673199,0.331405,CursorCube,3.455872,3.399368
149.5683,0.025124,0.002587,-0.020178,0.252441,0.038376,0.966843,1.838831,1.673017,0.33091,CursorCube,3.455872,3.399368
149.5794,0.019851,0.002415,-0.020572,0.239777,0.041473,0.969925,1.849661,1.673352,0.340623,CursorCube,3.269943,3.405869
149.5905,0.004997,0.001995,-0.021856,0.201767,0.039841,0.978622,1.86996,1.671121,0.371109,K01_WestWall,3.461792,3.375595
149.6016,-0.004117,0.001675,-0.022464,0.184372,0.034851,0.982224,1.86996,1.66395,0.384054,K01_WestWall,3.435699,3.302872
149.6129,-0.004117,0.001675,-0.022464,0.184372,0.034851,0.982224,1.86996,1.660971,0.382778,K01_WestWall,3.435699,3.302872
149.6239,-0.004293,0.001572,-0.022116,0.191513,0.044693,0.980469,1.86996,1.66562,0.375881,K01_WestWall,3.412842,3.334946
149.6349,-0.001124,0.001687,-0.021896,0.19928,0.049805,0.978668,1.86996,1.666639,0.368624,K01_WestWall,3.413834,3.337067
149.6461,0.010373,0.002103,-0.020961,0.225586,0.065506,0.972015,1.84708,1.67359,0.345699,CursorCube,3.448578,3.375107
149.6572,0.010373,0.002103,-0.020961,0.225586,0.065506,0.972015,1.869121,1.67341,0.345396,CursorCube,3.448578,3.375107
149.6684,0.016793,0.002396,-0.020583,0.23291,0.080673,0.969132,1.796071,1.673581,0.336478,CursorCube,3.418488,3.353333
149.6794,0.009691,0.002195,-0.021173,0.217804,0.072311,0.973297,1.86911,1.673521,0.347986,CursorCube,3.457962,3.355194
149.6905,0.009691,0.002195,-0.021173,0.217804,0.072311,0.973297,1.86996,1.671511,0.345048,K01_WestWall,3.457962,3.355194
149.7016,0.006636,0.002068,-0.021324,0.211823,0.072922,0.974579,1.86996,1.670042,0.347043,K01_WestWall,3.426514,3.354126
149.7127,-0.007318,0.001516,-0.022096,0.185974,0.07309,0.979828,1.86996,1.667423,0.366423,K01_WestWall,3.421112,3.357803
149.7239,-0.007318,0.001516,-0.022096,0.185974,0.07309,0.979828,1.86996,1.664209,0.363559,K01_WestWall,3.421112,3.357803
149.7352,-0.007396,0.001531,-0.022093,0.184891,0.078308,0.97963,1.86996,1.664745,0.361501,K01_WestWall,3.407516,3.373199
149.7463,-0.005212,0.001274,-0.020863,0.200226,0.095673,0.975052,1.853873,1.67347,0.344096,CursorCube,3.450928,3.376709
149.7571,0.000556,0.001292,-0.019889,0.227051,0.108505,0.967804,1.86996,1.682541,0.317148,K01_WestWall,3.425705,3.451309
149.7683,0.000556,0.001292,-0.019889,0.227051,0.108505,0.967804,1.86996,1.677742,0.314215,K01_WestWall,3.425705,3.451309
149.7795,0.007116,0.001559,-0.019507,0.229416,0.118637,0.966065,1.86996,1.681636,0.31008,K01_WestWall,3.501755,3.536499
149.7904,0.015336,0.001932,-0.019272,0.238464,0.130676,0.962311,1.86996,1.686874,0.30002,K01_WestWall,3.590637,3.626129
149.8015,0.015336,0.001932,-0.019272,0.238464,0.130676,0.962311,1.86996,1.679303,0.298015,K01_WestWall,3.590637,3.626129
149.8126,0.018315,0.002113,-0.019341,0.237595,0.132828,0.962235,1.86996,1.672593,0.296069,K01_WestWall,3.512466,3.604202
149.8237,0.011523,0.002058,-0.020257,0.211365,0.138031,0.967606,1.86996,1.666516,0.316553,K01_WestWall,3.506638,3.419922
149.8349,0.011523,0.002058,-0.020257,0.211365,0.138031,0.967606,1.86996,1.657073,0.311871,K01_WestWall,3.506638,3.419922
149.8459,-0.021272,0.000631,-0.02151,0.158356,0.138062,0.977676,1.86996,1.645881,0.356367,K01_WestWall,3.543198,3.471695
149.8572,-0.029698,0.000197,-0.021498,0.135376,0.15686,0.978287,1.86996,1.654354,0.373622,K01_WestWall,3.581131,3.519073
149.8682,-0.029928,0.000368,-0.021873,0.131043,0.159531,0.978439,1.86996,1.648991,0.373079,K01_WestWall,3.498489,3.480698
149.8793,-0.029928,0.000368,-0.021873,0.131043,0.159531,0.978439,1.86996,1.640739,0.36903,K01_WestWall,3.498489,3.480698
149.8905,-0.029845,0.000531,-0.021968,0.118485,0.170395,0.97821,1.86996,1.64228,0.377059,K01_WestWall,3.518585,3.429031
149.9015,-0.027926,0.000469,-0.021024,0.102249,0.207886,0.972794,1.86996,1.669037,0.389259,K01_WestWall,3.490677,3.633667
149.9126,-0.027926,0.000469,-0.021024,0.102249,0.207886,0.972794,1.86996,1.658327,0.385221,K01_WestWall,3.490677,3.633667
149.9237,-0.01312,0.001489,-0.021188,0.10817,0.219803,0.969513,1.86996,1.658147,0.375516,K01_WestWall,3.614944,3.421417
149.9349,-0.00699,0.001965,-0.021283,0.103348,0.246521,0.963593,1.86996,1.673098,0.37623,K01_WestWall,3.768143,3.623932
149.9459,-0.006006,0.001791,-0.020301,0.115128,0.278061,0.953629,1.790236,1.680926,0.353111,CursorCube,3.694321,3.614334
149.957,-0.006006,0.001791,-0.020301,0.115128,0.278061,0.953629,1.815957,1.674042,0.350714,CursorCube,3.694321,3.614334
149.9682,0.002138,0.002292,-0.019998,0.126022,0.296921,0.946533,1.789312,1.678011,0.333108,CursorCube,3.650452,3.577942
149.9793,0.015019,0.003045,-0.019612,0.118774,0.313095,0.942261,1.789432,1.684138,0.334485,CursorCube,3.633041,3.623627
149.9904,0.015019,0.003045,-0.019612,0.118774,0.313095,0.942261,1.789111,1.674713,0.329317,CursorCube,3.633041,3.623627
150.0015,0.001067,0.002245,-0.019672,0.102646,0.321396,0.941361,1.789544,1.673886,0.339167,CursorCube,3.675507,3.531921
150.0126,0.001561,0.002243,-0.019413,0.101593,0.336456,0.936188,1.7894,1.67995,0.334658,CursorCube,3.497055,3.589859
150.0237,0.001561,0.002243,-0.019413,0.101593,0.336456,0.936188,1.803527,1.673306,0.331397,CursorCube,3.497055,3.589859
150.0348,0.017173,0.003191,-0.019403,0.106339,0.35582,0.928467,1.845821,1.691935,0.3248,CursorCube,3.667252,3.713425
150.046,0.028142,0.003837,-0.019306,0.106598,0.352707,0.929627,1.86996,1.684737,0.323016,K01_WestWall,3.663071,3.597137
150.0571,0.028011,0.003845,-0.019325,0.093857,0.3591,0.928558,1.795842,1.673967,0.327825,CursorCube,3.666168,3.645828
150.0681,0.028011,0.003845,-0.019325,0.093857,0.3591,0.928558,1.81494,1.673392,0.326986,CursorCube,3.666168,3.645828
150.0793,0.02734,0.004259,-0.020162,0.100266,0.389618,0.915497,1.86996,1.713924,0.320747,K01_WestWall,3.660461,3.641708
150.0904,0.02571,0.004262,-0.019956,0.098221,0.411148,0.90625,1.86996,1.739096,0.321414,K01_WestWall,3.794144,3.667709
150.1014,0.02571,0.004262,-0.019956,0.098221,0.411148,0.90625,1.86996,1.738141,0.321538,K01_WestWall,3.794144,3.667709
150.1126,0.002945,0.003242,-0.020631,0.073029,0.402435,0.912521,1.790018,1.710814,0.341905,CursorCube,3.701309,3.608688
150.1237,-0.029323,0.001895,-0.0218,0.037918,0.362457,0.931213,1.86996,1.674933,0.390705,K01_WestWall,-1,3.450714
150.1347,-0.029323,0.001895,-0.0218,0.037918,0.362457,0.931213,1.86996,1.670641,0.390408,K01_WestWall,-1,3.450714
150.1459,-0.028411,0.001563,-0.020862,0.044754,0.382553,0.922836,1.791017,1.679569,0.370843,CursorCube,3.301163,3.365417
150.157,-0.027044,0.001436,-0.020556,0.036758,0.388901,0.920532,1.79138,1.684832,0.377822,CursorCube,3.804947,3.586472
150.1681,-0.02427,0.001479,-0.020392,0.035721,0.398666,0.916397,1.791427,1.695241,0.376661,CursorCube,3.763977,3.654968
150.1792,-0.02427,0.001479,-0.020392,0.035721,0.398666,0.916397,1.791312,1.694605,0.374233,CursorCube,3.763977,3.654968
150.1904,-0.016052,0.001734,-0.020044,0.049881,0.412094,0.90976,1.790605,1.710471,0.355087,CursorCube,3.776062,3.608154
150.2014,-0.004637,0.002439,-0.020147,0.06015,0.410446,0.909882,1.789917,1.709093,0.340008,CursorCube,3.697571,3.597473
150.2125,-0.004637,0.002439,-0.020147,0.06015,0.410446,0.909882,1.789766,1.709496,0.336565,CursorCube,3.697571,3.597473
150.2237,0.018946,0.003751,-0.020043,0.080109,0.41861,0.904617,1.86996,1.733522,0.318311,K01_WestWall,3.662445,3.532547
150.2348,-0.005914,0.002259,-0.019951,0.048752,0.40773,0.911789,1.790003,1.707092,0.342351,CursorCube,3.629868,3.536697
150.2458,-0.026022,0.001081,-0.019888,0.031906,0.401764,0.915176,1.790651,1.700774,0.358158,CursorCube,3.555038,3.428467
150.257,-0.026022,0.001081,-0.019888,0.031906,0.401764,0.915176,1.790509,1.700431,0.355068,CursorCube,3.555038,3.428467
150.2681,-0.027794,0.000973,-0.019871,0.028275,0.401871,0.915253,1.790563,1.700724,0.3562,CursorCube,3.515564,3.474442
150.2793,-0.026859,0.001008,-0.019816,0.029419,0.405365,0.913666,1.790399,1.70506,0.351635,CursorCube,3.590927,3.479279
150.2902,-0.026859,0.001008,-0.019816,0.029419,0.405365,0.913666,1.790261,1.705149,0.348519,CursorCube,3.590927,3.479279
150.3014,-0.020726,0.001221,-0.019464,0.037994,0.415619,0.908737,1.789789,1.717389,0.335391,CursorCube,3.599915,3.502945
150.3126,-0.013891,0.001619,-0.019492,0.040955,0.415146,0.908814,1.789524,1.7154,0.32989,CursorCube,3.596664,3.515091
150.3235,-0.004456,0.002166,-0.019566,0.046127,0.41568,0.908325,1.812865,1.717523,0.325199,CursorCube,3.586807,3.529022
150.3346,-0.004456,0.002166,-0.019566,0.046127,0.41568,0.908325,1.822519,1.716202,0.324819,CursorCube,3.586807,3.529022
150.3458,-0.000926,0.002376,-0.019675,0.034744,0.418533,0.907517,1.789602,1.710822,0.332615,CursorCube,3.494537,3.529907
150.3569,-0.011127,0.002074,-0.020519,0.02301,0.420502,0.906998,1.79015,1.709898,0.345042,CursorCube,3.753265,3.49762
150.368,-0.011127,0.002074,-0.020519,0.02301,0.420502,0.906998,1.790012,1.704894,0.343016,CursorCube,3.753265,3.49762
150.3792,-0.029232,0.000765,-0.019705,0.037781,0.358597,0.932724,1.86996,1.625859,0.337139,K01_WestWall,3.143921,3.579254
150.3904,0,0,0,0,0,1,-99999,-99999,-99999,,4.400726,3.314697
150.4013,0,0,0,0,0,1,-99999,-99999,-99999,,4.400726,3.314697
150.4124,0,0,0,0,0,1,-99999,-99999,-99999,,3.012558,3.276871
150.4236,-0.029243,0.000547,-0.019891,0.062317,0.142181,0.987869,1.86996,1.313689,0.306183,K01_WestWall,2.994339,3.414566
150.4346,-0.029339,0.000799,-0.022137,0.030045,0.162476,0.986252,1.86996,1.334796,0.346742,K01_WestWall,3.672562,3.283737
150.4458,-0.029339,0.000799,-0.022137,0.030045,0.162476,0.986252,1.86996,1.329217,0.345807,K01_WestWall,3.672562,3.283737
150.4569,-0.029283,0.000538,-0.021286,0.031189,0.165985,0.985626,1.86996,1.329062,0.343307,K01_WestWall,3.382156,3.357941
150.468,-0.029291,0.000475,-0.021144,0.041321,0.174133,0.983841,1.86996,1.335313,0.328664,K01_WestWall,3.436417,3.244522
150.4792,-0.029291,0.000475,-0.021144,0.041321,0.174133,0.983841,1.86996,1.330294,0.327685,K01_WestWall,3.436417,3.244522
150.4903,-0.029351,0.000567,-0.021366,0.030838,0.176193,0.983872,1.86996,1.328866,0.341269,K01_WestWall,3.454819,3.292358
150.5013,-0.02102,0.000974,-0.021265,0.03595,0.177231,0.983505,1.86996,1.325855,0.333063,K01_WestWall,3.355438,3.223572
150.5125,-0.02102,0.000974,-0.021265,0.03595,0.177231,0.983505,1.86996,1.321586,0.331234,K01_WestWall,3.355438,3.223572
150.5236,-0.016573,0.001229,-0.021353,0.031067,0.185318,0.982178,1.86996,1.328673,0.335973,K01_WestWall,3.350189,3.351669
150.5346,-0.00819,0.001403,-0.020536,0.044418,0.204529,0.977844,1.86996,1.351879,0.314639,K01_WestWall,3.487198,3.165359
150.5457,-0.007447,0.001493,-0.020633,0.045197,0.201553,0.978424,1.86996,1.343606,0.311829,K01_WestWall,3.482117,3.304657
150.5569,-0.007447,0.001493,-0.020633,0.045197,0.201553,0.978424,1.86996,1.339224,0.310166,K01_WestWall,3.482117,3.304657
150.5679,-0.001661,0.001796,-0.02058,0.046097,0.206924,0.977264,1.86996,1.341765,0.307263,K01_WestWall,3.41507,3.338409
150.579,0.003057,0.002091,-0.020654,0.045273,0.203705,0.977982,1.86996,1.331559,0.306706,K01_WestWall,3.424774,3.332321
150.5901,0.003057,0.002091,-0.020654,0.045273,0.203705,0.977982,1.86996,1.325254,0.304304,K01_WestWall,3.424774,3.332321
150.6014,0.007427,0.002342,-0.020582,0.046829,0.20163,0.978333,1.86996,1.314912,0.299602,K01_WestWall,3.457458,3.343597
150.6124,-0.004232,0.001755,-0.020275,0.039902,0.239044,0.970184,1.86996,1.363371,0.306102,K01_WestWall,3.43309,3.432846
150.6234,-0.004232,0.001755,-0.020275,0.039902,0.239044,0.970184,1.86996,1.355728,0.303147,K01_WestWall,3.43309,3.432846
150.6346,-0.014002,0.001301,-0.020377,0.033051,0.242996,0.969452,1.86996,1.351315,0.310374,K01_WestWall,3.39064,3.404572
150.6458,-0.021388,0.000974,-0.020615,0.035584,0.233002,0.971817,1.86996,1.322184,0.304394,K01_WestWall,3.391785,3.328613
150.6568,-0.029385,0.000741,-0.021597,0.041443,0.158417,0.986496,1.86996,1.192806,0.294825,K01_WestWall,3.059784,3.412125
150.6679,-0.029385,0.000741,-0.021597,0.041443,0.158417,0.986496,1.86996,1.172099,0.292471,K01_WestWall,3.059784,3.412125
150.6792,0,0,0,0,0,1,-99999,-99999,-99999,,2.766525,3.229355
150.6902,0,0,0,0,0,1,-99999,-99999,-99999,,4.5215,2.760284
150.7012,0,0,0,0,0,1,-99999,-99999,-99999,,4.5215,2.760284
150.7123,0,0,0,0,0,1,-99999,-99999,-99999,,3.775131,2.956146
150.7234,0,0,0,0,0,1,-99999,-99999,-99999,,3.463593,3.073593
150.7345,0,0,0,0,0,1,-99999,-99999,-99999,,3.463593,3.073593
150.7456,0,0,0,0,0,1,-99999,-99999,-99999,,-1,1.791794
150.7567,-0.029023,-0.000331,-0.02714,0.168411,-0.070984,0.983154,1.86996,0.528505,0.049615,K01_WestWall,2.863602,1.984329
150.7678,-0.029479,-0.000798,-0.020511,0.071869,-0.343674,0.936325,1.195053,0.483562,0.116317,K01_G07_03,3.397842,2.215271
150.779,-0.029479,-0.000798,-0.020511,0.071869,-0.343674,0.936325,1.154071,0.485085,0.110793,K01_G07_03,3.397842,2.215271
150.7901,-0.029459,-0.001517,-0.019585,0.016907,-0.325684,0.945313,1.521292,0.00527,0.260679,K01_Floor,2.395874,1.862473
150.8012,-0.029422,-0.001692,-0.02073,0.259232,-0.443771,0.857803,1.115897,0.20107,-0.188098,K01_G07_03,3.069519,2.122787
150.8123,-0.029422,-0.001692,-0.02073,0.259232,-0.443771,0.857803,1.113424,0.137288,-0.199677,K01_G07_03,3.069519,2.122787
150.8235,0.027223,0.00211,-0.023161,0.189499,-0.348114,0.918091,1.360085,0.00527,-0.083632,K01_Floor,3.046677,3.102051
150.8345,0.029898,0.00264,-0.025857,0.19751,-0.358582,0.912354,1.296766,0.00527,-0.105502,K01_Floor,3.135117,3.387161
150.8456,0.030021,0.001778,-0.023167,0.196137,-0.406021,0.892548,1.158121,0.00527,-0.117538,K01_Floor,3.13121,3.069626
150.8568,0.030021,0.001778,-0.023167,0.196137,-0.406021,0.892548,1.125662,0.00527,-0.125081,K01_Floor,3.13121,3.069626
150.8679,-0.029242,-0.002303,-0.020649,0.14035,-0.51619,0.844879,0.872391,0.00527,-0.063895,K01_Floor,3.148285,2.895599
150.879,-0.029259,-0.002188,-0.021411,0.16745,-0.480499,0.86084,0.919015,0.00527,-0.108799,K01_Floor,3.181763,3.082382
150.89,-0.029259,-0.002188,-0.021411,0.16745,-0.480499,0.86084,0.894194,0.00527,-0.11777,K01_Floor,3.181763,3.082382
150.9013,-0.02893,-0.00227,-0.021678,0.125366,-0.540329,0.832047,0.751223,0.00527,-0.072354,K01_Floor,3.198166,3.03569
150.9122,-0.019688,-0.001918,-0.021949,0.113236,-0.535233,0.837067,0.733273,0.00527,-0.059997,K01_Floor,3.205185,2.8479
150.9233,-0.006948,-0.00137,-0.022209,0.11821,-0.511536,0.851074,0.749389,0.00527,-0.069233,K01_Floor,3.096222,2.819885
150.9346,-0.006948,-0.00137,-0.022209,0.11821,-0.511536,0.851074,0.717778,0.00527,-0.07578,K01_Floor,3.096222,2.819885
150.9457,-0.007651,-0.001468,-0.022459,0.111969,-0.477829,0.871277,0.747907,0.00527,-0.065313,K01_Floor,3.297867,2.981552
150.9568,-0.028314,-0.002837,-0.022291,0.100632,-0.457947,0.883255,0.750973,0.00527,-0.050384,K01_Floor,3.069672,3.146164
150.9677,-0.02887,-0.003008,-0.0222,0.078415,-0.442856,0.893143,0.743369,0.00527,-0.01951,K01_Floor,3.103851,3.005127
150.9789,-0.02887,-0.003008,-0.0222,0.078415,-0.442856,0.893143,0.711618,0.00527,-0.026059,K01_Floor,3.103851,3.005127
150.99,-0.028956,-0.003014,-0.022198,0.083939,-0.428253,0.89975,0.706219,0.00527,-0.037499,K01_Floor,3.050064,3.040634
151.0011,-0.02827,-0.002962,-0.02202,0.088959,-0.410477,0.907517,0.705243,0.00527,-0.046231,K01_Floor,3.039749,3.095261
151.0123,-0.02827,-0.002962,-0.02202,0.088959,-0.410477,0.907517,0.669965,0.00527,-0.049574,K01_Floor,3.039749,3.095261
151.0233,-0.005682,-0.001639,-0.022018,0.114136,-0.338501,0.934006,0.760078,0.00527,-0.078826,K01_Floor,3.082031,3.311676
151.0355,0.022875,-0.000036,-0.022624,0.127182,-0.336243,0.933136,0.726631,0.00527,-0.101646,K01_Floor,3.218674,3.236282
151.0456,0.022875,-0.000036,-0.022624,0.127182,-0.336243,0.933136,0.689956,0.00527,-0.104985,K01_Floor,3.218674,3.236282
151.0567,0.025493,-0.000332,-0.0233,0.087692,-0.423386,0.901688,0.509085,0.00527,-0.06279,K01_Floor,3.170868,3.188492
151.0677,0.028649,-0.000447,-0.023592,0.094116,-0.492493,0.865204,0.36748,0.00527,-0.087866,K01_Floor,3.154327,3.252243
151.0789,0.001136,-0.002301,-0.022972,0.068024,-0.524414,0.848724,0.286656,0.00527,-0.059391,K01_Floor,3.110809,3.263474
151.09,0.001136,-0.002301,-0.022972,0.068024,-0.524414,0.848724,0.264981,0.00527,-0.062787,K01_Floor,3.110809,3.263474
151.1012,-0.017504,-0.003265,-0.022801,0.053024,-0.540604,0.839584,0.215568,0.00527,-0.047439,K01_Floor,3.063507,3.444794
151.1122,-0.02389,-0.003494,-0.02254,0.038437,-0.509659,0.859512,0.247861,0.00527,-0.024829,K01_Floor,3.230927,3.426025
151.1232,-0.02389,-0.003494,-0.02254,0.038437,-0.509659,0.859512,0.229798,0.00527,-0.027859,K01_Floor,3.230927,3.426025
151.1344,0.021274,-0.000823,-0.022984,0.066956,-0.467545,0.881424,0.283591,0.00527,-0.066082,K01_Floor,3.114532,3.458572
151.1455,0.028896,-0.0004,-0.02298,0.072708,-0.458801,0.885544,0.279274,0.00527,-0.076556,K01_Floor,3.07933,3.196503
151.1566,0.028896,-0.0004,-0.02298,0.072708,-0.458801,0.885544,0.258618,0.00527,-0.080443,K01_Floor,3.07933,3.196503
151.1677,0.029349,-0.000327,-0.023123,0.079895,-0.424576,0.90184,0.292468,0.00527,-0.089136,K01_Floor,3.197876,3.231232
151.1789,0.028044,-0.00043,-0.022994,0.069107,-0.411926,0.908585,0.29183,0.00527,-0.073677,K01_Floor,3.157242,3.181152
151.19,0.021588,-0.000777,-0.02251,0.062088,-0.400696,0.914093,0.291286,0.00527,-0.062437,K01_Floor,3.068954,3.168259
151.2011,0.021588,-0.000777,-0.02251,0.062088,-0.400696,0.914093,0.274163,0.00527,-0.061886,K01_Floor,3.068954,3.168259
151.2122,-0.013445,-0.002541,-0.022032,0.044434,-0.406815,0.912415,0.246648,0.00527,-0.035867,K01_Floor,3.121567,3.139328
151.2232,-0.024316,-0.002989,-0.022102,0.027924,-0.375565,0.926361,0.276579,0.00527,-0.008312,K01_Floor,3.041031,3.161972
151.2343,-0.024316,-0.002989,-0.022102,0.027924,-0.375565,0.926361,0.260824,0.00527,-0.0075,K01_Floor,3.041031,3.161972
151.2454,-0.022156,-0.002859,-0.022097,0.025131,-0.362045,0.931809,0.266215,0.00527,-0.001179,K01_Floor,3.196671,3.180618
151.2566,-0.000452,-0.001587,-0.022461,0.04744,-0.333771,0.941452,0.297784,0.00527,-0.028602,K01_Floor,3.016769,3.193787
151.2677,0.02157,-0.000288,-0.022846,0.070679,-0.324539,0.943222,0.302245,0.00527,-0.059023,K01_Floor,3.064529,3.321991
151.2788,0.02157,-0.000288,-0.022846,0.070679,-0.324539,0.943222,0.292176,0.00527,-0.057326,K01_Floor,3.064529,3.321991
151.2899,0.030938,0.000264,-0.022647,0.074402,-0.299011,0.95134,0.320903,0.00527,-0.057611,K01_Floor,3.156433,3.166275
151.3011,0.031113,0.000316,-0.022907,0.070221,-0.31691,0.945847,0.281525,0.00527,-0.051583,K01_Floor,3.060364,3.292053
151.3121,0.031113,0.000316,-0.022907,0.070221,-0.31691,0.945847,0.268266,0.00527,-0.050042,K01_Floor,3.060364,3.292053
151.3233,0.03064,-0.000142,-0.023001,0.036728,-0.383255,0.922897,0.15221,0.00527,-0.010731,K01_Floor,3.096786,3.331665
151.3343,0.011771,-0.001363,-0.02295,0.014893,-0.432312,0.901581,0.062509,0.00527,0.012559,K01_Floor,3.004745,3.072632
151.3455,0.011771,-0.001363,-0.02295,0.014893,-0.432312,0.901581,0.051866,0.00527,0.012452,K01_Floor,3.004745,3.072632
151.3565,0.016446,-0.001171,-0.022931,0.027542,-0.424622,0.904938,0.054986,0.00527,-0.004225,K01_Floor,3.123199,3.102386
151.3676,0.017217,-0.001083,-0.022848,0.028107,-0.412796,0.910385,0.064981,0.00527,-0.003332,K01_Floor,3.041153,3.141357
151.3787,-0.000206,-0.001862,-0.0225,0.018051,-0.407883,0.912842,0.062498,0.00527,0.011828,K01_Floor,3.035492,3.167709
151.3898,-0.000206,-0.001862,-0.0225,0.018051,-0.407883,0.912842,0.05529,0.00527,0.011833,K01_Floor,3.035492,3.167709
151.4009,0.002053,-0.001635,-0.022394,0.020615,-0.388733,0.921112,0.077881,0.00527,0.011142,K01_Floor,2.977432,3.146729
151.412,0.000587,-0.001665,-0.022278,0.016296,-0.395721,0.918213,0.061576,0.00527,0.015364,K01_Floor,2.986877,3.029922
151.4231,0.000587,-0.001665,-0.022278,0.016296,-0.395721,0.918213,0.056894,0.00527,0.014225,K01_Floor,2.986877,3.029922
151.4343,0.015664,-0.000785,-0.022649,0.03183,-0.386902,0.921555,0.070259,0.00527,-0.006531,K01_Floor,2.913498,3.053482
151.4455,0.012005,-0.000922,-0.022492,0.030441,-0.377945,0.925324,0.081361,0.00527,-0.002836,K01_Floor,3.101517,3.172501
151.4566,-0.017216,-0.002522,-0.021975,0.005402,-0.388611,0.921372,0.058929,0.00527,0.0296,K01_Floor,2.880539,3.050461
151.4676,-0.017216,-0.002522,-0.021975,0.005402,-0.388611,0.921372,0.058042,0.00527,0.030211,K01_Floor,2.880539,3.050461
151.4788,-0.028053,-0.003098,-0.021791,0.007858,-0.399368,0.916748,0.041019,0.00527,0.024861,K01_Floor,2.923752,3.028107
151.4898,-0.028528,-0.003112,-0.021784,0.007675,-0.390305,0.920639,0.053279,0.00527,0.027351,K01_Floor,2.932495,3.035019
151.5011,-0.028528,-0.003112,-0.021784,0.007675,-0.390305,0.920639,0.051178,0.00527,0.027436,K01_Floor,2.932495,3.035019
151.5121,-0.023277,-0.00278,-0.022097,0.009842,-0.380066,0.924896,0.063895,0.00527,0.025786,K01_Floor,2.923386,3.034927
151.5232,-0.007654,-0.00197,-0.022368,0.021866,-0.361343,0.932175,0.090294,0.00527,0.012293,K01_Floor,2.994522,2.951126
151.5342,-0.007654,-0.00197,-0.022368,0.021866,-0.361343,0.932175,0.085654,0.00527,0.010799,K01_Floor,2.994522,2.951126
151.5454,-0.00355,-0.001763,-0.022474,0.025192,-0.354935,0.93454,0.090983,0.00527,0.006328,K01_Floor,2.983658,3.033722
151.5565,-0.014163,-0.002323,-0.022433,0.015366,-0.35936,0.93306,0.077607,0.00527,0.017982,K01_Floor,2.817841,3.059174
151.5676,-0.01329,-0.002276,-0.022438,0.01915,-0.358368,0.933365,0.075282,0.00527,0.011977,K01_Floor,2.918213,3.046448
151.5786,-0.01329,-0.002276,-0.022438,0.01915,-0.358368,0.933365,0.071217,0.00527,0.010887,K01_Floor,2.918213,3.046448
151.5898,-0.011603,-0.002164,-0.02244,0.021149,-0.354843,0.934677,0.073528,0.00527,0.008095,K01_Floor,2.931839,3.029327
151.6009,-0.008846,-0.001954,-0.022578,0.022644,-0.3517,0.935822,0.076036,0.00527,0.005766,K01_Floor,2.807938,3.041382
151.612,-0.008846,-0.001954,-0.022578,0.022644,-0.3517,0.935822,0.0747,0.00527,0.004161,K01_Floor,2.807938,3.041382
151.6231,-0.000851,-0.00148,-0.02262,0.023315,-0.352081,0.935669,0.073948,0.00527,0.001428,K01_Floor,2.754852,3.041031
151.6343,0.021395,-0.000154,-0.022889,0.049332,-0.340118,0.939072,0.099297,0.00527,-0.033525,K01_Floor,2.825424,3.040955
151.6453,0.021395,-0.000154,-0.022889,0.049332,-0.340118,0.939072,0.10233,0.00527,-0.035594,K01_Floor,2.825424,3.040955
151.6564,0.026004,0.000123,-0.022939,0.051361,-0.340179,0.93895,0.10526,0.00527,-0.040325,K01_Floor,2.83667,3.042358
151.6676,0.024141,-0.000025,-0.02268,0.080963,-0.319809,0.944,0.144526,0.00527,-0.078384,K01_Floor,2.943649,3.055603
151.6787,0.013586,-0.000588,-0.022599,0.075806,-0.312744,0.946793,0.157872,0.00527,-0.071353,K01_Floor,2.889725,2.915482
151.6897,0.013586,-0.000588,-0.022599,0.075806,-0.312744,0.946793,0.162914,0.00527,-0.073883,K01_Floor,2.889725,2.915482
151.7009,0.005802,-0.000996,-0.022589,0.076004,-0.317093,0.945343,0.162375,0.00527,-0.07775,K01_Floor,2.890442,2.981995
151.7119,0.004046,-0.001092,-0.022563,0.073715,-0.3134,0.946747,0.174186,0.00527,-0.076021,K01_Floor,2.89093,2.967453
151.7231,0.004046,-0.001092,-0.022563,0.073715,-0.3134,0.946747,0.180194,0.00527,-0.079087,K01_Floor,2.89093,2.967453
151.7341,0.009288,-0.000832,-0.022568,0.075912,-0.314453,0.946228,0.181289,0.00527,-0.086372,K01_Floor,2.893265,2.969925
151.7453,0.008677,-0.000999,-0.022438,0.071167,-0.315842,0.946137,0.174865,0.00527,-0.084765,K01_Floor,2.895065,2.920563
151.7564,0.006132,-0.001069,-0.022451,0.06163,-0.324936,0.94371,0.152127,0.00527,-0.079365,K01_Floor,2.899536,2.839783
151.7675,0.006132,-0.001069,-0.022451,0.06163,-0.324936,0.94371,0.144538,0.00527,-0.085976,K01_Floor,2.899536,2.839783
151.7787,0.008885,-0.000948,-0.022476,0.059616,-0.322159,0.944794,0.143516,0.00527,-0.088945,K01_Floor,2.849945,2.886047
151.7896,0.022317,-0.000512,-0.022438,0.054474,-0.317474,0.946686,0.146781,0.00527,-0.086354,K01_Floor,2.806641,2.905228
151.8008,0.022317,-0.000512,-0.022438,0.054474,-0.317474,0.946686,0.144537,0.00527,-0.091846,K01_Floor,2.806641,2.905228
151.8119,0.029564,-0.000173,-0.02269,0.060837,-0.31424,0.947388,0.15017,0.00527,-0.103574,K01_Floor,2.788345,2.809814
151.823,0.030689,-0.000078,-0.022545,0.05899,-0.296341,0.953247,0.175569,0.00527,-0.099522,K01_Floor,2.832367,2.905136
151.8341,0.030666,0.000078,-0.022784,0.0569,-0.30397,0.950974,0.163828,0.00527,-0.101535,K01_Floor,2.786255,2.791336
151.8453,0.030666,0.000078,-0.022784,0.0569,-0.30397,0.950974,0.163014,0.00527,-0.103682,K01_Floor,2.786255,2.791336
151.8564,0.027121,-0.000005,-0.022777,0.055893,-0.313934,0.947784,0.14728,0.00527,-0.108176,K01_Floor,2.826965,2.878555
151.8675,0.015011,-0.000693,-0.022757,0.042999,-0.313141,0.948715,0.144353,0.00527,-0.092935,K01_Floor,2.74707,2.953262
151.8786,0.015011,-0.000693,-0.022757,0.042999,-0.313141,0.948715,0.142559,0.00527,-0.096027,K01_Floor,2.74707,2.953262
151.8896,0.017611,-0.000685,-0.022672,0.039688,-0.305939,0.951218,0.151043,0.00527,-0.091725,K01_Floor,2.739609,2.888199
151.9008,0.010096,-0.001198,-0.022619,0.031418,-0.313934,0.948914,0.13532,0.00527,-0.084448,K01_Floor,2.826797,2.835403
151.9119,0.010096,-0.001198,-0.022619,0.031418,-0.313934,0.948914,0.131492,0.00527,-0.085548,K01_Floor,2.826797,2.835403
151.9229,0.000275,-0.001752,-0.022526,0.020416,-0.310364,0.950394,0.129977,0.00527,-0.070431,K01_Floor,2.764145,2.870804
151.9342,0.004651,-0.001373,-0.022689,0.025192,-0.31572,0.948517,0.119665,0.00527,-0.079211,K01_Floor,2.801392,2.923218
151.9453,0.010251,-0.000977,-0.022601,0.024384,-0.303619,0.952469,0.137547,0.00527,-0.075199,K01_Floor,2.831482,3.029465
151.9565,0.010251,-0.000977,-0.022601,0.024384,-0.303619,0.952469,0.140163,0.00527,-0.076135,K01_Floor,2.831482,3.029465
151.9677,0.019559,-0.000364,-0.022688,0.022507,-0.289322,0.956955,0.165565,0.00527,-0.070455,K01_Floor,2.811569,2.910233
151.9785,0.025958,0.000077,-0.022725,0.029465,-0.296295,0.954636,0.162513,0.00527,-0.083022,K01_Floor,2.746567,2.856705
151.9897,0.025958,0.000077,-0.022725,0.029465,-0.296295,0.954636,0.169684,0.00527,-0.083812,K01_Floor,2.746567,2.856705
152.0008,0.025839,0.000115,-0.022699,0.026733,-0.294067,0.955399,0.178622,0.00527,-0.080443,K01_Floor,2.803848,2.979752
152.0118,0.022663,0.000022,-0.022693,0.025711,-0.296799,0.95459,0.179958,0.00527,-0.080901,K01_Floor,2.820755,3.007599
152.0229,0.022663,0.000022,-0.022693,0.025711,-0.296799,0.95459,0.184752,0.00527,-0.082175,K01_Floor,2.820755,3.007599
152.0341,0.014279,-0.000457,-0.022694,0.021667,-0.307755,0.951202,0.171142,0.00527,-0.080861,K01_Floor,2.747742,3.031982
152.0452,-0.004962,-0.001641,-0.022459,0.005157,-0.313583,0.949539,0.161814,0.00527,-0.060528,K01_Floor,2.766907,2.941818
152.0564,-0.023399,-0.002738,-0.022289,-0.005539,-0.314117,0.949356,0.162166,0.00527,-0.046388,K01_Floor,2.861435,3.010315
152.0674,-0.023399,-0.002738,-0.022289,-0.005539,-0.314117,0.949356,0.164545,0.00527,-0.047025,K01_Floor,2.861435,3.010315
152.0784,-0.026422,-0.002887,-0.022248,-0.014923,-0.319214,0.947556,0.15348,0.00527,-0.035903,K01_Floor,2.838608,3.035995
152.0895,-0.023996,-0.002485,-0.022517,-0.004044,-0.328491,0.944489,0.139155,0.00527,-0.054231,K01_Floor,2.930542,2.926743
152.1007,-0.023996,-0.002485,-0.022517,-0.004044,-0.328491,0.944489,0.137929,0.00527,-0.054327,K01_Floor,2.930542,2.926743
152.1118,-0.025866,-0.002537,-0.022427,-0.002945,-0.330368,0.943832,0.136486,0.00527,-0.056526,K01_Floor,2.802109,2.957489
152.1231,-0.02697,-0.002757,-0.022492,-0.012848,-0.317703,0.94809,0.153543,0.00527,-0.040075,K01_Floor,2.889572,2.944519
152.134,-0.02697,-0.002757,-0.022492,-0.012848,-0.317703,0.94809,0.151729,0.00527,-0.040859,K01_Floor,2.889572,2.944519
152.1452,-0.026993,-0.002984,-0.022398,-0.017487,-0.328842,0.944214,0.132671,0.00527,-0.038705,K01_Floor,2.836746,2.973541
152.1567,-0.026634,-0.00299,-0.022309,-0.020889,-0.331787,0.943115,0.12953,0.00527,-0.036003,K01_Floor,2.807755,3.011566
152.1675,-0.028557,-0.002944,-0.02226,-0.0242,-0.31427,0.94902,0.158532,0.00527,-0.027185,K01_Floor,2.83197,2.962418
152.1786,-0.028557,-0.002944,-0.02226,-0.0242,-0.31427,0.94902,0.160337,0.00527,-0.026801,K01_Floor,2.83197,2.962418
152.1896,-0.024817,-0.00263,-0.022402,-0.013382,-0.32402,0.945953,0.149668,0.00527,-0.044193,K01_Floor,2.777847,2.965317
152.2006,0.014325,-0.000625,-0.02268,0.00235,-0.318573,0.947891,0.164001,0.00527,-0.064054,K01_Floor,2.850601,2.916641
152.2117,0.014325,-0.000625,-0.02268,0.00235,-0.318573,0.947891,0.166267,0.00527,-0.062066,K01_Floor,2.850601,2.916641
152.2229,0.008571,-0.000945,-0.022651,0.00087,-0.317413,0.948273,0.169665,0.00527,-0.057398,K01_Floor,2.894135,2.87291
152.234,-0.005834,-0.001713,-0.022593,-0.011246,-0.327759,0.944687,0.152108,0.00527,-0.039515,K01_Floor,2.911224,3.019409
152.2451,-0.005834,-0.001713,-0.022593,-0.011246,-0.327759,0.944687,0.152938,0.00527,-0.036095,K01_Floor,2.911224,3.019409
152.2563,0.015816,-0.00057,-0.022534,0.00174,-0.328186,0.944595,0.155995,0.00527,-0.051601,K01_Floor,2.821335,2.947723
152.2673,0.015598,-0.000567,-0.022523,0.003296,-0.330536,0.943771,0.152593,0.00527,-0.051401,K01_Floor,2.820724,3.053772
152.2783,0.009387,-0.000924,-0.022478,0.001602,-0.32814,0.944626,0.155269,0.00527,-0.045862,K01_Floor,2.848328,2.974945
152.2895,0.009387,-0.000924,-0.022478,0.001602,-0.32814,0.944626,0.15405,0.00527,-0.043356,K01_Floor,2.848328,2.974945
152.3007,0.006983,-0.001075,-0.022441,0.004471,-0.329224,0.944229,0.151283,0.00527,-0.046087,K01_Floor,2.875946,2.975937
152.3117,0.007326,-0.00106,-0.022449,0.003906,-0.331192,0.943543,0.146322,0.00527,-0.044737,K01_Floor,2.834885,2.9888
152.3229,0.007326,-0.00106,-0.022449,0.003906,-0.331192,0.943543,0.144129,0.00527,-0.044021,K01_Floor,2.834885,2.9888
152.334,0.0045,-0.001195,-0.022512,0.005081,-0.328842,0.944351,0.145598,0.00527,-0.044952,K01_Floor,2.883789,2.990509
152.3451,0.005528,-0.001091,-0.022556,0.005646,-0.331802,0.943329,0.139056,0.00527,-0.047022,K01_Floor,2.910233,3.032883
152.3561,0.003391,-0.001182,-0.022548,0.005081,-0.330216,0.943878,0.138887,0,-0.046753,Ground,2.910599,2.978424
152.3673,0.003391,-0.001182,-0.022548,0.005081,-0.330216,0.943878,0.135174,0,-0.047914,Ground,2.910599,2.978424
152.3784,0.003566,-0.001143,-0.022644,0.009384,-0.327713,0.944717,0.136661,0,-0.054422,Ground,3.008484,3.008636
152.3893,0.007121,-0.000951,-0.022666,0.012238,-0.328949,0.94426,0.13257,0,-0.059729,Ground,2.914246,3.007721
152.4004,0.007121,-0.000951,-0.022666,0.012238,-0.328949,0.94426,0.13023,0,-0.060473,Ground,2.914246,3.007721
152.4115,0.006362,-0.000964,-0.02264,0.011337,-0.324036,0.945969,0.135893,0,-0.058541,Ground,2.855499,3.003922
152.4227,-0.004538,-0.001529,-0.022541,0.00351,-0.32428,0.945953,0.131875,0,-0.048098,Ground,2.871582,3.008652
152.4339,-0.008818,-0.001747,-0.02253,0.001053,-0.323257,0.946304,0.131357,0,-0.045445,Ground,2.944977,3.00705
152.4451,-0.008818,-0.001747,-0.02253,0.001053,-0.323257,0.946304,0.129488,0,-0.04675,Ground,2.944977,3.00705
152.4561,-0.012679,-0.001941,-0.022514,-0.001389,-0.322784,0.946457,0.127481,0,-0.044995,Ground,2.959091,3.007385
152.4672,-0.006526,-0.001661,-0.022476,0.000549,-0.316345,0.948639,0.134851,0,-0.047817,Ground,2.957809,3.039124
152.4783,-0.006526,-0.001661,-0.022476,0.000549,-0.316345,0.948639,0.131449,0,-0.050135,Ground,2.957809,3.039124
152.4894,-0.003775,-0.001585,-0.022608,0.009949,-0.318207,0.947952,0.127457,0,-0.066351,Ground,2.890625,3.019318
152.5007,0.006675,-0.001125,-0.022631,0.017578,-0.312897,0.949616,0.134846,0,-0.077752,Ground,3.033371,3.116898
152.5116,0.025699,-0.000084,-0.022774,0.021515,-0.316925,0.948196,0.128489,0,-0.086072,Ground,2.971405,3.051086
152.5229,0.025699,-0.000084,-0.022774,0.021515,-0.316925,0.948196,0.128809,0,-0.087438,Ground,2.971405,3.051086
152.5338,0.024218,-0.000083,-0.022793,0.025406,-0.304138,0.952286,0.152773,0,-0.089579,Ground,2.974747,3.139038
152.545,0.012706,-0.000589,-0.022628,0.001755,-0.315262,0.94899,0.134467,0,-0.060314,Ground,2.894577,3.101059
152.556,0.012706,-0.000589,-0.022628,0.001755,-0.315262,0.94899,0.140718,0,-0.060549,Ground,2.894577,3.101059
152.5671,0.014356,-0.000506,-0.022537,-0.008911,-0.332947,0.942886,0.113807,0,-0.052513,Ground,2.974045,3.07608
152.5782,0.026094,0.000101,-0.022651,-0.002014,-0.324982,0.945709,0.125364,0,-0.061707,Ground,3.119522,3.048828
152.5893,0.026406,0.000117,-0.022655,-0.002319,-0.328384,0.944534,0.115169,0,-0.065368,Ground,3.103333,3.048126
152.6004,0.026406,0.000117,-0.022655,-0.002319,-0.328384,0.944534,0.10892,0,-0.068675,Ground,3.103333,3.048126
152.6115,0.023666,-0.000169,-0.022685,0.004883,-0.324402,0.945892,0.111806,0,-0.081197,Ground,2.885574,3.196304
152.6226,0.026964,-0.00014,-0.022773,0.005707,-0.314682,0.949173,0.122604,0,-0.082023,Ground,2.956467,3.001205
152.6337,0.026964,-0.00014,-0.022773,0.005707,-0.314682,0.949173,0.121186,0,-0.08445,Ground,2.956467,3.001205
152.6449,0.030197,0.000091,-0.022749,0.009689,-0.315888,0.948731,0.123662,0,-0.092609,Ground,2.934036,2.936356
152.6559,0.029139,0.0001,-0.022571,-0.00563,-0.326752,0.945084,0.11034,0,-0.075917,Ground,2.922714,3.170929
152.6671,0.017911,-0.000279,-0.022411,-0.009918,-0.307022,0.951645,0.145097,0,-0.063358,Ground,2.945847,2.996719
152.6783,0.017911,-0.000279,-0.022411,-0.009918,-0.307022,0.951645,0.151407,0,-0.064429,Ground,2.945847,2.996719
152.6893,-0.016634,-0.002054,-0.022387,-0.027222,-0.313522,0.949173,0.138833,0,-0.044343,Ground,2.859177,3.079742
152.7004,-0.010158,-0.001817,-0.022441,-0.029114,-0.317963,0.947647,0.13314,0,-0.045627,Ground,2.933594,3.090515
152.7115,-0.010158,-0.001817,-0.022441,-0.029114,-0.317963,0.947647,0.131969,0,-0.048858,Ground,2.933594,3.090515
152.7227,-0.020017,-0.002566,-0.022476,-0.039368,-0.329224,0.94342,0.110132,0,-0.042307,Ground,2.940521,3.186478
152.7337,-0.014009,-0.002443,-0.022461,-0.035782,-0.329163,0.943588,0.110058,0,-0.050391,Ground,2.879272,2.997498
152.7449,0.000919,-0.001581,-0.02266,-0.033554,-0.330521,0.943192,0.109084,0,-0.056104,Ground,2.878815,3.001053
152.7559,0.000919,-0.001581,-0.02266,-0.033554,-0.330521,0.943192,0.110195,0,-0.05724,Ground,2.878815,3.001053
152.7673,0.019948,-0.000398,-0.022777,-0.027863,-0.33226,0.942764,0.111622,0,-0.066377,Ground,3.048813,3.002533
152.7783,0.025298,-0.000103,-0.022621,-0.018646,-0.335037,0.942001,0.112871,0,-0.079889,Ground,2.961716,2.93454
152.7894,0.025298,-0.000103,-0.022621,-0.018646,-0.335037,0.942001,0.113049,0,-0.080038,Ground,2.961716,2.93454
152.8005,0.010766,-0.000906,-0.022436,-0.033615,-0.326706,0.944519,0.118088,0,-0.05645,Ground,3.024292,3.256393
152.8114,0.000206,-0.001557,-0.022493,-0.042068,-0.335709,0.94101,0.098706,0,-0.050233,Ground,2.980881,3.01532
152.8226,0.000206,-0.001557,-0.022493,-0.042068,-0.335709,0.94101,0.09623,0,-0.051788,Ground,2.980881,3.01532
152.8337,-0.003977,-0.001902,-0.022534,-0.042084,-0.339737,0.93956,0.087133,0,-0.055638,Ground,2.851685,3.089676
152.8447,-0.021972,-0.002954,-0.022303,-0.060715,-0.358231,0.931641,0.049068,0,-0.040921,Ground,2.999634,3.006088
152.8558,-0.027733,-0.003252,-0.022203,-0.069748,-0.362778,0.929245,0.035745,0,-0.032877,Ground,3.055069,3.063293
