time,head_pos_x,head_pos_y,head_pos_z,head_rot_x,head_rot_y,head_rot_z,left_pos_x,left_pos_y,left_pos_z,left_rot_x,left_rot_y,left_rot_z,right_pos_x,right_pos_y,right_pos_z,right_rot_x,right_rot_y,right_rot_z,grab_force,grab,trigger
539.5096,-0.470118,1.445566,0.178921,46.12553,88.64272,359.9665,0,0,0,0,0,0,-0.307655,1.135699,0.075441,323.3671,115.5623,332.7533,0,False,False
539.5209,-0.466183,1.446011,0.175983,46.21862,89.02377,0.131795,0,0,0,0,0,0,-0.304777,1.136319,0.068549,323.3775,116.3513,332.8127,0,False,False
539.5318,-0.462154,1.446352,0.173122,46.2686,89.41474,0.281467,0,0,0,0,0,0,-0.302028,1.136823,0.061706,323.4435,117.1411,332.8636,0,False,False
539.543,-0.458049,1.446707,0.17041,46.33359,89.78719,0.428301,0,0,0,0,0,0,-0.299188,1.137417,0.054941,323.5208,117.8809,332.915,0,False,False
539.5542,-0.454196,1.447045,0.167647,46.37261,90.1478,0.59543,0,0,0,0,0,0,-0.296552,1.13794,0.048519,323.7271,118.5697,332.9225,0,False,False
539.5651,-0.450228,1.447355,0.165154,46.40295,90.49414,0.768219,0,0,0,0,0,0,-0.294211,1.138311,0.04255,323.986,119.2466,332.8306,0,False,False
539.5762,-0.446214,1.447571,0.162617,46.42501,90.81001,0.94348,0,0,0,0,0,0,-0.291849,1.138708,0.036329,324.2801,119.9862,332.6927,0,False,False
539.5878,-0.442144,1.447723,0.160155,46.44761,91.12149,1.10981,0,0,0,0,0,0,-0.289465,1.139058,0.029926,324.5521,120.7955,332.4863,0,False,False
539.5984,-0.438117,1.447788,0.157872,46.45612,91.41942,1.286007,0,0,0,0,0,0,-0.287352,1.13926,0.024479,324.7528,121.4418,332.3701,0,False,False
539.6097,-0.434078,1.447762,0.155587,46.48047,91.70197,1.432975,0,0,0,0,0,0,-0.28512,1.139505,0.018788,324.9102,122.1105,332.306,0,False,False
539.6207,-0.430019,1.447556,0.153437,46.48993,91.97384,1.593486,0,0,0,0,0,0,-0.282952,1.139594,0.013551,324.9576,122.7113,332.3457,0,False,False
539.6317,-0.42597,1.447321,0.151331,46.51576,92.19505,1.70599,0,0,0,0,0,0,-0.281033,1.139687,0.008705,324.8775,123.2577,332.3461,0,False,False
539.6429,-0.421847,1.447059,0.149376,46.54138,92.41428,1.823225,0,0,0,0,0,0,-0.279019,1.139898,0.003768,324.7362,123.8342,332.3289,0,False,False
539.6541,-0.417697,1.446692,0.147484,46.58563,92.6222,1.935766,0,0,0,0,0,0,-0.276992,1.139923,-0.000832,324.5375,124.3589,332.3807,0,False,False
539.6652,-0.413635,1.446228,0.145607,46.63454,92.80914,2.032739,0,0,0,0,0,0,-0.274942,1.139839,-0.005201,324.3333,124.8791,332.4967,0,False,False
539.6761,-0.409544,1.445622,0.143782,46.71669,92.97145,2.104435,0,0,0,0,0,0,-0.273006,1.139583,-0.009219,324.0974,125.3719,332.6619,0,False,False
539.6874,-0.405464,1.444991,0.142005,46.82311,93.13394,2.171867,0,0,0,0,0,0,-0.270909,1.139408,-0.013422,323.8675,125.8831,332.8288,0,False,False
539.6985,-0.40138,1.444198,0.140356,46.95996,93.26059,2.196156,0,0,0,0,0,0,-0.268791,1.13882,-0.017122,323.5314,126.345,333.0421,0,False,False
539.7095,-0.397297,1.443437,0.138716,47.11634,93.37878,2.219852,0,0,0,0,0,0,-0.266487,1.138253,-0.020624,323.144,126.7142,333.3174,0,False,False
539.7206,-0.393194,1.44263,0.13722,47.30977,93.46465,2.196025,0,0,0,0,0,0,-0.26406,1.137628,-0.024035,322.7626,127.0918,333.5879,0,False,False
539.7317,-0.389108,1.441841,0.135817,47.50759,93.56958,2.174687,0,0,0,0,0,0,-0.261567,1.136777,-0.026903,322.3132,127.2965,334.0354,0,False,False
539.7429,-0.385006,1.441048,0.134426,47.70467,93.63172,2.132774,0,0,0,0,0,0,-0.259024,1.135928,-0.029703,321.8947,127.5006,334.5822,0,False,False
539.7539,-0.380849,1.440258,0.133138,47.91612,93.68327,2.052513,0,0,0,0,0,0,-0.256272,1.134965,-0.032578,321.66,127.7099,335.1101,0,False,False
539.7651,-0.376659,1.439456,0.13192,48.13363,93.72675,1.975492,0,0,0,0,0,0,-0.253585,1.134081,-0.035426,321.5282,127.9727,335.4622,0,False,False
539.7762,-0.372368,1.438622,0.130853,48.33451,93.74683,1.863628,0,0,0,0,0,0,-0.25074,1.133059,-0.03845,321.658,128.3908,335.5612,0,False,False
539.7873,-0.36811,1.437811,0.129799,48.53469,93.75835,1.739846,0,0,0,0,0,0,-0.247745,1.131968,-0.041642,321.9719,128.9599,335.3391,0,False,False
539.7985,-0.363758,1.436995,0.128867,48.74793,93.76645,1.612785,0,0,0,0,0,0,-0.244758,1.1309,-0.044771,322.3833,129.6031,335.0748,0,False,False
539.8094,-0.359352,1.436213,0.128008,48.94806,93.78927,1.515462,0,0,0,0,0,0,-0.241808,1.129844,-0.047654,322.8854,130.1991,334.814,0,False,False
539.8206,-0.354921,1.435402,0.127209,49.1581,93.77485,1.412338,0,0,0,0,0,0,-0.238522,1.128746,-0.05057,323.3973,130.769,334.5401,0,False,False
539.8317,-0.350377,1.43464,0.126475,49.36017,93.7346,1.305306,0,0,0,0,0,0,-0.235194,1.127791,-0.053329,323.9499,131.3124,334.1873,0,False,False
539.8428,-0.345805,1.433914,0.125646,49.55812,93.68802,1.183523,0,0,0,0,0,0,-0.231866,1.126626,-0.056218,324.4724,131.8676,333.8508,0,False,False
539.8539,-0.341161,1.433198,0.124823,49.71121,93.63049,1.062162,0,0,0,0,0,0,-0.228646,1.125727,-0.05898,325.0433,132.4276,333.4636,0,False,False
539.8649,-0.336419,1.432554,0.123979,49.85259,93.58718,0.950686,0,0,0,0,0,0,-0.225278,1.124821,-0.061726,325.596,132.9803,333.1191,0,False,False
539.8762,-0.33153,1.431916,0.123127,49.94216,93.54578,0.862784,0,0,0,0,0,0,-0.22172,1.1239,-0.064538,326.1727,133.5656,332.662,0,False,False
539.8872,-0.326596,1.431257,0.12229,50.01427,93.57336,0.841029,0,0,0,0,0,0,-0.218079,1.122923,-0.067162,326.7516,134.0844,332.2361,0,False,False
539.8984,-0.321694,1.430616,0.121387,50.10254,93.6149,0.820552,0,0,0,0,0,0,-0.214584,1.122061,-0.069799,327.305,134.575,331.8486,0,False,False
539.9095,-0.316726,1.430009,0.120377,50.18047,93.69107,0.829943,0,0,0,0,0,0,-0.21068,1.121116,-0.072483,327.8949,135.1042,331.4205,0,False,False
539.9205,-0.311717,1.429433,0.119348,50.2343,93.80472,0.865924,0,0,0,0,0,0,-0.206682,1.120106,-0.07529,328.4799,135.6274,330.9878,0,False,False
539.9316,-0.306626,1.428936,0.118241,50.27527,93.94991,0.876152,0,0,0,0,0,0,-0.202555,1.119107,-0.077953,329.0736,136.1174,330.6153,0,False,False
539.9428,-0.301438,1.428516,0.117092,50.29426,94.14125,0.912961,0,0,0,0,0,0,-0.198666,1.11802,-0.080609,329.6338,136.579,330.2798,0,False,False
539.9538,-0.296089,1.428173,0.115886,50.22527,94.40508,0.955789,0,0,0,0,0,0,-0.194378,1.116937,-0.083605,330.215,137.0411,329.893,0,False,False
539.965,-0.290625,1.427952,0.114614,50.12542,94.7021,0.971571,0,0,0,0,0,0,-0.189886,1.116003,-0.086575,330.7335,137.4809,329.6402,0,False,False
539.9761,-0.285006,1.427795,0.113279,49.98832,95.04317,0.974494,0,0,0,0,0,0,-0.1854,1.11514,-0.089441,331.1722,137.9126,329.5157,0,False,False
539.9872,-0.279281,1.427634,0.111884,49.79866,95.46376,0.992779,0,0,0,0,0,0,-0.18094,1.114554,-0.09217,331.365,138.2722,329.605,0,False,False
539.9982,-0.273587,1.427428,0.110486,49.61192,95.86532,0.979672,0,0,0,0,0,0,-0.176543,1.114155,-0.094795,331.4278,138.683,329.6846,0,False,False
540.0094,-0.267829,1.427242,0.108971,49.40524,96.37212,1.023174,0,0,0,0,0,0,-0.172175,1.114084,-0.097693,331.3461,139.1156,329.7547,0,False,False
540.0206,-0.262107,1.427046,0.107463,49.22691,96.87204,1.056709,0,0,0,0,0,0,-0.167832,1.113961,-0.100589,331.2901,139.5793,329.7865,0,False,False
540.0316,-0.256362,1.426834,0.105844,49.06606,97.4423,1.115085,0,0,0,0,0,0,-0.16363,1.114204,-0.103246,331.0626,140.0908,329.8155,0,False,False
540.0427,-0.250594,1.426566,0.104227,48.91327,98.0098,1.166369,0,0,0,0,0,0,-0.1594,1.114753,-0.106328,330.803,140.6633,329.7712,0,False,False
540.0538,-0.244882,1.426277,0.102524,48.7684,98.64915,1.239124,0,0,0,0,0,0,-0.155336,1.115478,-0.109566,330.4746,141.2453,329.7429,0,False,False
540.0649,-0.239259,1.426014,0.100772,48.61633,99.30079,1.307412,0,0,0,0,0,0,-0.151285,1.116353,-0.11284,330.1092,141.8842,329.735,0,False,False
540.076,-0.233573,1.425968,0.09898,48.47696,99.98357,1.390827,0,0,0,0,0,0,-0.1474,1.117276,-0.11608,329.7716,142.5168,329.6876,0,False,False
540.0871,-0.22762,1.426263,0.097106,48.42411,100.7023,1.472844,0,0,0,0,0,0,-0.14341,1.118388,-0.119761,329.4276,143.2375,329.5366,0,False,False
540.0983,-0.221558,1.426539,0.095312,48.40952,101.4051,1.496955,0,0,0,0,0,0,-0.139456,1.119316,-0.123337,329.0872,143.9588,329.4619,0,False,False
540.1094,-0.215573,1.427087,0.09349,48.38604,102.0807,1.473928,0,0,0,0,0,0,-0.13538,1.120555,-0.126845,328.6674,144.7153,329.5983,0,False,False
540.1206,-0.209558,1.427796,0.091614,48.36411,102.7602,1.504747,0,0,0,0,0,0,-0.131152,1.121906,-0.130042,328.2188,145.4883,329.8088,0,False,False
540.1315,-0.203451,1.428467,0.089877,48.42383,103.4711,1.471513,0,0,0,0,0,0,-0.127212,1.12325,-0.133259,327.7791,146.2133,330.0144,0,False,False
540.1426,-0.197578,1.429165,0.088137,48.49353,104.1767,1.431959,0,0,0,0,0,0,-0.123064,1.124771,-0.136447,327.2767,146.9456,330.4238,0,False,False
540.1537,-0.191845,1.429765,0.086391,48.53163,104.8827,1.474141,0,0,0,0,0,0,-0.118881,1.126458,-0.139657,326.8519,147.6338,330.7328,0,False,False
540.1649,-0.18619,1.430382,0.08471,48.6134,105.5457,1.496868,0,0,0,0,0,0,-0.114823,1.128342,-0.14272,326.5582,148.2471,330.9569,0,False,False
540.1759,-0.180543,1.431128,0.082992,48.78985,106.2199,1.550948,0,0,0,0,0,0,-0.110666,1.130226,-0.145906,326.3937,148.9258,330.8913,0,False,False
540.1872,-0.174843,1.432052,0.081328,49.00621,106.8823,1.658502,0,0,0,0,0,0,-0.106569,1.132188,-0.149195,326.3359,149.6492,330.6053,0,False,False
540.1982,-0.169083,1.432747,0.079604,49.12126,107.4934,1.752448,0,0,0,0,0,0,-0.102697,1.134073,-0.152401,326.2622,150.4135,330.3174,0,False,False
540.2094,-0.163329,1.433174,0.077907,49.11325,108.0801,1.898061,0,0,0,0,0,0,-0.098904,1.136042,-0.155481,326.296,151.1801,329.8976,0,False,False
540.2205,-0.157655,1.433344,0.076191,49.0226,108.6352,2.058919,0,0,0,0,0,0,-0.095052,1.138026,-0.158468,326.2578,151.9877,329.5222,0,False,False
540.2315,-0.151975,1.433412,0.074561,48.91349,109.1629,2.187776,0,0,0,0,0,0,-0.091177,1.140013,-0.161359,326.1862,152.7565,329.1718,0,False,False
540.2426,-0.146224,1.433278,0.072904,48.72956,109.6415,2.378527,0,0,0,0,0,0,-0.087326,1.141958,-0.164076,326.0246,153.5482,328.7779,0,False,False
540.2538,-0.140429,1.43314,0.071238,48.57777,110.0773,2.558497,0,0,0,0,0,0,-0.083762,1.143787,-0.166486,325.8159,154.3194,328.3792,0,False,False
540.2649,-0.134567,1.43298,0.069591,48.53526,110.3598,2.710851,0,0,0,0,0,0,-0.080036,1.145447,-0.168432,325.3825,155.0218,327.9024,0,False,False
540.2762,-0.128812,1.432726,0.067983,48.54983,110.5836,2.858353,0,0,0,0,0,0,-0.076199,1.14733,-0.17046,325.0009,155.7118,327.5393,0,False,False
540.287,-0.123298,1.432285,0.066465,48.61385,110.6647,2.974475,0,0,0,0,0,0,-0.072196,1.14888,-0.171898,324.4601,156.2799,327.3723,0,False,False
540.2982,-0.117925,1.431738,0.065093,48.78688,110.7339,3.106107,0,0,0,0,0,0,-0.068421,1.150322,-0.173061,323.9101,156.7448,327.3214,0,False,False
540.3093,-0.112735,1.431003,0.063842,49.04385,110.7582,3.240509,0,0,0,0,0,0,-0.064345,1.151708,-0.174296,323.3866,157.2195,327.1619,0,False,False
540.3205,-0.107474,1.430346,0.062661,49.38138,110.7127,3.328563,0,0,0,0,0,0,-0.05993,1.153019,-0.174798,322.804,157.4723,327.0354,0,False,False
540.3314,-0.102333,1.429721,0.061532,49.6881,110.5802,3.338594,0,0,0,0,0,0,-0.055657,1.154277,-0.175466,322.2827,157.7809,326.9367,0,False,False
540.3427,-0.096961,1.429087,0.060443,49.96989,110.388,3.330284,0,0,0,0,0,0,-0.0511,1.155099,-0.175621,321.8297,157.8594,326.9379,0,False,False
540.3537,-0.09156,1.428564,0.059431,50.27787,110.0299,3.2219,0,0,0,0,0,0,-0.046108,1.155866,-0.175792,321.4143,157.8879,326.9406,0,False,False
540.3648,-0.086105,1.428174,0.058467,50.59388,109.606,3.103357,0,0,0,0,0,0,-0.040864,1.156242,-0.175849,321.0349,157.7707,327.0508,0,False,False
540.3759,-0.080533,1.427728,0.057542,50.86701,109.1743,2.998552,0,0,0,0,0,0,-0.035603,1.156794,-0.175864,320.6829,157.6218,327.2035,0,False,False
540.387,-0.074998,1.427426,0.056613,51.16784,108.6336,2.91044,0,0,0,0,0,0,-0.030087,1.156764,-0.175519,320.4618,157.2679,327.4553,0,False,False
540.3982,-0.069428,1.427135,0.055741,51.47009,108.0755,2.863042,0,0,0,0,0,0,-0.02415,1.156597,-0.175222,320.3258,156.7962,327.7854,0,False,False
540.4092,-0.06391,1.426922,0.054879,51.81262,107.4133,2.845176,0,0,0,0,0,0,-0.018176,1.15626,-0.174768,320.2944,156.2425,328.1017,0,False,False
540.4203,-0.058333,1.426764,0.054127,52.14854,106.7173,2.822711,0,0,0,0,0,0,-0.012363,1.155979,-0.174397,320.2666,155.7167,328.4045,0,False,False
540.4315,-0.05275,1.426617,0.053474,52.468,105.9211,2.767568,0,0,0,0,0,0,-0.005989,1.155327,-0.173913,320.3665,154.9961,328.7331,0,False,False
540.4425,-0.047154,1.426489,0.052748,52.74968,105.0836,2.653298,0,0,0,0,0,0,0.000564,1.154712,-0.173307,320.4885,154.2488,328.9694,0,False,False
540.4537,-0.041554,1.426374,0.052255,52.99092,104.1704,2.491115,0,0,0,0,0,0,0.007082,1.153987,-0.172673,320.6203,153.4731,329.1771,0,False,False
540.4648,-0.035973,1.426299,0.05179,53.17867,103.2396,2.34088,0,0,0,0,0,0,0.013764,1.153221,-0.171867,320.7637,152.6308,329.3787,0,False,False
540.4759,-0.030348,1.426199,0.051352,53.33367,102.3222,2.229556,0,0,0,0,0,0,0.020085,1.152451,-0.171,320.9062,151.7981,329.5786,0,False,False
540.4869,-0.024806,1.426031,0.051016,53.43879,101.3045,2.113567,0,0,0,0,0,0,0.026907,1.151594,-0.169899,321.0952,150.8215,329.7829,0,False,False
540.498,-0.019224,1.425887,0.050737,53.55674,100.2811,2.027246,0,0,0,0,0,0,0.033841,1.150592,-0.168666,321.2521,149.8182,329.9834,0,False,False
540.5092,-0.013759,1.425709,0.050592,53.66527,99.20641,1.965414,0,0,0,0,0,0,0.040491,1.149538,-0.167547,321.3647,148.8254,330.2295,0,False,False
540.5203,-0.008332,1.42552,0.050562,53.74551,98.02028,1.919092,0,0,0,0,0,0,0.047735,1.148443,-0.166148,321.4427,147.6436,330.6013,0,False,False
540.5314,-0.002859,1.425387,0.050637,53.83315,96.85494,1.927989,0,0,0,0,0,0,0.055131,1.147191,-0.164538,321.4946,146.3583,331.0386,0,False,False
540.5426,0.002473,1.425251,0.05084,53.90368,95.5863,1.966749,0,0,0,0,0,0,0.062659,1.145899,-0.162757,321.5137,145.0494,331.516,0,False,False
540.5536,0.007986,1.425129,0.051175,53.96623,94.29501,2.017833,0,0,0,0,0,0,0.070171,1.144585,-0.160951,321.5065,143.73,332.0009,0,False,False
540.5647,0.013144,1.42489,0.051671,53.96331,92.89709,2.05374,0,0,0,0,0,0,0.077507,1.143274,-0.158708,321.392,142.3581,332.5723,0,False,False
540.5759,0.018296,1.424615,0.052286,53.96563,91.44166,2.092258,0,0,0,0,0,0,0.085448,1.141895,-0.156242,321.2443,140.8721,333.2288,0,False,False
540.587,0.02332,1.424284,0.053079,53.97264,89.96056,2.12844,0,0,0,0,0,0,0.093112,1.140379,-0.153803,321.0884,139.3628,333.8447,0,False,False
540.5981,0.028152,1.42391,0.054091,53.97133,88.38949,2.164559,0,0,0,0,0,0,0.100982,1.138971,-0.15115,320.9506,137.8338,334.4093,0,False,False
540.6092,0.032878,1.423595,0.055361,53.98175,86.76201,2.222035,0,0,0,0,0,0,0.108528,1.137551,-0.148536,320.8572,136.3383,334.9254,0,False,False
540.6203,0.037179,1.42318,0.05665,53.97879,85.01585,2.279744,0,0,0,0,0,0,0.116894,1.135951,-0.145358,320.7866,134.6819,335.479,0,False,False
540.6313,0.041542,1.422764,0.058084,53.97443,83.21028,2.332791,0,0,0,0,0,0,0.125169,1.134349,-0.142098,320.7237,132.9632,336.0443,0,False,False
540.6425,0.045609,1.42246,0.059729,53.96567,81.25838,2.386112,0,0,0,0,0,0,0.133523,1.132735,-0.138636,320.6354,131.1757,336.6813,0,False,False
540.6536,0.049448,1.422208,0.061486,53.95564,79.20973,2.463851,0,0,0,0,0,0,0.141539,1.131221,-0.134876,320.5471,129.413,337.3192,0,False,False
540.6646,0.053265,1.421982,0.063476,53.9557,77.12761,2.552809,0,0,0,0,0,0,0.149681,1.129533,-0.130875,320.4523,127.5781,337.9863,0,False,False
540.6758,0.056603,1.42191,0.065585,53.9496,74.87123,2.667395,0,0,0,0,0,0,0.15797,1.127975,-0.126269,320.3025,125.6866,338.536,0,False,False
540.687,0.059962,1.421767,0.067822,53.94147,72.5714,2.749309,0,0,0,0,0,0,0.166188,1.126565,-0.121327,320.1091,123.7298,338.9936,0,False,False
540.6979,0.06281,1.42174,0.070221,53.90204,70.12971,2.852098,0,0,0,0,0,0,0.17389,1.125131,-0.116279,319.9485,121.7307,339.518,0,False,False
540.709,0.065568,1.421888,0.072689,53.90181,67.68308,2.961186,0,0,0,0,0,0,0.181999,1.123729,-0.110562,319.8557,119.5628,340.0815,0,False,False
540.7203,0.067901,1.422553,0.075212,54.00547,65.09198,3.104703,0,0,0,0,0,0,0.189958,1.122546,-0.10449,319.8051,117.3679,340.3916,0,False,False
540.7314,0.0704,1.423504,0.077882,54.21135,62.43787,3.242752,0,0,0,0,0,0,0.197778,1.121305,-0.098355,319.7706,115.1876,340.7236,0,False,False
540.7425,0.072746,1.424091,0.080756,54.30871,59.76552,3.340143,0,0,0,0,0,0,0.205101,1.120293,-0.092036,319.7789,113.0097,341.1739,0,False,False
540.7535,0.07427,1.424497,0.083428,54.17643,57.08157,3.365601,0,0,0,0,0,0,0.212563,1.119832,-0.084228,319.9561,110.4995,342.0585,0,False,False
540.7646,0.075524,1.424614,0.086193,53.95134,54.41706,3.403326,0,0,0,0,0,0,0.219827,1.119192,-0.076738,320.1285,108.0745,342.6665,0,False,False
540.7759,0.0759,1.42448,0.088774,53.67378,51.61533,3.228513,0,0,0,0,0,0,0.226659,1.118964,-0.068894,320.3834,105.6847,342.6583,0,False,False
540.787,0.076012,1.424254,0.091463,53.48278,48.85781,2.835292,0,0,0,0,0,0,0.232957,1.118749,-0.060888,320.5679,103.4381,342.2621,0,False,False
540.798,0.075835,1.424369,0.094173,53.32307,46.23569,2.535554,0,0,0,0,0,0,0.238445,1.118797,-0.052878,320.656,101.2173,342.0703,0,False,False
540.8091,0.075536,1.424473,0.096958,53.18795,43.60534,2.1404,0,0,0,0,0,0,0.243702,1.119051,-0.044004,320.6077,98.76299,342.1512,0,False,False
540.8202,0.074562,1.424722,0.099674,53.19405,40.95672,1.633324,0,0,0,0,0,0,0.248576,1.119077,-0.035138,320.5226,96.33116,342.4107,0,False,False
540.8312,0.07327,1.425178,0.102525,53.33043,38.39015,1.14954,0,0,0,0,0,0,0.253037,1.119274,-0.025611,320.2779,93.59626,342.9222,0,False,False
540.8425,0.071895,1.425599,0.105513,53.43391,35.86245,0.740561,0,0,0,0,0,0,0.256611,1.119534,-0.015266,319.9213,90.72134,343.663,0,False,False
540.8536,0.069759,1.425869,0.108355,53.4692,33.41109,0.452054,0,0,0,0,0,0,0.259653,1.119778,-0.004758,319.5253,87.7737,344.469,0,False,False
540.8646,0.0676,1.426112,0.111153,53.48292,31.06044,0.231241,0,0,0,0,0,0,0.262289,1.120161,0.005293,319.1835,84.99871,345.1123,0,False,False
540.8758,0.064889,1.426428,0.113798,53.47531,28.72702,0.041482,0,0,0,0,0,0,0.264147,1.120611,0.016197,318.7437,82.07444,345.7184,0,False,False
540.8868,0.06219,1.426681,0.116592,53.44637,26.43767,359.9595,0,0,0,0,0,0,0.265351,1.121196,0.027211,318.3141,79.18989,346.2315,0,False,False
540.8979,0.059328,1.42694,0.119447,53.41436,24.11085,359.9058,0,0,0,0,0,0,0.265997,1.121797,0.038382,317.8997,76.3595,346.7495,0,False,False
540.9091,0.056045,1.427251,0.12234,53.37625,21.81686,359.9079,0,0,0,0,0,0,0.266156,1.122415,0.049587,317.509,73.55969,347.2837,0,False,False
540.9201,0.052622,1.427429,0.125231,53.35395,19.56973,359.9305,0,0,0,0,0,0,0.266035,1.123015,0.060262,317.1935,70.85993,347.8536,0,False,False
540.9312,0.048706,1.427563,0.127979,53.31588,17.34933,359.9773,0,0,0,0,0,0,0.265152,1.123723,0.071687,316.8419,68.12038,348.4012,0,False,False
540.9425,0.044633,1.427523,0.130604,53.27981,15.14585,0.0427,0,0,0,0,0,0,0.263542,1.124555,0.082947,316.4779,65.46217,348.7936,0,False,False
540.9537,0.04015,1.427295,0.132885,53.27155,12.97066,0.116744,0,0,0,0,0,0,0.261382,1.125492,0.09419,316.1121,62.82562,349.0931,0,False,False
540.9645,0.035603,1.42713,0.135245,53.30296,10.76634,0.135425,0,0,0,0,0,0,0.258766,1.126574,0.104872,315.7247,60.37885,349.308,0,False,False
540.9757,0.030713,1.426867,0.137206,53.39333,8.505502,0.165662,0,0,0,0,0,0,0.255935,1.12758,0.116008,315.3506,57.77063,349.6307,0,False,False
540.9867,0.025625,1.426678,0.139246,53.50884,6.266446,0.167392,0,0,0,0,0,0,0.252353,1.128753,0.126565,314.9421,55.37499,349.7865,0,False,False
540.9978,0.02043,1.426375,0.141175,53.5656,4.027611,0.142611,0,0,0,0,0,0,0.248549,1.129841,0.137437,314.5239,52.78047,350.0536,0,False,False
541.0089,0.014883,1.426198,0.14294,53.6151,1.845952,0.133346,0,0,0,0,0,0,0.243677,1.131123,0.148222,314.0001,50.17757,350.3701,0,False,False
541.02,0.009269,1.426014,0.144737,53.6606,359.6752,0.10382,0,0,0,0,0,0,0.237868,1.132411,0.159038,313.39,47.48536,350.7946,0,False,False
541.0313,0.003443,1.425952,0.146413,53.73019,357.4993,0.008459,0,0,0,0,0,0,0.232328,1.133675,0.169687,312.8277,44.75187,351.2939,0,False,False
541.0425,-0.002588,1.42587,0.147943,53.78996,355.3501,359.8696,0,0,0,0,0,0,0.225927,1.134995,0.180087,312.1487,41.99611,351.8942,0,False,False
541.0534,-0.008668,1.425824,0.149396,53.82732,353.1958,359.7077,0,0,0,0,0,0,0.219258,1.136309,0.189745,311.5127,39.31582,352.5233,0,False,False
541.0645,-0.014911,1.425647,0.150672,53.83445,351.0906,359.5252,0,0,0,0,0,0,0.212035,1.137607,0.199582,310.8913,36.55378,353.1323,0,False,False
541.0756,-0.021148,1.425172,0.151141,53.79526,349,359.3496,0,0,0,0,0,0,0.204835,1.139,0.209322,310.3131,33.81813,353.7225,0,False,False
541.0868,-0.027633,1.42479,0.151815,53.75347,346.9521,359.2157,0,0,0,0,0,0,0.197352,1.140196,0.218201,309.7948,31.34962,354.1658,0,False,False
541.0978,-0.034159,1.424453,0.152637,53.68921,344.9458,359.1359,0,0,0,0,0,0,0.189466,1.141444,0.227273,309.2972,28.89935,354.5319,0,False,False
541.1091,-0.040688,1.424023,0.153238,53.60062,343.023,359.1704,0,0,0,0,0,0,0.181327,1.142614,0.236084,308.8578,26.52192,354.792,0,False,False
541.1202,-0.04727,1.423559,0.153814,53.49576,341.1348,359.2415,0,0,0,0,0,0,0.173191,1.1437,0.244806,308.4479,24.13336,355.0849,0,False,False
541.1312,-0.053906,1.42299,0.154074,53.39863,339.3242,359.4152,0,0,0,0,0,0,0.165171,1.144614,0.252897,308.1325,22.07023,355.1632,0,False,False
541.1422,-0.060515,1.422345,0.154171,53.30924,337.5239,359.6459,0,0,0,0,0,0,0.156743,1.145525,0.261078,307.7994,19.90586,355.2687,0,False,False
541.1534,-0.067049,1.421591,0.153832,53.24847,335.7921,359.9447,0,0,0,0,0,0,0.147927,1.146073,0.268708,307.5957,18.05432,355.0638,0,False,False
541.1645,-0.073431,1.421005,0.153587,53.23894,334.0317,0.213222,0,0,0,0,0,0,0.139125,1.146706,0.276432,307.4022,16.01216,355.0736,0,False,False
541.1756,-0.079782,1.420603,0.153201,53.34708,332.231,0.493575,0,0,0,0,0,0,0.130474,1.147012,0.283535,307.3145,14.26623,354.9554,0,False,False
541.1867,-0.086156,1.420358,0.15266,53.5906,330.4155,0.705197,0,0,0,0,0,0,0.121221,1.14724,0.290813,307.235,12.42997,354.9167,0,False,False
541.1978,-0.092507,1.419842,0.152166,53.80751,328.5143,0.768463,0,0,0,0,0,0,0.111625,1.147563,0.298016,307.1988,10.57906,355.1035,0,False,False
541.209,-0.098603,1.419345,0.150913,53.9446,326.6029,0.784945,0,0,0,0,0,0,0.102345,1.147509,0.304497,307.2002,8.774295,355.4292,0,False,False
541.2202,-0.104549,1.419001,0.149512,54.11038,324.6813,0.806921,0,0,0,0,0,0,0.092086,1.147806,0.311585,307.19,6.804135,355.6425,0,False,False
541.2311,-0.110279,1.418597,0.147995,54.40506,322.6766,0.75563,0,0,0,0,0,0,0.082362,1.147689,0.317718,307.2677,5.013698,355.7617,0,False,False
541.2423,-0.11583,1.418287,0.146322,54.79463,320.6188,0.602122,0,0,0,0,0,0,0.072192,1.147727,0.323585,307.4178,3.171601,355.753,0,False,False
541.2534,-0.121296,1.418261,0.144457,55.17673,318.5835,0.485495,0,0,0,0,0,0,0.061946,1.147887,0.329375,307.6144,1.363649,355.7455,0,False,False
541.2646,-0.126451,1.418218,0.142687,55.42466,316.4458,0.317151,0,0,0,0,0,0,0.051445,1.148097,0.334699,307.8567,359.5934,355.6904,0,False,False
541.2756,-0.131477,1.418162,0.141133,55.59981,314.3456,0.15412,0,0,0,0,0,0,0.041617,1.14843,0.339761,308.057,357.946,355.5529,0,False,False
541.2866,-0.13653,1.418269,0.139578,55.73387,312.2072,0.022351,0,0,0,0,0,0,0.030968,1.148967,0.344662,308.3157,356.3688,355.1501,0,False,False
541.2978,-0.141403,1.418401,0.138209,55.81221,310.1069,359.9416,0,0,0,0,0,0,0.020703,1.149515,0.349287,308.5646,354.7971,354.7746,0,False,False
541.3089,-0.146191,1.418631,0.136655,55.86821,308.0284,359.8802,0,0,0,0,0,0,0.010987,1.150277,0.353313,308.856,353.3938,354.331,0,False,False
541.3201,-0.15067,1.418888,0.135106,56.00353,305.9608,359.7861,0,0,0,0,0,0,0.001042,1.151065,0.357117,309.166,352.1023,353.7167,0,False,False
541.3311,-0.154703,1.419224,0.133281,56.25234,303.8892,359.6336,0,0,0,0,0,0,-0.008824,1.152036,0.360545,309.4355,350.9326,353.0217,0,False,False
541.3422,-0.158551,1.419637,0.131425,56.53431,301.7379,359.4037,0,0,0,0,0,0,-0.018589,1.152972,0.363838,309.6893,349.7506,352.3697,0,False,False
541.3534,-0.161812,1.41993,0.129372,56.83488,299.6259,359.1747,0,0,0,0,0,0,-0.027823,1.153947,0.366492,309.9778,348.623,351.8101,0,False,False
541.3644,-0.165075,1.420165,0.127206,57.07446,297.5774,358.9522,0,0,0,0,0,0,-0.037417,1.154858,0.368911,310.3331,347.3348,351.2559,0,False,False
541.3757,-0.167869,1.420391,0.124996,57.21941,295.5842,358.774,0,0,0,0,0,0,-0.047097,1.155793,0.37105,310.7209,345.9285,350.7159,0,False,False
541.3866,-0.170593,1.420484,0.122826,57.26205,293.7156,358.7292,0,0,0,0,0,0,-0.056375,1.156514,0.372752,311.0976,344.4009,350.3695,0,False,False
541.3976,-0.173107,1.420527,0.120768,57.25675,291.9081,358.7683,0,0,0,0,0,0,-0.066058,1.157353,0.374425,311.4214,342.7864,350.0423,0,False,False
541.4088,-0.1752,1.420504,0.118745,57.25748,290.1443,358.9041,0,0,0,0,0,0,-0.075429,1.15802,0.37503,311.5325,340.8471,349.9745,0,False,False
541.4201,-0.177305,1.420428,0.11669,57.30253,288.3401,359.0178,0,0,0,0,0,0,-0.084855,1.158859,0.375898,311.5761,339.015,349.8773,0,False,False
541.431,-0.178932,1.420202,0.114554,57.34826,286.5247,359.1266,0,0,0,0,0,0,-0.093558,1.159424,0.375876,311.3926,337.0632,350.1027,0,False,False
541.4423,-0.180358,1.419879,0.112297,57.41518,284.7202,359.2216,0,0,0,0,0,0,-0.102176,1.160176,0.376291,311.2174,335.0199,350.3588,0,False,False
541.4533,-0.181235,1.419425,0.109906,57.48598,282.8954,359.2918,0,0,0,0,0,0,-0.110847,1.160657,0.375515,310.8604,332.8047,350.8872,0,False,False
541.4644,-0.181901,1.418898,0.107573,57.56171,281.1023,359.3308,0,0,0,0,0,0,-0.119239,1.160927,0.374028,310.4224,330.3888,351.6716,0,False,False
541.4755,-0.182007,1.418296,0.105138,57.62657,279.3181,359.3461,0,0,0,0,0,0,-0.127322,1.161089,0.372885,310.122,328.1381,352.2946,0,False,False
541.4866,-0.182012,1.417615,0.102751,57.67955,277.523,359.3586,0,0,0,0,0,0,-0.135468,1.161004,0.371209,309.7311,325.6199,353.0927,0,False,False
541.4977,-0.181457,1.416881,0.10035,57.7434,275.7421,359.3726,0,0,0,0,0,0,-0.143509,1.160776,0.369503,309.3798,323.1123,353.8275,0,False,False
541.5088,-0.180702,1.416151,0.097886,57.8269,273.9416,359.3638,0,0,0,0,0,0,-0.151244,1.160282,0.367238,308.9947,320.4523,354.7005,0,False,False
541.52,-0.179875,1.415464,0.095455,57.91949,272.1346,359.3617,0,0,0,0,0,0,-0.158791,1.15951,0.364783,308.6187,317.7498,355.6686,0,False,False
541.5309,-0.178656,1.414762,0.092941,58.0335,270.2806,359.2691,0,0,0,0,0,0,-0.16588,1.158736,0.362078,308.2737,315.063,356.7112,0,False,False
541.5421,-0.177293,1.414138,0.090427,58.15653,268.4349,359.1593,0,0,0,0,0,0,-0.173037,1.157568,0.358954,307.9666,312.2037,357.9189,0,False,False
541.5532,-0.17545,1.413549,0.087894,58.29973,266.5547,358.9509,0,0,0,0,0,0,-0.180067,1.156477,0.355905,307.7156,309.3586,359.1218,0,False,False
541.5643,-0.173683,1.413116,0.085296,58.48014,264.6744,358.7315,0,0,0,0,0,0,-0.18642,1.155238,0.352311,307.5133,306.6621,0.337891,0,False,False
541.5755,-0.171679,1.412951,0.082694,58.71573,262.8047,358.5003,0,0,0,0,0,0,-0.193058,1.154131,0.348782,307.3602,303.8771,1.479269,0,False,False
541.5865,-0.169784,1.41301,0.08,59.01318,261.0447,358.3609,0,0,0,0,0,0,-0.199435,1.152999,0.344872,307.31,301.172,2.463127,0,False,False
541.5977,-0.167958,1.413076,0.077199,59.23089,259.3297,358.2435,0,0,0,0,0,0,-0.205596,1.15206,0.340924,307.3108,298.5465,3.383104,0,False,False
541.6088,-0.165914,1.413116,0.074342,59.3446,257.719,358.1841,0,0,0,0,0,0,-0.210913,1.151487,0.336857,307.4712,296.4645,3.772864,0,False,False
541.6199,-0.163849,1.413031,0.07148,59.35382,256.1249,358.144,0,0,0,0,0,0,-0.216548,1.150618,0.332529,307.597,294.2006,4.293189,0,False,False
541.6309,-0.161386,1.412943,0.068602,59.29145,254.6159,358.1432,0,0,0,0,0,0,-0.222075,1.15012,0.328005,307.7418,292.2393,4.528863,0,False,False
541.642,-0.159011,1.412789,0.065559,59.27119,253.1667,358.2049,0,0,0,0,0,0,-0.226943,1.149835,0.323163,307.8293,290.4201,4.512602,0,False,False
541.6531,-0.156431,1.412855,0.062588,59.24859,251.8278,358.3353,0,0,0,0,0,0,-0.231328,1.14968,0.31836,307.8793,288.6867,4.474114,0,False,False
541.6642,-0.15405,1.412895,0.059393,59.23951,250.5222,358.5224,0,0,0,0,0,0,-0.236024,1.14936,0.313109,307.9353,286.8197,4.553885,0,False,False
541.6754,-0.151464,1.413045,0.056249,59.2338,249.2523,358.706,0,0,0,0,0,0,-0.240272,1.148917,0.307537,307.9632,284.8776,4.800453,0,False,False
541.6865,-0.148948,1.413217,0.052955,59.2878,247.9351,358.8409,0,0,0,0,0,0,-0.244391,1.148308,0.301412,308.0043,282.8624,5.187152,0,False,False
541.6976,-0.146387,1.413516,0.04935,59.37364,246.6477,358.9154,0,0,0,0,0,0,-0.248361,1.147834,0.295343,308.0434,280.9145,5.574739,0,False,False
541.7087,-0.143695,1.41372,0.045695,59.44211,245.3338,358.8768,0,0,0,0,0,0,-0.252192,1.147326,0.288445,308.061,278.8018,6.115186,0,False,False
541.7199,-0.141192,1.413918,0.041895,59.48267,244.0543,358.7918,0,0,0,0,0,0,-0.256004,1.147054,0.281164,308.0724,276.7169,6.609815,0,False,False
541.7309,-0.138496,1.414105,0.038097,59.51138,242.7978,358.606,0,0,0,0,0,0,-0.259181,1.147104,0.274046,308.0475,274.8719,6.884235,0,False,False
541.7422,-0.135943,1.41428,0.03409,59.57084,241.5563,358.343,0,0,0,0,0,0,-0.262802,1.147126,0.266169,308.011,272.9002,7.191646,0,False,False
541.7532,-0.133391,1.414439,0.030043,59.66389,240.4061,358.0083,0,0,0,0,0,0,-0.26559,1.147437,0.258491,307.9295,271.2585,7.42711,0,False,False
541.7642,-0.130959,1.414541,0.025941,59.78248,239.2681,357.6373,0,0,0,0,0,0,-0.268375,1.147928,0.250212,307.8614,269.6618,7.565754,0,False,False
541.7754,-0.128626,1.414511,0.021833,59.91894,238.2215,357.2269,0,0,0,0,0,0,-0.270877,1.148649,0.241861,307.8105,268.1865,7.534754,0,False,False
541.7865,-0.126189,1.414451,0.017759,60.049,237.2354,356.8489,0,0,0,0,0,0,-0.273218,1.149397,0.233639,307.77,266.8769,7.447405,0,False,False
541.7976,-0.123851,1.414196,0.013548,60.183,236.3792,356.5341,0,0,0,0,0,0,-0.275411,1.150311,0.224903,307.7243,265.5562,7.353512,0,False,False
541.8087,-0.121474,1.41389,0.009358,60.31356,235.6234,356.3245,0,0,0,0,0,0,-0.277558,1.151173,0.216067,307.689,264.2476,7.242826,0,False,False
541.8199,-0.119146,1.413496,0.005142,60.44731,234.8989,356.2372,0,0,0,0,0,0,-0.279441,1.152096,0.207033,307.6819,263.1127,6.950813,0,False,False
541.8308,-0.116745,1.41313,0.000676,60.57426,234.291,356.3412,0,0,0,0,0,0,-0.280984,1.152845,0.198099,307.7217,262.108,6.547596,0,False,False
541.8421,-0.114251,1.412747,-0.00397,60.71764,233.6722,356.5598,0,0,0,0,0,0,-0.282681,1.15377,0.188957,307.7917,261.0334,6.109447,0,False,False
541.8531,-0.111921,1.412377,-0.008753,60.84858,233.1021,356.9724,0,0,0,0,0,0,-0.284109,1.154613,0.1794,307.9626,260.3708,5.182772,0,False,False
541.8642,-0.109465,1.411929,-0.013626,60.98362,232.4957,357.4507,0,0,0,0,0,0,-0.285567,1.155393,0.170315,308.0762,259.6071,4.461304,0,False,False
541.8752,-0.107025,1.411418,-0.018641,61.09757,231.8977,358.0111,0,0,0,0,0,0,-0.286892,1.156084,0.160621,308.2398,258.9518,3.570281,0,False,False
541.8865,-0.104504,1.410798,-0.023708,61.2027,231.2804,358.5327,0,0,0,0,0,0,-0.288154,1.156746,0.15088,308.4352,258.2278,2.803348,0,False,False
541.8975,-0.101874,1.410164,-0.028885,61.3186,230.6909,359.051,0,0,0,0,0,0,-0.289423,1.157262,0.141047,308.6353,257.4294,2.126048,0,False,False
541.9086,-0.099156,1.409453,-0.034081,61.45142,230.0485,359.4559,0,0,0,0,0,0,-0.29055,1.157824,0.130896,308.8998,256.6487,1.441095,0,False,False
541.9197,-0.096305,1.408685,-0.039365,61.61638,229.3958,359.7822,0,0,0,0,0,0,-0.291453,1.15819,0.121194,309.1888,255.9624,0.686173,0,False,False
541.9308,-0.093303,1.407921,-0.044746,61.78701,228.7566,0.069183,0,0,0,0,0,0,-0.292323,1.158537,0.111081,309.5132,255.3363,359.7753,0,False,False
541.942,-0.090231,1.407175,-0.050076,61.97182,228.093,0.257696,0,0,0,0,0,0,-0.293157,1.159078,0.100915,309.8119,254.7141,358.847,0,False,False
541.953,-0.087348,1.406494,-0.055607,62.17448,227.4304,0.400961,0,0,0,0,0,0,-0.293786,1.159329,0.091205,310.1897,254.2189,357.8687,0,False,False
541.9641,-0.084419,1.405931,-0.061172,62.3886,226.7605,0.542572,0,0,0,0,0,0,-0.294418,1.159572,0.080801,310.6044,253.6042,356.9799,0,False,False
541.9753,-0.081567,1.4054,-0.066922,62.56853,226.0697,0.701914,0,0,0,0,0,0,-0.294801,1.159743,0.070358,311.033,252.8434,356.2695,0,False,False
541.9863,-0.078774,1.404824,-0.072719,62.69899,225.4005,0.93534,0,0,0,0,0,0,-0.295126,1.159918,0.059901,311.438,251.9911,355.6529,0,False,False
541.9976,-0.076017,1.404307,-0.078672,62.90636,224.8645,1.297775,0,0,0,0,0,0,-0.295296,1.160138,0.049439,311.7995,251.1344,355.0494,0,False,False
542.0086,-0.073331,1.403768,-0.084644,63.08635,224.3574,1.711875,0,0,0,0,0,0,-0.295245,1.160411,0.039363,312.1332,250.2624,354.632,0,False,False
542.0197,-0.070811,1.403289,-0.09069,63.19399,223.8281,2.091814,0,0,0,0,0,0,-0.295082,1.1606,0.02906,312.4449,249.3319,354.2575,0,False,False
542.0308,-0.068493,1.402797,-0.096941,63.16629,223.2648,2.499463,0,0,0,0,0,0,-0.294696,1.160772,0.018775,312.7222,248.4077,353.894,0,False,False
542.042,-0.066192,1.402202,-0.103279,63.15604,222.671,2.858991,0,0,0,0,0,0,-0.294329,1.160901,0.008484,312.9823,247.4677,353.5711,0,False,False
542.053,-0.064032,1.401485,-0.109761,63.18068,222.0378,3.154105,0,0,0,0,0,0,-0.293737,1.160993,-0.001261,313.158,246.5819,353.3401,0,False,False
542.0641,-0.06182,1.400802,-0.116206,63.23837,221.4622,3.545269,0,0,0,0,0,0,-0.292993,1.161151,-0.011423,313.3016,245.6601,353.1878,0,False,False
542.0752,-0.059576,1.399934,-0.122537,63.28486,220.8968,3.935488,0,0,0,0,0,0,-0.292142,1.161334,-0.021577,313.4284,244.7147,353.155,0,False,False
542.0862,-0.057269,1.398995,-0.128852,63.34927,220.3029,4.272065,0,0,0,0,0,0,-0.291249,1.161419,-0.031302,313.5662,243.7892,353.0977,0,False,False
542.0974,-0.055007,1.397891,-0.135208,63.48071,219.7748,4.601043,0,0,0,0,0,0,-0.290345,1.161366,-0.041445,313.6766,242.7643,353.0817,0,False,False
542.1086,-0.052791,1.396821,-0.141558,63.63374,219.2251,4.87595,0,0,0,0,0,0,-0.289203,1.161265,-0.051352,313.7368,241.6958,353.1187,0,False,False
542.1197,-0.050537,1.39567,-0.147929,63.77142,218.6462,5.064831,0,0,0,0,0,0,-0.287899,1.161177,-0.061035,313.7481,240.6373,353.2073,0,False,False
542.1307,-0.048368,1.394497,-0.154393,63.88939,217.9807,5.174106,0,0,0,0,0,0,-0.286457,1.161049,-0.07019,313.6902,239.6109,353.3546,0,False,False
542.1418,-0.046191,1.393566,-0.160806,64.09027,217.2837,5.237059,0,0,0,0,0,0,-0.284968,1.160796,-0.07969,313.6298,238.5387,353.5271,0,False,False
542.153,-0.044044,1.392894,-0.167377,64.43625,216.5458,5.18273,0,0,0,0,0,0,-0.283329,1.160393,-0.088964,313.4851,237.4247,353.8578,0,False,False
542.164,-0.041935,1.392221,-0.174033,64.78062,215.8451,5.15223,0,0,0,0,0,0,-0.281457,1.159989,-0.09811,313.2954,236.3025,354.4154,0,False,False
542.1752,-0.039763,1.391502,-0.180578,65.10435,215.1245,5.062784,0,0,0,0,0,0,-0.27972,1.159528,-0.106854,313.1249,235.2198,355.1921,0,False,False
542.1863,-0.037522,1.390762,-0.187001,65.32401,214.3605,4.95891,0,0,0,0,0,0,-0.277634,1.159044,-0.115934,313.0342,234.0497,356.0739,0,False,False
542.1973,-0.035163,1.38994,-0.193134,65.5229,213.6212,4.892108,0,0,0,0,0,0,-0.275742,1.158529,-0.124812,313.1134,232.8916,356.8203,0,False,False
542.2086,-0.032896,1.389113,-0.199194,65.76262,212.8912,4.856336,0,0,0,0,0,0,-0.273819,1.158128,-0.133526,313.2581,231.8132,357.3135,0,False,False
542.2197,-0.030609,1.388199,-0.205089,65.98793,212.1689,4.853282,0,0,0,0,0,0,-0.27207,1.157902,-0.141254,313.5911,230.9979,357.3885,0,False,False
542.2307,-0.028455,1.387273,-0.210839,66.209,211.505,4.964364,0,0,0,0,0,0,-0.270317,1.157616,-0.148902,313.9767,230.3919,357.1024,0,False,False
542.2421,-0.026399,1.386385,-0.216534,66.46035,210.7662,5.071047,0,0,0,0,0,0,-0.268458,1.157372,-0.156899,314.2879,229.7994,356.8314,0,False,False
542.2529,-0.024387,1.38554,-0.222069,66.74998,210.1385,5.303342,0,0,0,0,0,0,-0.266833,1.157271,-0.163508,314.5333,229.4355,356.4263,0,False,False
542.264,-0.022516,1.384741,-0.227571,67.06665,209.5047,5.606205,0,0,0,0,0,0,-0.265196,1.15698,-0.169862,314.6902,228.9229,356.3603,0,False,False
542.2751,-0.020638,1.383897,-0.232897,67.352,208.8946,5.920708,0,0,0,0,0,0,-0.263165,1.156594,-0.176644,314.8327,228.2926,356.4223,0,False,False
542.2862,-0.018944,1.382983,-0.238082,67.6058,208.3195,6.241418,0,0,0,0,0,0,-0.261221,1.155988,-0.183162,314.9388,227.5016,356.7315,0,False,False
542.2973,-0.017304,1.382105,-0.243142,67.90144,207.7369,6.513028,0,0,0,0,0,0,-0.259156,1.155218,-0.189611,315.0621,226.6187,357.0444,0,False,False
542.3085,-0.015852,1.381251,-0.24793,68.23157,207.1794,6.746977,0,0,0,0,0,0,-0.257098,1.15432,-0.196149,315.2466,225.6312,357.3615,0,False,False
542.3197,-0.014336,1.380414,-0.252677,68.58044,206.6269,6.935343,0,0,0,0,0,0,-0.255104,1.153436,-0.202339,315.5015,224.663,357.6717,0,False,False
542.3306,-0.01298,1.37954,-0.257316,68.89232,206.0701,7.094559,0,0,0,0,0,0,-0.253135,1.152519,-0.208745,315.7986,223.7001,357.929,0,False,False
542.342,-0.011761,1.378653,-0.261848,69.18944,205.4718,7.183908,0,0,0,0,0,0,-0.251152,1.151502,-0.215017,316.1619,222.702,358.1402,0,False,False
542.353,-0.010453,1.377711,-0.26612,69.48361,204.8883,7.215404,0,0,0,0,0,0,-0.249429,1.1506,-0.220703,316.4694,221.7839,358.3201,0,False,False
542.364,-0.009514,1.376886,-0.270443,69.76479,204.2576,7.147203,0,0,0,0,0,0,-0.247695,1.149619,-0.226355,316.7605,220.8609,358.6077,0,False,False
542.3751,-0.008483,1.37604,-0.274608,70.04251,203.6586,7.129779,0,0,0,0,0,0,-0.245951,1.14875,-0.232096,317.0548,220.0007,358.8695,0,False,False
542.3864,-0.007708,1.375193,-0.278435,70.31426,203.101,7.116867,0,0,0,0,0,0,-0.244353,1.147883,-0.23757,317.3514,219.2377,359.085,0,False,False
542.3973,-0.006965,1.374365,-0.282241,70.6152,202.6304,7.175168,0,0,0,0,0,0,-0.242974,1.147212,-0.242367,317.6223,218.5577,359.2341,0,False,False
542.4086,-0.006362,1.373541,-0.285824,70.94776,202.2057,7.261862,0,0,0,0,0,0,-0.241726,1.146498,-0.247237,317.8944,217.8843,359.2893,0,False,False
542.4196,-0.005952,1.372773,-0.289243,71.24622,201.9152,7.449525,0,0,0,0,0,0,-0.240541,1.145759,-0.252059,318.1899,217.1942,359.3219,0,False,False
542.4306,-0.005605,1.372059,-0.292633,71.52279,201.6201,7.616407,0,0,0,0,0,0,-0.239513,1.144942,-0.256867,318.48,216.5022,359.3807,0,False,False
542.4418,-0.005445,1.371358,-0.295939,71.75727,201.429,7.856346,0,0,0,0,0,0,-0.238555,1.144188,-0.261491,318.7735,215.8048,359.4833,0,False,False
542.4529,-0.005275,1.370654,-0.299181,71.9624,201.1949,8.057859,0,0,0,0,0,0,-0.237715,1.143431,-0.265619,319.0447,215.1471,359.5602,0,False,False
542.4639,-0.005286,1.369909,-0.302278,72.11046,200.9933,8.318856,0,0,0,0,0,0,-0.23696,1.142586,-0.26988,319.317,214.4764,359.6418,0,False,False
542.4752,-0.0053,1.369097,-0.305317,72.24806,200.7274,8.514704,0,0,0,0,0,0,-0.236299,1.141874,-0.274051,319.5858,213.8246,359.7332,0,False,False
542.4863,-0.005461,1.368198,-0.307965,72.38856,200.4543,8.710286,0,0,0,0,0,0,-0.235881,1.141075,-0.278114,319.8359,213.1936,359.8051,0,False,False
542.4973,-0.005647,1.367315,-0.310489,72.53574,200.2207,8.92676,0,0,0,0,0,0,-0.235522,1.140364,-0.281719,320.0793,212.6329,359.8054,0,False,False
542.5085,-0.006008,1.366415,-0.312585,72.69845,199.9604,9.09631,0,0,0,0,0,0,-0.235229,1.139667,-0.28554,320.3037,212.0853,359.7227,0,False,False
542.5195,-0.00636,1.365693,-0.314386,72.91679,199.7211,9.259428,0,0,0,0,0,0,-0.235019,1.138923,-0.289034,320.4733,211.6054,359.6333,0,False,False
542.5305,-0.006813,1.365001,-0.316101,73.16953,199.4525,9.374825,0,0,0,0,0,0,-0.234661,1.138446,-0.292581,320.6411,211.1364,359.5858,0,False,False
542.5417,-0.007317,1.36445,-0.317565,73.44571,199.1452,9.397964,0,0,0,0,0,0,-0.234552,1.137701,-0.295891,320.7552,210.6841,359.5039,0,False,False
542.5528,-0.007782,1.364049,-0.319104,73.71253,198.7782,9.353467,0,0,0,0,0,0,-0.234407,1.137049,-0.299192,320.8795,210.1243,359.516,0,False,False
542.5638,-0.0085,1.363714,-0.320516,73.8792,198.2073,9.117665,0,0,0,0,0,0,-0.234138,1.13631,-0.302484,321.0145,209.5145,359.5771,0,False,False
542.5751,-0.009276,1.363352,-0.322047,73.96767,197.6268,8.891447,0,0,0,0,0,0,-0.23397,1.135542,-0.30566,321.1722,208.8416,359.6617,0,False,False
542.5861,-0.010211,1.363031,-0.323635,73.91038,196.9178,8.549905,0,0,0,0,0,0,-0.233827,1.134865,-0.308694,321.2861,208.2318,359.6983,0,False,False
542.5973,-0.01128,1.362702,-0.325187,73.78216,196.1513,8.179101,0,0,0,0,0,0,-0.233722,1.134154,-0.311652,321.362,207.6481,359.6879,0,False,False
542.6085,-0.012433,1.362379,-0.326719,73.66441,195.3594,7.83144,0,0,0,0,0,0,-0.233721,1.133435,-0.31458,321.4128,207.0901,359.6924,0,False,False
542.6195,-0.013688,1.362064,-0.327991,73.54897,194.4549,7.352602,0,0,0,0,0,0,-0.233738,1.13276,-0.317227,321.4532,206.5762,359.6635,0,False,False
542.6306,-0.015021,1.361787,-0.329019,73.49573,193.5468,6.877278,0,0,0,0,0,0,-0.233728,1.132132,-0.319892,321.4989,206.0724,359.5797,0,False,False
542.6418,-0.016407,1.361622,-0.329598,73.49183,192.654,6.368036,0,0,0,0,0,0,-0.233881,1.13135,-0.322226,321.5373,205.5787,359.4586,0,False,False
542.6528,-0.017824,1.361498,-0.329939,73.54221,191.7505,5.837907,0,0,0,0,0,0,-0.234036,1.13059,-0.324439,321.506,205.1889,359.2692,0,False,False
542.6639,-0.019353,1.361506,-0.330136,73.64399,190.8121,5.26292,0,0,0,0,0,0,-0.234224,1.129705,-0.326875,321.4644,204.7832,359.1284,0,False,False
542.675,-0.021021,1.361826,-0.330263,73.82437,189.7985,4.628921,0,0,0,0,0,0,-0.234495,1.128637,-0.328913,321.3671,204.4382,359.0018,0,False,False
542.686,-0.022736,1.362329,-0.330668,74.03986,188.8425,4.064375,0,0,0,0,0,0,-0.234616,1.127741,-0.331173,321.2952,204.0434,358.9165,0,False,False
542.6971,-0.024606,1.363091,-0.33129,74.28167,187.8188,3.457031,0,0,0,0,0,0,-0.234592,1.126667,-0.333287,321.2505,203.534,359.0717,0,False,False
542.7085,-0.026544,1.363769,-0.33203,74.37031,186.8087,2.84997,0,0,0,0,0,0,-0.234614,1.125591,-0.335695,321.2511,202.9449,359.2977,0,False,False
542.7194,-0.028538,1.364505,-0.332843,74.29019,185.7283,2.13193,0,0,0,0,0,0,-0.234295,1.124841,-0.338094,321.3807,202.2675,359.6222,0,False,False
542.7305,-0.030484,1.36512,-0.333566,74.12904,184.7753,1.450737,0,0,0,0,0,0,-0.234304,1.12425,-0.340342,321.7137,201.6811,359.6822,0,False,False
542.7416,-0.03241,1.365695,-0.334337,73.93156,183.9608,0.813886,0,0,0,0,0,0,-0.23459,1.124151,-0.34241,322.1006,201.5059,359.2276,0,False,False
542.7527,-0.034366,1.366262,-0.335118,73.7554,183.2798,0.218019,0,0,0,0,0,0,-0.235426,1.124153,-0.343783,322.4201,201.6372,358.5277,0,False,False
542.7638,-0.036253,1.366839,-0.335841,73.58826,182.7445,359.7802,0,0,0,0,0,0,-0.236288,1.124706,-0.344947,322.6416,201.96,357.6906,0,False,False
542.775,-0.038125,1.36749,-0.336548,73.45377,182.4703,359.5682,0,0,0,0,0,0,-0.237223,1.125197,-0.345785,322.7118,202.2471,356.966,0,False,False
542.7861,-0.039951,1.368123,-0.337131,73.38985,182.2354,359.4,0,0,0,0,0,0,-0.237916,1.125952,-0.346686,322.7464,202.4773,356.3195,0,False,False
542.7971,-0.041792,1.368851,-0.337654,73.38419,182.2192,359.4597,0,0,0,0,0,0,-0.238573,1.126801,-0.347356,322.6868,202.6386,355.8113,0,False,False
542.8083,-0.043554,1.369546,-0.338134,73.3414,182.4224,359.7799,0,0,0,0,0,0,-0.239017,1.127698,-0.34792,322.6031,202.6928,355.4529,0,False,False
542.8194,-0.045251,1.370148,-0.338594,73.2661,182.682,0.1581,0,0,0,0,0,0,-0.239669,1.128218,-0.348255,322.5563,202.6581,355.2077,0,False,False
542.8305,-0.046796,1.37078,-0.339028,73.14396,183.1342,0.700353,0,0,0,0,0,0,-0.239799,1.128903,-0.348684,322.4037,202.4487,355.2491,0,False,False
542.8416,-0.048309,1.371316,-0.339556,73.0333,183.5893,1.265028,0,0,0,0,0,0,-0.239788,1.129516,-0.349011,322.2387,202.1672,355.3289,0,False,False
542.8527,-0.049673,1.371867,-0.34018,72.912,184.199,1.881995,0,0,0,0,0,0,-0.239536,1.130141,-0.34921,322.031,201.8493,355.4337,0,False,False
542.8638,-0.050911,1.372426,-0.340806,72.80779,184.932,2.57355,0,0,0,0,0,0,-0.239433,1.130596,-0.349417,321.7913,201.5172,355.6848,0,False,False
542.8749,-0.051958,1.373014,-0.341376,72.70417,185.7709,3.288897,0,0,0,0,0,0,-0.239356,1.131282,-0.349612,321.5567,201.2208,355.974,0,False,False
542.886,-0.052864,1.373548,-0.341767,72.5846,186.6421,3.995522,0,0,0,0,0,0,-0.239089,1.131721,-0.349638,321.2635,200.879,356.5195,0,False,False
542.8971,-0.053508,1.374069,-0.34212,72.48187,187.6442,4.823384,0,0,0,0,0,0,-0.238746,1.132359,-0.34951,320.9927,200.561,357.0336,0,False,False
542.9081,-0.054049,1.37467,-0.342203,72.45289,188.7031,5.744225,0,0,0,0,0,0,-0.238353,1.132815,-0.34932,320.7445,200.2628,357.4673,0,False,False
542.9194,-0.054427,1.375283,-0.342323,72.62326,190.3087,7.086205,0,0,0,0,0,0,-0.238054,1.133386,-0.34918,320.5504,200.0143,357.7874,0,False,False
542.9304,-0.054919,1.375952,-0.342325,72.72198,191.5213,8.098387,0,0,0,0,0,0,-0.237798,1.133757,-0.348989,320.4043,199.7882,358.0515,0,False,False
542.9415,-0.055476,1.376645,-0.342397,72.54752,192.5787,9.036478,0,0,0,0,0,0,-0.237542,1.134195,-0.348937,320.3051,199.6842,358.1497,0,False,False
542.9526,-0.05585,1.377241,-0.342595,72.21925,193.453,9.940961,0,0,0,0,0,0,-0.237205,1.134655,-0.349039,320.217,199.5957,358.2289,0,False,False
542.9637,-0.056039,1.377759,-0.343107,71.95757,194.226,10.68914,0,0,0,0,0,0,-0.236993,1.134925,-0.349034,320.2089,199.6466,358.1668,0,False,False
542.9749,-0.05616,1.378358,-0.343657,71.69411,195.0579,11.49847,0,0,0,0,0,0,-0.236654,1.135087,-0.349181,320.2314,199.6557,358.1588,0,False,False
542.986,-0.05615,1.379126,-0.344152,71.40007,195.7326,12.26563,0,0,0,0,0,0,-0.236398,1.135148,-0.3495,320.31,199.6381,358.1463,0,False,False
542.9971,-0.056115,1.379729,-0.344459,71.1013,196.2701,12.8754,0,0,0,0,0,0,-0.235953,1.135197,-0.349737,320.3902,199.6184,358.0985,0,False,False
543.0082,-0.055914,1.380397,-0.344688,70.87079,196.8702,13.526,0,0,0,0,0,0,-0.235413,1.13494,-0.349951,320.5436,199.6335,357.9099,0,False,False
543.0193,-0.05571,1.381108,-0.344861,70.74322,197.5113,14.17576,0,0,0,0,0,0,-0.234696,1.134743,-0.350403,320.7094,199.6355,357.7126,0,False,False
543.0305,-0.055508,1.381706,-0.344991,70.61208,198.1958,14.85829,0,0,0,0,0,0,-0.23395,1.134499,-0.350896,320.8524,199.6407,357.5414,0,False,False
543.0418,-0.055233,1.38229,-0.345093,70.65347,199.6078,16.16049,0,0,0,0,0,0,-0.23304,1.13425,-0.351489,320.9699,199.6355,357.3933,0,False,False
543.0526,-0.055035,1.38268,-0.34481,70.63786,201.0789,17.5077,0,0,0,0,0,0,-0.232191,1.134057,-0.351947,321.0583,199.6342,357.2711,0,False,False
543.0637,-0.055046,1.383256,-0.344431,70.5779,202.6944,18.98148,0,0,0,0,0,0,-0.231033,1.133707,-0.352477,321.1135,199.6672,357.0764,0,False,False
543.0749,-0.055152,1.383701,-0.343981,70.37087,204.1024,20.44327,0,0,0,0,0,0,-0.229827,1.133512,-0.353127,321.1543,199.7065,356.8597,0,False,False
543.0859,-0.055535,1.384147,-0.343716,69.96926,205.4289,21.79073,0,0,0,0,0,0,-0.22864,1.133107,-0.353749,321.1894,199.6908,356.7095,0,False,False
543.0972,-0.055886,1.384729,-0.343809,69.59986,207.3342,23.68736,0,0,0,0,0,0,-0.227394,1.132703,-0.354434,321.2356,199.632,356.5974,0,False,False
543.1082,-0.056426,1.385561,-0.344143,69.18073,209.8222,26.09102,0,0,0,0,0,0,-0.226107,1.132118,-0.355209,321.3144,199.4992,356.5738,0,False,False
543.1193,-0.056982,1.386531,-0.344568,68.6926,212.1378,28.32227,0,0,0,0,0,0,-0.224697,1.131509,-0.356096,321.4476,199.3667,356.5222,0,False,False
543.1304,-0.057582,1.387537,-0.34494,67.99146,214.2419,30.42194,0,0,0,0,0,0,-0.223169,1.130784,-0.357161,321.6233,199.3068,356.3423,0,False,False
543.1416,-0.058085,1.388483,-0.345345,67.19536,215.8064,32.00272,0,0,0,0,0,0,-0.221805,1.130103,-0.358114,321.8245,199.2862,356.0845,0,False,False
543.1526,-0.058608,1.389393,-0.345983,66.36236,216.9238,33.10943,0,0,0,0,0,0,-0.220463,1.12951,-0.359011,321.9981,199.2626,355.8087,0,False,False
543.1636,-0.059198,1.390281,-0.346737,65.53719,217.8987,34.10224,0,0,0,0,0,0,-0.218982,1.128786,-0.359922,322.2128,199.2509,355.4501,0,False,False
543.1747,-0.059818,1.391147,-0.347643,64.81164,218.8078,34.98536,0,0,0,0,0,0,-0.217552,1.128126,-0.361,322.4607,199.2217,355.1235,0,False,False
543.1859,-0.060537,1.391883,-0.348415,64.22021,219.6593,35.86221,0,0,0,0,0,0,-0.216222,1.127342,-0.362103,322.708,199.1696,354.8592,0,False,False
543.1972,-0.061225,1.392616,-0.348927,63.75928,220.5931,36.82019,0,0,0,0,0,0,-0.214726,1.126721,-0.363257,322.9889,199.0554,354.5862,0,False,False
543.2083,-0.061866,1.393214,-0.34931,63.46454,221.3598,37.6492,0,0,0,0,0,0,-0.213298,1.1262,-0.364512,323.2683,198.9044,354.2995,0,False,False
543.2192,-0.062469,1.39367,-0.349604,63.17227,222.0049,38.38028,0,0,0,0,0,0,-0.211686,1.125704,-0.36566,323.5557,198.6729,354.0247,0,False,False
543.2303,-0.062906,1.393894,-0.349952,62.94814,222.4097,38.84638,0,0,0,0,0,0,-0.210287,1.125486,-0.366672,323.7408,198.4724,353.7302,0,False,False
543.2415,-0.063189,1.39397,-0.350486,62.8518,222.7815,39.18069,0,0,0,0,0,0,-0.208808,1.125392,-0.36769,323.8363,198.302,353.4734,0,False,False
543.2525,-0.063426,1.394008,-0.3511,62.84057,222.9282,39.24686,0,0,0,0,0,0,-0.207286,1.125252,-0.368549,323.8904,198.0972,353.2867,0,False,False
543.2635,-0.063433,1.393888,-0.351662,63.05964,222.6468,38.87683,0,0,0,0,0,0,-0.205874,1.125395,-0.369325,323.8228,197.8436,353.2138,0,False,False
543.2747,-0.063407,1.39375,-0.352175,63.34949,222.0646,38.23481,0,0,0,0,0,0,-0.204454,1.125627,-0.370024,323.7063,197.5035,353.2432,0,False,False
543.2859,-0.063054,1.393328,-0.352648,63.82759,220.9242,37.08074,0,0,0,0,0,0,-0.203002,1.125887,-0.370956,323.5462,197.144,353.2707,0,False,False
543.297,-0.062616,1.392845,-0.353176,64.30994,219.7852,35.91091,0,0,0,0,0,0,-0.201659,1.126222,-0.37167,323.3423,196.7746,353.3513,0,False,False
543.3081,-0.061885,1.392054,-0.35374,64.92336,218.2786,34.29126,0,0,0,0,0,0,-0.200352,1.126516,-0.372371,323.167,196.428,353.4036,0,False,False
543.3194,-0.061184,1.391298,-0.354253,65.53748,216.7171,32.68685,0,0,0,0,0,0,-0.199232,1.126933,-0.37306,322.899,196.1306,353.5283,0,False,False
543.3302,-0.060587,1.390563,-0.354684,66.12907,215.1538,31.17105,0,0,0,0,0,0,-0.19811,1.127277,-0.373677,322.6878,195.841,353.6642,0,False,False
543.3415,-0.059937,1.389845,-0.355042,66.7226,213.5689,29.69434,0,0,0,0,0,0,-0.196985,1.127717,-0.374298,322.4739,195.5634,353.8015,0,False,False
543.3525,-0.059277,1.389151,-0.355386,67.37258,211.9415,28.20689,0,0,0,0,0,0,-0.196216,1.128213,-0.374954,322.2585,195.3141,353.8981,0,False,False
543.3635,-0.058625,1.388528,-0.355846,67.99162,210.2741,26.71138,0,0,0,0,0,0,-0.195636,1.128726,-0.375504,322.0457,195.163,353.8975,0,False,False
543.3746,-0.057965,1.387861,-0.356431,68.58556,208.4109,25.04238,0,0,0,0,0,0,-0.195142,1.129296,-0.375959,321.796,195.0971,353.8233,0,False,False
543.3858,-0.057335,1.387257,-0.357026,69.09741,206.2822,23.07695,0,0,0,0,0,0,-0.194873,1.129836,-0.376427,321.5257,195.1269,353.7658,0,False,False
543.3969,-0.056675,1.386678,-0.357577,69.57188,203.9917,20.9145,0,0,0,0,0,0,-0.194495,1.130297,-0.37688,321.2726,195.1418,353.761,0,False,False
543.408,-0.056099,1.386179,-0.358051,70.01086,201.4047,18.4746,0,0,0,0,0,0,-0.194462,1.130701,-0.377334,321.0761,195.2793,353.7323,0,False,False
543.4193,-0.055573,1.38583,-0.358563,70.41628,198.7997,16.02734,0,0,0,0,0,0,-0.194437,1.131044,-0.377808,320.9256,195.392,353.657,0,False,False
543.4302,-0.055113,1.38551,-0.359016,70.79498,196.1397,13.53544,0,0,0,0,0,0,-0.194452,1.131318,-0.378302,320.7939,195.4919,353.5688,0,False,False
543.4413,-0.05478,1.385249,-0.359477,71.13599,193.5427,11.08978,0,0,0,0,0,0,-0.194783,1.13135,-0.37898,320.7693,195.6535,353.4699,0,False,False
543.4525,-0.054569,1.38514,-0.360001,71.39674,191.0132,8.672066,0,0,0,0,0,0,-0.194973,1.13143,-0.379654,320.6981,195.7926,353.4426,0,False,False
543.4636,-0.054574,1.384988,-0.360571,71.52493,188.5607,6.332856,0,0,0,0,0,0,-0.195306,1.131426,-0.380294,320.6874,195.9451,353.4389,0,False,False
543.4747,-0.054546,1.384772,-0.361139,71.53452,186.1496,4.025665,0,0,0,0,0,0,-0.195785,1.131421,-0.380857,320.7341,196.105,353.3355,0,False,False
543.4857,-0.054736,1.38465,-0.361688,71.49135,183.9643,1.937319,0,0,0,0,0,0,-0.196435,1.131345,-0.381425,320.8071,196.3638,353.1466,0,False,False
543.4969,-0.054951,1.384435,-0.362298,71.42586,181.8556,359.9171,0,0,0,0,0,0,-0.197194,1.131186,-0.381877,320.897,196.7156,352.8932,0,False,False
543.508,-0.055276,1.384306,-0.362856,71.35192,179.9825,358.0817,0,0,0,0,0,0,-0.197934,1.131165,-0.382444,320.9741,197.0658,352.6653,0,False,False
543.519,-0.055618,1.384174,-0.363341,71.28802,178.2261,356.3418,0,0,0,0,0,0,-0.198917,1.13104,-0.382896,321.0996,197.485,352.4123,0,False,False
543.5302,-0.056065,1.384078,-0.363761,71.22298,176.6859,354.8007,0,0,0,0,0,0,-0.199756,1.130956,-0.383395,321.2365,197.8423,352.1671,0,False,False
543.5414,-0.056581,1.38398,-0.364047,71.24368,175.4411,353.5005,0,0,0,0,0,0,-0.200749,1.130885,-0.384003,321.4023,198.1511,351.9157,0,False,False
543.5525,-0.057155,1.383786,-0.364302,71.26199,174.1988,352.1991,0,0,0,0,0,0,-0.20173,1.13075,-0.384486,321.5555,198.4306,351.6936,0,False,False
543.5635,-0.057847,1.383606,-0.364423,71.29781,173.3475,351.3184,0,0,0,0,0,0,-0.202689,1.130567,-0.384852,321.6969,198.6285,351.5388,0,False,False
543.5746,-0.058638,1.383317,-0.364546,71.32973,172.6245,350.5778,0,0,0,0,0,0,-0.203588,1.130383,-0.385227,321.7902,198.7341,351.4419,0,False,False
543.5856,-0.05953,1.382991,-0.36458,71.41303,172.2915,350.2381,0,0,0,0,0,0,-0.204469,1.130311,-0.385463,321.8505,198.8223,351.36,0,False,False
543.5969,-0.06047,1.382661,-0.364592,71.50076,171.9784,349.9407,0,0,0,0,0,0,-0.205446,1.130276,-0.385628,321.8638,198.9235,351.243,0,False,False
543.608,-0.061501,1.38232,-0.36453,71.62011,171.9102,349.929,0,0,0,0,0,0,-0.206451,1.130285,-0.385717,321.8556,199.0587,351.0964,0,False,False
543.6191,-0.062562,1.381967,-0.364444,71.76379,171.9142,350.0252,0,0,0,0,0,0,-0.207378,1.130499,-0.385768,321.7683,199.18,351.0098,0,False,False
543.6302,-0.063652,1.381582,-0.364391,71.87419,171.8605,350.0815,0,0,0,0,0,0,-0.208375,1.130682,-0.385794,321.6616,199.2902,350.9754,0,False,False
543.6413,-0.064764,1.381222,-0.364321,72.00273,171.9993,350.3034,0,0,0,0,0,0,-0.209317,1.130854,-0.385803,321.5776,199.4093,350.9309,0,False,False
543.6524,-0.065892,1.380854,-0.364302,72.1535,172.226,350.5727,0,0,0,0,0,0,-0.210249,1.131075,-0.385748,321.4455,199.4975,350.9472,0,False,False
543.6635,-0.067038,1.380573,-0.364286,72.29754,172.6429,350.998,0,0,0,0,0,0,-0.21106,1.131303,-0.385797,321.2916,199.5588,350.9856,0,False,False
543.6747,-0.068063,1.380352,-0.364299,72.43604,173.1906,351.5508,0,0,0,0,0,0,-0.211685,1.131558,-0.385798,321.1003,199.5488,351.0833,0,False,False
543.6857,-0.068865,1.380157,-0.364299,72.55605,173.8535,352.1711,0,0,0,0,0,0,-0.212422,1.131744,-0.385695,320.925,199.53,351.2106,0,False,False
543.6967,-0.069577,1.380032,-0.364387,72.66113,174.5111,352.7496,0,0,0,0,0,0,-0.212637,1.131896,-0.385727,320.7013,199.3507,351.5471,0,False,False
543.7079,-0.070171,1.379854,-0.364509,72.7182,175.145,353.2803,0,0,0,0,0,0,-0.212935,1.132076,-0.385848,320.511,199.1731,351.7983,0,False,False
543.7189,-0.070531,1.37966,-0.364663,72.68793,175.8322,353.8206,0,0,0,0,0,0,-0.212892,1.132214,-0.386096,320.3314,198.9044,352.0873,0,False,False
543.7301,-0.070883,1.379422,-0.364836,72.6324,176.4739,354.3284,0,0,0,0,0,0,-0.212857,1.132237,-0.38627,320.1489,198.6489,352.369,0,False,False
543.7413,-0.071117,1.379239,-0.365028,72.57593,177.0961,354.86,0,0,0,0,0,0,-0.212779,1.132091,-0.386404,319.979,198.4662,352.6398,0,False,False
543.7526,-0.071163,1.378982,-0.365158,72.54892,177.7655,355.457,0,0,0,0,0,0,-0.212638,1.132045,-0.386615,319.8161,198.2921,352.903,0,False,False
543.7635,-0.07092,1.378745,-0.365215,72.55231,178.4147,356.0433,0,0,0,0,0,0,-0.21247,1.131904,-0.38682,319.6913,198.2197,353.0363,0,False,False
543.7746,-0.070599,1.378521,-0.365277,72.58318,179.0474,356.6335,0,0,0,0,0,0,-0.212129,1.131706,-0.387169,319.5996,198.1678,353.0942,0,False,False
543.7856,-0.070086,1.378342,-0.365301,72.6448,179.5304,357.059,0,0,0,0,0,0,-0.211676,1.131433,-0.387663,319.5751,198.1168,353.0908,0,False,False
543.7968,-0.069289,1.378245,-0.365295,72.76029,179.8802,357.2964,0,0,0,0,0,0,-0.211119,1.131086,-0.388334,319.5991,198.0533,353.1359,0,False,False
543.8078,-0.068434,1.378132,-0.365321,72.85287,180.2342,357.5192,0,0,0,0,0,0,-0.210474,1.130729,-0.388964,319.6136,197.9728,353.2248,0,False,False
543.8189,-0.067316,1.37803,-0.365408,72.91238,180.4283,357.5865,0,0,0,0,0,0,-0.209631,1.13044,-0.389746,319.6761,197.911,353.3292,0,False,False
543.8301,-0.066138,1.377841,-0.365508,72.91134,180.6399,357.6856,0,0,0,0,0,0,-0.208725,1.130291,-0.390541,319.747,197.9131,353.3365,0,False,False
543.8412,-0.064677,1.377671,-0.3658,72.85748,180.7761,357.7523,0,0,0,0,0,0,-0.208044,1.130095,-0.391309,319.805,197.9638,353.2769,0,False,False
543.8523,-0.06318,1.377428,-0.366077,72.8016,180.8661,357.7942,0,0,0,0,0,0,-0.207121,1.130193,-0.392088,319.8503,198.1262,353.1407,0,False,False
543.8635,-0.061538,1.377171,-0.366527,72.75363,180.8533,357.7592,0,0,0,0,0,0,-0.206175,1.130277,-0.392819,319.8502,198.3598,352.9597,0,False,False
543.8747,-0.059789,1.376848,-0.366948,72.7443,180.7865,357.6663,0,0,0,0,0,0,-0.205244,1.130544,-0.393427,319.8399,198.7016,352.6459,0,False,False
543.8858,-0.058059,1.376583,-0.367354,72.77418,180.6711,357.5174,0,0,0,0,0,0,-0.204151,1.130756,-0.394141,319.8194,199.0405,352.3808,0,False,False
543.897,-0.056216,1.376199,-0.367689,72.83134,180.4333,357.2601,0,0,0,0,0,0,-0.203044,1.131021,-0.394757,319.8003,199.3146,352.2283,0,False,False
543.9078,-0.054285,1.375811,-0.367919,72.89586,180.234,357.0581,0,0,0,0,0,0,-0.201895,1.131408,-0.395299,319.8181,199.5976,352.0665,0,False,False
543.919,-0.052323,1.375379,-0.368001,73.01448,179.9485,356.8105,0,0,0,0,0,0,-0.20072,1.131769,-0.395957,319.8599,199.8654,351.7815,0,False,False
543.93,-0.050361,1.374991,-0.368049,73.15912,179.6426,356.5495,0,0,0,0,0,0,-0.199385,1.132173,-0.396452,319.91,200.1237,351.429,0,False,False
543.9412,-0.048401,1.374613,-0.36802,73.33102,179.3435,356.3039,0,0,0,0,0,0,-0.198096,1.132637,-0.396954,319.9409,200.3963,351.1009,0,False,False
543.9524,-0.046418,1.374323,-0.36803,73.48383,179.0706,356.0937,0,0,0,0,0,0,-0.19667,1.133148,-0.39746,319.9399,200.6534,350.8629,0,False,False
543.9633,-0.04455,1.373976,-0.368076,73.58847,178.8262,355.8997,0,0,0,0,0,0,-0.195358,1.133593,-0.39785,319.9289,200.8989,350.6729,0,False,False
543.9744,-0.042699,1.373695,-0.368337,73.65031,178.5734,355.6803,0,0,0,0,0,0,-0.194071,1.134021,-0.398183,319.8871,201.1189,350.526,0,False,False
543.9857,-0.040924,1.373397,-0.368728,73.64677,178.2541,355.3742,0,0,0,0,0,0,-0.19277,1.13446,-0.398374,319.8016,201.3707,350.3901,0,False,False
543.9966,-0.03919,1.373159,-0.369154,73.6156,177.9492,355.0599,0,0,0,0,0,0,-0.191558,1.134877,-0.39836,319.6675,201.6044,350.36,0,False,False
544.0079,-0.037451,1.372961,-0.369518,73.55878,177.6762,354.7365,0,0,0,0,0,0,-0.190265,1.135296,-0.398528,319.5926,201.8252,350.3133,0,False,False
544.0188,-0.035935,1.372906,-0.369816,73.56023,177.5091,354.5335,0,0,0,0,0,0,-0.189187,1.135589,-0.398538,319.5177,201.9958,350.3115,0,False,False
544.03,-0.034468,1.372958,-0.370046,73.58975,177.3246,354.3517,0,0,0,0,0,0,-0.18791,1.135983,-0.398423,319.4468,202.2044,350.21,0,False,False
544.0411,-0.033201,1.373083,-0.370319,73.64741,177.2762,354.3408,0,0,0,0,0,0,-0.186967,1.136156,-0.398132,319.3886,202.3901,350.0625,0,False,False
544.0521,-0.03203,1.373229,-0.370711,73.67075,177.2687,354.398,0,0,0,0,0,0,-0.185984,1.136293,-0.398061,319.3576,202.5658,349.9966,0,False,False
544.0634,-0.031052,1.373425,-0.371188,73.66154,177.3224,354.4917,0,0,0,0,0,0,-0.18502,1.136377,-0.397907,319.3708,202.6803,350.0389,0,False,False
544.0745,-0.030041,1.37365,-0.371672,73.6292,177.3837,354.5469,0,0,0,0,0,0,-0.184119,1.136421,-0.397742,319.4033,202.749,350.1147,0,False,False
544.0854,-0.0292,1.373994,-0.372164,73.5928,177.4641,354.5581,0,0,0,0,0,0,-0.183266,1.136404,-0.397621,319.4553,202.8318,350.1795,0,False,False
544.0967,-0.028413,1.3743,-0.372639,73.56145,177.5681,354.5454,0,0,0,0,0,0,-0.182401,1.136276,-0.397424,319.6048,202.8325,350.3419,0,False,False
544.1078,-0.027672,1.374631,-0.372895,73.51424,177.7843,354.6198,0,0,0,0,0,0,-0.181642,1.136168,-0.397319,319.7114,202.8539,350.4547,0,False,False
544.1188,-0.027055,1.375097,-0.373015,73.45518,178.1549,354.8496,0,0,0,0,0,0,-0.180656,1.136094,-0.397151,319.8378,202.8141,350.5872,0,False,False
544.1299,-0.026524,1.375558,-0.373079,73.36221,178.5234,355.1235,0,0,0,0,0,0,-0.179854,1.136051,-0.396885,319.9646,202.7624,350.6405,0,False,False
544.1411,-0.026045,1.376175,-0.373102,73.22965,178.9869,355.4963,0,0,0,0,0,0,-0.179084,1.135996,-0.396435,320.0868,202.7382,350.6513,0,False,False
544.1522,-0.025621,1.376909,-0.373105,73.03505,179.3667,355.8018,0,0,0,0,0,0,-0.178433,1.135935,-0.396047,320.2011,202.6877,350.624,0,False,False
544.1633,-0.02527,1.377796,-0.373059,72.74786,179.7772,356.1169,0,0,0,0,0,0,-0.177626,1.135745,-0.395672,320.3144,202.6031,350.6512,0,False,False
544.1744,-0.024965,1.378852,-0.372991,72.34899,180.1612,356.4118,0,0,0,0,0,0,-0.176834,1.13562,-0.395304,320.4171,202.5023,350.705,0,False,False
544.1855,-0.02482,1.380092,-0.373005,71.84237,180.5902,356.7782,0,0,0,0,0,0,-0.175923,1.135373,-0.394918,320.4633,202.3076,350.8395,0,False,False
544.1965,-0.024545,1.381437,-0.372879,71.22904,180.9732,357.1235,0,0,0,0,0,0,-0.174962,1.135147,-0.394531,320.469,202.0424,351.0576,0,False,False
544.2077,-0.024336,1.383028,-0.372701,70.48088,181.3378,357.4779,0,0,0,0,0,0,-0.17393,1.134866,-0.394233,320.4548,201.6955,351.3527,0,False,False
544.2188,-0.024131,1.384956,-0.372242,69.64609,181.6193,357.763,0,0,0,0,0,0,-0.172663,1.134571,-0.39385,320.3899,201.2653,351.7063,0,False,False
544.23,-0.024016,1.387127,-0.371743,68.82722,181.8272,357.9889,0,0,0,0,0,0,-0.171473,1.134251,-0.393483,320.3489,200.8877,351.9829,0,False,False
544.241,-0.023986,1.389802,-0.371044,67.9731,181.96,358.1702,0,0,0,0,0,0,-0.170355,1.134043,-0.393153,320.3117,200.4833,352.199,0,False,False
544.2521,-0.023993,1.392721,-0.370301,67.08483,182.1018,358.36,0,0,0,0,0,0,-0.169155,1.13382,-0.392797,320.2832,200.149,352.3417,0,False,False
544.2632,-0.024042,1.396151,-0.369539,66.05886,182.2261,358.544,0,0,0,0,0,0,-0.168083,1.133795,-0.392414,320.2487,199.8639,352.4948,0,False,False
544.2752,-0.024077,1.399645,-0.368791,64.91435,182.3188,358.674,0,0,0,0,0,0,-0.167041,1.13369,-0.39197,320.2538,199.5683,352.6355,0,False,False
544.2855,-0.024184,1.403614,-0.368085,63.51347,182.3173,358.6559,0,0,0,0,0,0,-0.165916,1.133734,-0.391695,320.3025,199.2219,352.7733,0,False,False
544.2964,-0.024313,1.407725,-0.367431,61.95781,182.2903,358.564,0,0,0,0,0,0,-0.164665,1.133751,-0.391438,320.3452,198.8671,352.9016,0,False,False
544.3077,-0.024382,1.411921,-0.366757,60.3241,182.2557,358.4335,0,0,0,0,0,0,-0.163325,1.133906,-0.391234,320.4316,198.4122,353.0066,0,False,False
544.3187,-0.024504,1.416445,-0.36611,58.51046,182.2283,358.27,0,0,0,0,0,0,-0.161833,1.133916,-0.391122,320.5354,197.9158,353.1307,0,False,False
544.33,-0.024592,1.421072,-0.365313,56.6953,182.2397,358.1446,0,0,0,0,0,0,-0.160113,1.134008,-0.3911,320.6618,197.2695,353.3857,0,False,False
544.3409,-0.024837,1.425982,-0.364493,54.75069,182.1917,357.9825,0,0,0,0,0,0,-0.158342,1.134071,-0.391127,320.8246,196.5437,353.7116,0,False,False
544.3521,-0.025016,1.430853,-0.363601,52.78417,182.1382,357.8441,0,0,0,0,0,0,-0.156622,1.134143,-0.391121,320.9492,195.8986,353.9685,0,False,False
544.3632,-0.025283,1.43595,-0.362568,50.5853,182.0329,357.7367,0,0,0,0,0,0,-0.155056,1.13444,-0.390951,320.9011,195.4,354.1051,0,False,False
544.3743,-0.025517,1.441108,-0.361483,48.4343,181.9601,357.7024,0,0,0,0,0,0,-0.153475,1.134793,-0.390428,320.6833,195.0241,354.1396,0,False,False
544.3854,-0.02573,1.446428,-0.360155,46.26411,181.8905,357.6361,0,0,0,0,0,0,-0.151925,1.135241,-0.389916,320.4663,194.6263,354.1161,0,False,False
544.3966,-0.025991,1.451655,-0.358713,44.10739,181.8595,357.562,0,0,0,0,0,0,-0.150292,1.135684,-0.389471,320.1232,194.2689,354.0939,0,False,False
544.4077,-0.026296,1.456985,-0.35697,41.94928,181.8434,357.5567,0,0,0,0,0,0,-0.148791,1.136194,-0.388951,319.8762,193.9588,354.2482,0,False,False
544.4188,-0.026634,1.462243,-0.355092,39.70488,181.8679,357.5705,0,0,0,0,0,0,-0.147254,1.136634,-0.388639,319.6486,193.6284,354.6402,0,False,False
544.4299,-0.026888,1.467383,-0.353313,37.49334,181.9164,357.5863,0,0,0,0,0,0,-0.145725,1.137081,-0.388325,319.4367,193.2366,355.0117,0,False,False
544.4409,-0.027138,1.472383,-0.351223,35.34259,181.9814,357.6032,0,0,0,0,0,0,-0.144021,1.13746,-0.38825,319.2623,192.7251,355.5065,0,False,False
544.4522,-0.027414,1.477282,-0.349157,33.21379,182.0404,357.6085,0,0,0,0,0,0,-0.142217,1.137823,-0.38835,319.15,192.0711,356.0945,0,False,False
544.4631,-0.027743,1.481841,-0.346867,31.22638,182.1264,357.6169,0,0,0,0,0,0,-0.140524,1.138101,-0.388565,319.1158,191.3125,356.7941,0,False,False
544.4744,-0.028091,1.486388,-0.344472,29.28629,182.1984,357.599,0,0,0,0,0,0,-0.13889,1.138555,-0.388789,319.0799,190.5854,357.3316,0,False,False
544.4854,-0.028418,1.490431,-0.341998,27.56964,182.3006,357.6054,0,0,0,0,0,0,-0.137484,1.13918,-0.38885,318.9358,190.0677,357.5334,0,False,False
544.4965,-0.028743,1.494277,-0.339497,25.96178,182.3925,357.6326,0,0,0,0,0,0,-0.136664,1.140143,-0.388691,318.6659,189.7541,357.4325,0,False,False
544.5076,-0.029023,1.497961,-0.337152,24.31812,182.5087,357.7356,0,0,0,0,0,0,-0.135836,1.14119,-0.388462,318.3094,189.5305,357.4404,0,False,False
544.5186,-0.029079,1.501217,-0.334723,22.81747,182.6313,357.8553,0,0,0,0,0,0,-0.135069,1.142363,-0.387919,317.927,189.2729,357.6626,0,False,False
544.53,-0.029375,1.504465,-0.332478,21.40742,182.7581,357.9668,0,0,0,0,0,0,-0.134606,1.143739,-0.387642,317.515,188.9035,358.1137,0,False,False
544.5408,-0.02977,1.507277,-0.33015,20.18832,182.8637,358.0507,0,0,0,0,0,0,-0.134037,1.145097,-0.387443,317.1288,188.4666,358.6676,0,False,False
544.5521,-0.030104,1.50998,-0.328027,18.95544,182.9851,358.1354,0,0,0,0,0,0,-0.133661,1.146556,-0.387137,316.6888,187.905,359.4704,0,False,False
544.563,-0.030502,1.512327,-0.325823,17.92749,183.121,358.2243,0,0,0,0,0,0,-0.13325,1.147945,-0.386823,316.2665,187.3163,0.271571,0,False,False
544.5742,-0.03084,1.514456,-0.323746,16.95816,183.2924,358.3071,0,0,0,0,0,0,-0.132972,1.14915,-0.386292,315.788,186.6722,1.270696,0,False,False
544.5853,-0.031226,1.516439,-0.321731,16.13211,183.5384,358.3767,0,0,0,0,0,0,-0.133305,1.150461,-0.385649,315.2551,186.2702,1.977887,0,False,False
544.5964,-0.031588,1.518016,-0.319838,15.33598,183.8168,358.4895,0,0,0,0,0,0,-0.13342,1.151645,-0.385029,314.8,185.9523,2.476101,0,False,False
544.6076,-0.031985,1.519296,-0.317939,14.54115,184.0669,358.6089,0,0,0,0,0,0,-0.134202,1.15286,-0.384356,314.3934,185.93,2.648117,0,False,False
544.6187,-0.032481,1.5203,-0.31612,13.82892,184.3182,358.7451,0,0,0,0,0,0,-0.13497,1.154069,-0.384037,314.0624,186.0263,2.625837,0,False,False
544.6299,-0.032835,1.521285,-0.314367,13.1985,184.5774,358.89,0,0,0,0,0,0,-0.136169,1.154951,-0.383593,313.8514,186.2399,2.417884,0,False,False
544.6408,-0.033205,1.522253,-0.312515,12.62897,184.8202,359.0023,0,0,0,0,0,0,-0.137286,1.155559,-0.38333,313.7917,186.4195,2.196155,0,False,False
544.6519,-0.033561,1.523284,-0.310703,12.03624,185.0668,359.0937,0,0,0,0,0,0,-0.13825,1.156236,-0.383116,313.72,186.5014,2.093178,0,False,False
544.6631,-0.033887,1.524032,-0.309024,11.52027,185.2939,359.1655,0,0,0,0,0,0,-0.139363,1.156388,-0.383086,313.7747,186.6397,1.959142,0,False,False
544.6742,-0.034219,1.524873,-0.307347,10.99925,185.4959,359.1907,0,0,0,0,0,0,-0.140566,1.156716,-0.383003,313.7193,186.7934,1.932963,0,False,False
544.6853,-0.034483,1.525702,-0.30582,10.51854,185.7123,359.2115,0,0,0,0,0,0,-0.141727,1.156583,-0.382951,313.6841,187.0415,1.943685,0,False,False
544.6965,-0.034878,1.526614,-0.304259,10.00654,185.918,359.2516,0,0,0,0,0,0,-0.142954,1.156368,-0.38272,313.64,187.3476,1.871241,0,False,False
544.7075,-0.035247,1.527383,-0.302778,9.543298,186.1032,359.3136,0,0,0,0,0,0,-0.144287,1.156085,-0.3827,313.5831,187.7263,1.609295,0,False,False
544.7186,-0.035639,1.528165,-0.301254,9.094225,186.2746,359.4081,0,0,0,0,0,0,-0.145499,1.155787,-0.382548,313.558,188.061,1.301097,0,False,False
544.7297,-0.036101,1.528833,-0.29975,8.684473,186.4233,359.536,0,0,0,0,0,0,-0.146604,1.155554,-0.382513,313.5479,188.3157,1.120594,0,False,False
544.7408,-0.036509,1.529481,-0.298383,8.324674,186.5701,359.6673,0,0,0,0,0,0,-0.147511,1.155081,-0.382719,313.6132,188.4929,1.030197,0,False,False
544.7518,-0.036945,1.530161,-0.296925,7.963067,186.6847,359.7761,0,0,0,0,0,0,-0.148258,1.154538,-0.382957,313.7409,188.5304,1.090917,0,False,False
544.7631,-0.037317,1.53075,-0.295639,7.629281,186.7531,359.8453,0,0,0,0,0,0,-0.148783,1.154039,-0.383374,313.8913,188.5227,1.084962,0,False,False
544.7742,-0.037794,1.531283,-0.294372,7.293674,186.8183,359.8787,0,0,0,0,0,0,-0.149407,1.153446,-0.383774,314.0092,188.5376,1.08065,0,False,False
544.7852,-0.038201,1.531849,-0.293263,6.999887,186.826,359.8955,0,0,0,0,0,0,-0.149952,1.153054,-0.384307,314.1189,188.581,1.076947,0,False,False
544.7963,-0.038623,1.532385,-0.292172,6.680327,186.8198,359.9024,0,0,0,0,0,0,-0.150404,1.15288,-0.384828,314.1906,188.7599,0.870718,0,False,False
544.8074,-0.038977,1.532911,-0.291053,6.359994,186.795,359.9023,0,0,0,0,0,0,-0.150976,1.152636,-0.385181,314.2149,188.9363,0.621785,0,False,False
544.8187,-0.039373,1.533385,-0.290083,6.041709,186.7591,359.8909,0,0,0,0,0,0,-0.151521,1.152559,-0.385476,314.2249,189.1395,0.310022,0,False,False
544.8298,-0.039814,1.53381,-0.289135,5.744747,186.686,359.8711,0,0,0,0,0,0,-0.151921,1.152595,-0.385797,314.2163,189.3222,359.8758,0,False,False
544.8407,-0.040248,1.534251,-0.288268,5.455564,186.5774,359.8117,0,0,0,0,0,0,-0.15203,1.152708,-0.38622,314.2549,189.3236,359.4916,0,False,False
544.852,-0.040662,1.53478,-0.287475,5.176884,186.4904,359.7603,0,0,0,0,0,0,-0.152161,1.152739,-0.386708,314.3128,189.2587,359.1501,0,False,False
544.863,-0.041142,1.535358,-0.28673,4.84332,186.3602,359.6976,0,0,0,0,0,0,-0.152107,1.152881,-0.387317,314.38,189.0947,358.9456,0,False,False
544.8741,-0.041616,1.535883,-0.286104,4.552372,186.2408,359.6525,0,0,0,0,0,0,-0.151788,1.153087,-0.388033,314.3964,188.9149,358.8912,0,False,False
544.8852,-0.042125,1.536402,-0.285505,4.2294,186.1052,359.5959,0,0,0,0,0,0,-0.151804,1.153257,-0.388648,314.3538,188.8724,358.6905,0,False,False
544.8964,-0.042626,1.536864,-0.284989,3.934373,185.985,359.5385,0,0,0,0,0,0,-0.151624,1.153636,-0.38915,314.2135,188.8077,358.5045,0,False,False
544.9075,-0.043163,1.537183,-0.2845,3.642909,185.849,359.485,0,0,0,0,0,0,-0.151357,1.154001,-0.389735,314.0627,188.7313,358.3414,0,False,False
544.9185,-0.043638,1.537484,-0.283949,3.37421,185.7209,359.4473,0,0,0,0,0,0,-0.151127,1.154466,-0.390343,313.9392,188.6135,358.157,0,False,False
544.9297,-0.044223,1.537867,-0.283596,3.108555,185.5989,359.3793,0,0,0,0,0,0,-0.150892,1.154784,-0.390841,313.834,188.4933,357.9606,0,False,False
544.9408,-0.044829,1.538152,-0.283251,2.859233,185.4966,359.3142,0,0,0,0,0,0,-0.150599,1.15518,-0.391369,313.737,188.4038,357.6888,0,False,False
544.9518,-0.045367,1.538501,-0.282974,2.642438,185.3675,359.2377,0,0,0,0,0,0,-0.150276,1.155664,-0.392059,313.6845,188.3236,357.4248,0,False,False
544.963,-0.045909,1.538811,-0.282798,2.425263,185.2558,359.1649,0,0,0,0,0,0,-0.149865,1.156066,-0.392841,313.6742,188.2224,357.2296,0,False,False
544.9741,-0.046427,1.53912,-0.282581,2.253561,185.1429,359.084,0,0,0,0,0,0,-0.14949,1.156478,-0.393566,313.6736,188.1011,357.0336,0,False,False
544.9852,-0.046939,1.539413,-0.282471,2.116555,185.0346,358.9997,0,0,0,0,0,0,-0.148957,1.156861,-0.394399,313.7268,187.9165,356.8348,0,False,False
544.9963,-0.047418,1.539633,-0.282269,2.03488,184.9134,358.9078,0,0,0,0,0,0,-0.148367,1.15718,-0.395058,313.774,187.7077,356.691,0,False,False
545.0075,-0.04788,1.539845,-0.282188,2.0201,184.8049,358.7944,0,0,0,0,0,0,-0.147821,1.157775,-0.395735,313.7658,187.6169,356.43,0,False,False
545.0185,-0.048392,1.540051,-0.282027,2.055152,184.6963,358.6869,0,0,0,0,0,0,-0.147553,1.158338,-0.396448,313.7029,187.5544,356.0939,0,False,False
545.0297,-0.048833,1.540125,-0.281977,2.10718,184.5925,358.582,0,0,0,0,0,0,-0.14729,1.15898,-0.396783,313.5715,187.5802,355.6155,0,False,False
545.0407,-0.049307,1.540116,-0.281961,2.172355,184.511,358.504,0,0,0,0,0,0,-0.147046,1.159725,-0.397255,313.4428,187.5479,355.0779,0,False,False
545.0519,-0.049738,1.540064,-0.281899,2.239961,184.4359,358.4398,0,0,0,0,0,0,-0.146664,1.160465,-0.397688,313.3569,187.4255,354.5835,0,False,False
545.0628,-0.050197,1.539978,-0.281969,2.296755,184.3761,358.3818,0,0,0,0,0,0,-0.146093,1.161143,-0.398109,313.3052,187.2557,354.0343,0,False,False
545.074,-0.050713,1.540011,-0.282041,2.33566,184.3153,358.3351,0,0,0,0,0,0,-0.145588,1.161865,-0.398652,313.2731,186.9962,353.5085,0,False,False
545.085,-0.051281,1.540043,-0.28223,2.363425,184.2629,358.301,0,0,0,0,0,0,-0.144963,1.162432,-0.399193,313.2657,186.6095,353.0765,0,False,False
545.0961,-0.051827,1.540069,-0.282351,2.369125,184.227,358.2612,0,0,0,0,0,0,-0.144096,1.162997,-0.399565,313.212,186.2385,353.1374,0.003922,False,False
545.1074,-0.052297,1.540024,-0.282491,2.364377,184.2005,358.2028,0,0,0,0,0,0,-0.143298,1.163575,-0.399932,313.0351,186.0015,353.5705,0.007843,False,False
545.1185,-0.052932,1.540019,-0.282626,2.368728,184.1797,358.1352,0,0,0,0,0,0,-0.142617,1.164283,-0.400156,312.8147,185.8661,353.7892,0.031373,False,False
545.1296,-0.053471,1.539957,-0.282798,2.392427,184.1748,358.0892,0,0,0,0,0,0,-0.142047,1.164979,-0.40016,312.5091,185.8399,353.8177,0.066667,False,False
545.1407,-0.054022,1.539928,-0.283006,2.456616,184.1718,358.0529,0,0,0,0,0,0,-0.141705,1.165701,-0.400204,312.2263,185.8438,353.4943,0.188235,False,False
545.1519,-0.054561,1.539891,-0.283141,2.53686,184.1845,358.0287,0,0,0,0,0,0,-0.141251,1.166263,-0.400344,312.0162,185.8052,353.1324,0.486275,False,True
545.163,-0.055103,1.53983,-0.283329,2.624497,184.1907,358.0334,0,0,0,0,0,0,-0.140939,1.166801,-0.400508,311.8613,185.7925,352.6405,0.698039,False,True
545.174,-0.055672,1.539739,-0.283448,2.700962,184.1808,358.0234,0,0,0,0,0,0,-0.140452,1.167292,-0.40085,311.7995,185.6366,352.2491,1,False,True
545.185,-0.056265,1.53961,-0.28363,2.758798,184.186,358.0309,0,0,0,0,0,0,-0.139682,1.167551,-0.401242,311.7646,185.202,351.7142,1,False,True
545.1964,-0.056807,1.539551,-0.28387,2.822491,184.2056,358.0333,0,0,0,0,0,0,-0.139123,1.167176,-0.402641,312.2034,184.7375,351.5539,1,False,True
545.2073,-0.057321,1.539525,-0.284153,2.871463,184.2172,358.0375,0,0,0,0,0,0,-0.137969,1.1675,-0.402916,312.0164,184.1578,352.0533,1,False,True
545.2187,-0.057868,1.5395,-0.284465,2.907446,184.2109,358.0439,0,0,0,0,0,0,-0.137163,1.167643,-0.403064,311.9931,183.783,352.4223,1,False,True
545.2297,-0.058343,1.539442,-0.284791,2.934239,184.2213,358.0674,0,0,0,0,0,0,-0.136469,1.167747,-0.403596,311.9009,183.506,352.5012,1,False,True
545.2406,-0.058831,1.539418,-0.285097,2.962474,184.2036,358.0888,0,0,0,0,0,0,-0.135928,1.168044,-0.403726,311.7676,183.4096,352.302,1,False,True
545.2516,-0.05933,1.539433,-0.285425,2.994172,184.1903,358.1271,0,0,0,0,0,0,-0.135479,1.168302,-0.403971,311.6304,183.3369,352.0403,1,False,True
545.2629,-0.059772,1.539431,-0.285777,3.01023,184.1563,358.1527,0,0,0,0,0,0,-0.135163,1.168811,-0.404037,311.5037,183.3992,351.6482,1,False,True
545.2739,-0.060165,1.539378,-0.286133,3.021615,184.1234,358.1764,0,0,0,0,0,0,-0.13478,1.169074,-0.404448,311.5108,183.5233,351.3375,1,False,True
545.2852,-0.060538,1.539305,-0.286467,3.050888,184.0903,358.1764,0,0,0,0,0,0,-0.134322,1.169187,-0.404681,311.5352,183.5371,351.1473,1,False,True
545.2961,-0.060923,1.539199,-0.286858,3.08422,184.0333,358.178,0,0,0,0,0,0,-0.134076,1.169206,-0.405243,311.6388,183.6751,350.848,1,False,True
545.3074,-0.061266,1.539027,-0.287255,3.142184,183.9856,358.1417,0,0,0,0,0,0,-0.133934,1.169158,-0.405872,311.7928,183.8603,350.4283,1,False,True
545.3184,-0.061564,1.538811,-0.287674,3.21383,183.9311,358.1029,0,0,0,0,0,0,-0.133706,1.16912,-0.406509,311.9555,184.0546,350.0555,1,False,True
545.3296,-0.061823,1.538594,-0.288136,3.336751,183.8635,358.0624,0,0,0,0,0,0,-0.133686,1.168992,-0.407259,312.2265,184.3952,349.6571,1,False,True
545.3405,-0.061953,1.538319,-0.288568,3.466135,183.7886,357.9973,0,0,0,0,0,0,-0.133664,1.168915,-0.408189,312.5356,184.7692,349.1781,1,False,True
545.3517,-0.062092,1.53801,-0.289012,3.621475,183.699,357.9616,0,0,0,0,0,0,-0.133807,1.168796,-0.409174,312.9037,185.1453,348.6324,1,False,True
545.3627,-0.062191,1.537632,-0.289402,3.796165,183.5956,357.9323,0,0,0,0,0,0,-0.133922,1.168639,-0.410008,313.2339,185.4919,348.1512,1,False,True
545.3738,-0.062261,1.537219,-0.289815,3.980188,183.4855,357.9049,0,0,0,0,0,0,-0.133955,1.16853,-0.410832,313.5962,185.7354,347.7455,0.631373,False,True
545.385,-0.062284,1.536857,-0.290273,4.199559,183.3528,357.899,0,0,0,0,0,0,-0.13391,1.168499,-0.411756,313.9288,185.8264,347.2942,0.458824,False,True
545.3962,-0.06228,1.536384,-0.29067,4.451986,183.2346,357.8873,0,0,0,0,0,0,-0.133604,1.168318,-0.412551,314.2144,185.8448,346.958,0.137255,False,False
545.4072,-0.062169,1.53589,-0.291083,4.750075,183.0869,357.8947,0,0,0,0,0,0,-0.133145,1.168313,-0.413613,314.4531,185.7198,346.8963,0,False,False
545.4185,-0.061995,1.535384,-0.291505,5.077716,182.9359,357.8979,0,0,0,0,0,0,-0.132688,1.168217,-0.414101,314.5992,185.762,346.9742,0,False,False
545.4296,-0.061751,1.534833,-0.291879,5.44279,182.7626,357.9044,0,0,0,0,0,0,-0.132362,1.168326,-0.414655,314.5735,185.8568,347.1747,0,False,False
545.4405,-0.061473,1.534291,-0.292264,5.832068,182.5753,357.9033,0,0,0,0,0,0,-0.132168,1.168578,-0.415043,314.4626,186.013,347.2007,0,False,False
545.4518,-0.061132,1.53363,-0.292576,6.199531,182.3867,357.8841,0,0,0,0,0,0,-0.131874,1.168607,-0.415015,314.3252,186.1746,347.2701,0,False,False
545.4627,-0.060809,1.533055,-0.292965,6.566453,182.1747,357.8744,0,0,0,0,0,0,-0.131854,1.168593,-0.415152,314.3477,186.6512,347.3695,0,False,False
545.4738,-0.060403,1.532462,-0.293279,6.955897,181.9252,357.8566,0,0,0,0,0,0,-0.131466,1.168828,-0.415791,314.2438,186.7197,347.8189,0,False,False
545.485,-0.059923,1.531862,-0.293619,7.367095,181.6775,357.8326,0,0,0,0,0,0,-0.130861,1.16898,-0.415822,314.0355,186.8149,347.4776,0,False,False
545.4961,-0.059464,1.531184,-0.293898,7.777619,181.4049,357.8038,0,0,0,0,0,0,-0.130572,1.169217,-0.416236,313.9622,186.9315,347.0682,0,False,False
545.5071,-0.058859,1.530479,-0.294177,8.188922,181.1004,357.7639,0,0,0,0,0,0,-0.130178,1.169295,-0.416561,313.9116,187.0678,346.8994,0,False,False
545.5183,-0.058322,1.529799,-0.294541,8.600603,180.8071,357.6979,0,0,0,0,0,0,-0.129721,1.169266,-0.416807,313.9229,187.2424,346.9882,0,False,False
545.5296,-0.057726,1.529098,-0.294812,9.022986,180.4787,357.5943,0,0,0,0,0,0,-0.129166,1.169398,-0.417191,313.8857,187.3445,347.1652,0,False,False
545.5405,-0.057025,1.528379,-0.295016,9.439676,180.1399,357.4904,0,0,0,0,0,0,-0.128594,1.169595,-0.417486,313.8132,187.3636,347.2228,0,False,False
545.5515,-0.056342,1.527697,-0.295276,9.854711,179.7889,357.3689,0,0,0,0,0,0,-0.128088,1.169625,-0.4175,313.7428,187.407,347.0577,0,False,False
545.5627,-0.055566,1.527029,-0.295475,10.2595,179.4206,357.2236,0,0,0,0,0,0,-0.127453,1.169697,-0.417696,313.6918,187.4289,347.023,0,False,False
545.5737,-0.054809,1.526402,-0.295767,10.62851,179.0644,357.0908,0,0,0,0,0,0,-0.126693,1.169846,-0.417941,313.6364,187.3696,347.015,0,False,False
545.5849,-0.05393,1.525911,-0.29606,10.96609,178.6991,356.9112,0,0,0,0,0,0,-0.125868,1.170018,-0.417919,313.545,187.3141,346.9562,0,False,False
545.596,-0.053165,1.525364,-0.29642,11.27888,178.3506,356.7409,0,0,0,0,0,0,-0.125081,1.170257,-0.418119,313.4604,187.2918,346.9031,0,False,False
545.6071,-0.052316,1.52498,-0.296733,11.54275,178.031,356.5771,0,0,0,0,0,0,-0.124298,1.170579,-0.418018,313.3333,187.2671,346.8793,0,False,False
545.6182,-0.051521,1.524613,-0.297048,11.80282,177.7135,356.4217,0,0,0,0,0,0,-0.123438,1.170853,-0.417975,313.2242,187.2188,346.8997,0,False,False
545.6293,-0.050727,1.524245,-0.29732,12.01175,177.3984,356.2907,0,0,0,0,0,0,-0.122503,1.171131,-0.417846,313.1029,187.1124,346.9698,0,False,False
545.6404,-0.049928,1.524013,-0.29764,12.21293,177.1047,356.1812,0,0,0,0,0,0,-0.121368,1.171346,-0.417722,312.9931,186.8731,347.1522,0,False,False
545.6516,-0.049164,1.523745,-0.298013,12.3617,176.8141,356.0726,0,0,0,0,0,0,-0.120256,1.171536,-0.417606,312.8977,186.5639,347.3749,0,False,False
545.6626,-0.04835,1.523561,-0.298329,12.48528,176.5554,355.9859,0,0,0,0,0,0,-0.118935,1.171712,-0.417723,312.8528,186.0085,347.664,0,False,False
545.6738,-0.047578,1.523405,-0.298648,12.60466,176.3021,355.8777,0,0,0,0,0,0,-0.117627,1.171866,-0.417743,312.7979,185.4691,347.9496,0,False,False
545.6851,-0.046791,1.523313,-0.29897,12.68212,176.0827,355.7909,0,0,0,0,0,0,-0.116193,1.17196,-0.41764,312.7404,184.9358,348.3915,0,False,False
545.696,-0.046035,1.523207,-0.299271,12.7616,175.8835,355.7028,0,0,0,0,0,0,-0.11504,1.17207,-0.417604,312.6647,184.6149,348.6454,0,False,False
545.7071,-0.045272,1.523171,-0.299544,12.798,175.7213,355.6296,0,0,0,0,0,0,-0.113978,1.172231,-0.417482,312.5569,184.4167,348.8371,0,False,False
545.7184,-0.044457,1.523174,-0.299698,12.84919,175.5705,355.5661,0,0,0,0,0,0,-0.113026,1.172288,-0.417274,312.4588,184.2731,348.9429,0,False,False
545.73,-0.043729,1.52315,-0.299982,12.87772,175.4277,355.5222,0,0,0,0,0,0,-0.112068,1.172369,-0.417208,312.4093,184.114,349.0401,0,False,False
545.7404,-0.043056,1.523198,-0.300246,12.89982,175.2972,355.4854,0,0,0,0,0,0,-0.111122,1.172333,-0.417337,312.4488,183.9071,349.1762,0,False,False
545.7516,-0.042366,1.52322,-0.300491,12.91364,175.1789,355.471,0,0,0,0,0,0,-0.110207,1.172238,-0.417362,312.4905,183.6618,349.3384,0,False,False
545.7626,-0.041694,1.523277,-0.300718,12.9238,175.101,355.4924,0,0,0,0,0,0,-0.109217,1.172046,-0.417627,312.6209,183.3482,349.5554,0,False,False
545.7737,-0.041018,1.523259,-0.300935,12.90728,175.0216,355.513,0,0,0,0,0,0,-0.108233,1.171809,-0.417932,312.7583,183.0588,349.713,0,False,False
545.7848,-0.040366,1.523287,-0.301202,12.87706,174.9856,355.5634,0,0,0,0,0,0,-0.107304,1.171605,-0.418175,312.8719,182.7911,349.8618,0,False,False
545.796,-0.039703,1.523328,-0.301463,12.85091,174.9738,355.6352,0,0,0,0,0,0,-0.106484,1.171311,-0.418349,312.9753,182.5865,350.012,0,False,False
545.807,-0.039116,1.523387,-0.301712,12.83921,174.9572,355.7092,0,0,0,0,0,0,-0.105794,1.171092,-0.418572,313.0582,182.4409,350.1494,0,False,False
545.8181,-0.03859,1.52341,-0.301958,12.8324,174.9519,355.7813,0,0,0,0,0,0,-0.105253,1.170909,-0.41876,313.1255,182.3247,350.2787,0,False,False
545.8292,-0.038015,1.523327,-0.302081,12.83182,174.9536,355.862,0,0,0,0,0,0,-0.104646,1.170712,-0.418919,313.1898,182.2224,350.36,0,False,False
545.8403,-0.037466,1.523287,-0.302286,12.84173,174.9816,355.9598,0,0,0,0,0,0,-0.103863,1.17064,-0.41912,313.2189,182.1798,350.3137,0,False,False
545.8515,-0.03696,1.52328,-0.302491,12.84843,175.0324,356.0376,0,0,0,0,0,0,-0.103487,1.170595,-0.419219,313.2202,182.1693,350.2326,0,False,False
545.8625,-0.036432,1.523248,-0.302693,12.83536,175.0908,356.1123,0,0,0,0,0,0,-0.103081,1.170608,-0.419365,313.2177,182.1239,350.2747,0,False,False
545.8736,-0.03608,1.523236,-0.302973,12.83566,175.1631,356.214,0,0,0,0,0,0,-0.102684,1.170601,-0.419556,313.2041,182.0291,350.4038,0,False,False
545.8848,-0.035611,1.523194,-0.303173,12.82006,175.2545,356.321,0,0,0,0,0,0,-0.102315,1.170597,-0.419738,313.1815,181.9247,350.5184,0,False,False
545.8959,-0.035152,1.523229,-0.303386,12.82076,175.3457,356.4315,0,0,0,0,0,0,-0.101834,1.170543,-0.419893,313.1678,181.7884,350.6512,0,False,False
545.907,-0.034728,1.523213,-0.303611,12.81996,175.4489,356.5506,0,0,0,0,0,0,-0.101405,1.170666,-0.420206,313.1505,181.645,350.8056,0,False,False
545.9182,-0.034308,1.523186,-0.303845,12.82147,175.5409,356.6789,0,0,0,0,0,0,-0.101119,1.170709,-0.420336,313.1361,181.5265,350.9341,0,False,False
545.9292,-0.033874,1.523236,-0.304084,12.83686,175.6244,356.8218,0,0,0,0,0,0,-0.100874,1.170716,-0.420534,313.1254,181.4492,351.0244,0,False,False
545.9404,-0.033419,1.523267,-0.304384,12.86181,175.71,356.9711,0,0,0,0,0,0,-0.100737,1.170836,-0.420692,313.0885,181.4271,351.0676,0,False,False
545.9515,-0.033013,1.523265,-0.304679,12.90625,175.7679,357.1144,0,0,0,0,0,0,-0.10064,1.170926,-0.420783,313.0387,181.4372,351.1052,0,False,False
545.9627,-0.032626,1.523169,-0.304943,12.95633,175.8142,357.2552,0,0,0,0,0,0,-0.100602,1.171091,-0.420932,312.9909,181.4669,351.1193,0,False,False
545.9737,-0.032224,1.523039,-0.305189,13.01442,175.8588,357.3802,0,0,0,0,0,0,-0.100667,1.171257,-0.42106,312.9074,181.5187,351.1255,0,False,False
545.9848,-0.031726,1.522902,-0.305414,13.11072,175.8974,357.5295,0,0,0,0,0,0,-0.100702,1.171379,-0.421155,312.8432,181.5387,351.1754,0,False,False
545.9959,-0.031254,1.522707,-0.305697,13.21699,175.9265,357.6935,0,0,0,0,0,0,-0.100659,1.171572,-0.421349,312.7822,181.5502,351.2404,0,False,False
546.007,-0.030699,1.522515,-0.306094,13.38274,175.9231,357.885,0,0,0,0,0,0,-0.100661,1.171695,-0.421599,312.7525,181.4857,351.3824,0,False,False
546.0181,-0.030201,1.522197,-0.306466,13.56793,175.8996,358.0836,0,0,0,0,0,0,-0.10064,1.17177,-0.421866,312.7208,181.4338,351.4626,0,False,False
546.0293,-0.02959,1.521837,-0.30681,13.78852,175.8096,358.2831,0,0,0,0,0,0,-0.100544,1.171781,-0.422183,312.7159,181.3242,351.5992,0,False,False
546.0403,-0.028922,1.521414,-0.307191,14.00874,175.7006,358.4758,0,0,0,0,0,0,-0.100264,1.171778,-0.422547,312.7311,181.1815,351.7678,0,False,False
546.0516,-0.028201,1.52094,-0.307593,14.27792,175.5443,358.646,0,0,0,0,0,0,-0.100053,1.171721,-0.422905,312.7707,181.005,351.959,0,False,False
546.0625,-0.027439,1.520398,-0.307947,14.59447,175.3433,358.7921,0,0,0,0,0,0,-0.099783,1.171603,-0.423217,312.894,180.8154,352.0548,0,False,False
546.0736,-0.026722,1.519787,-0.30841,14.92788,175.1418,358.9277,0,0,0,0,0,0,-0.099635,1.171542,-0.423535,312.946,180.7506,352.0455,0,False,False
546.0847,-0.025909,1.519015,-0.308751,15.3402,174.9042,359.062,0,0,0,0,0,0,-0.099656,1.17153,-0.423776,312.9799,180.7447,351.9718,0,False,False
546.0959,-0.025064,1.518272,-0.309083,15.80909,174.6622,359.2101,0,0,0,0,0,0,-0.099736,1.171412,-0.423883,313.0026,180.8062,351.8535,0,False,False
546.1071,-0.024181,1.517349,-0.309396,16.33796,174.3761,359.3791,0,0,0,0,0,0,-0.099579,1.171379,-0.423991,313.015,180.8047,351.8379,0,False,False
546.1182,-0.023247,1.516376,-0.309769,16.89551,174.0454,359.5388,0,0,0,0,0,0,-0.099389,1.171201,-0.424147,313.0691,180.7368,351.8617,0,False,False
546.1299,-0.022303,1.515405,-0.310128,17.46511,173.6872,359.6993,0,0,0,0,0,0,-0.09909,1.171051,-0.424263,313.1264,180.658,351.8763,0,False,False
546.1403,-0.021349,1.514246,-0.310484,18.06785,173.2679,359.8167,0,0,0,0,0,0,-0.098818,1.170819,-0.424363,313.1741,180.5802,351.8749,0,False,False
546.1515,-0.020305,1.513082,-0.310788,18.71616,172.8289,359.9248,0,0,0,0,0,0,-0.098375,1.170538,-0.424363,313.247,180.4282,351.907,0,False,False
546.1625,-0.019209,1.511837,-0.31104,19.43167,172.3525,0.023094,0,0,0,0,0,0,-0.097948,1.170256,-0.424429,313.3245,180.2691,351.9471,0,False,False
546.1736,-0.018123,1.510417,-0.311246,20.15952,171.8766,0.129173,0,0,0,0,0,0,-0.097353,1.169904,-0.424518,313.3833,180.0913,352.0393,0,False,False
546.1848,-0.01693,1.509004,-0.311374,20.97534,171.3233,0.221042,0,0,0,0,0,0,-0.096828,1.169575,-0.424521,313.446,179.9115,352.139,0,False,False
546.1957,-0.015819,1.507591,-0.311461,21.78922,170.7721,0.316841,0,0,0,0,0,0,-0.096213,1.169241,-0.42449,313.5298,179.6899,352.2861,0,False,False
546.2069,-0.014616,1.506105,-0.311487,22.63158,170.1506,0.389895,0,0,0,0,0,0,-0.095541,1.168822,-0.424494,313.6394,179.448,352.4729,0,False,False
546.218,-0.013378,1.504596,-0.311565,23.47703,169.4974,0.436297,0,0,0,0,0,0,-0.094821,1.168453,-0.424484,313.7458,179.2285,352.6386,0,False,False
546.2292,-0.012202,1.503057,-0.311644,24.32682,168.8248,0.44148,0,0,0,0,0,0,-0.094236,1.168021,-0.424548,313.8408,179.07,352.7224,0,False,False
546.2403,-0.010884,1.501475,-0.311575,25.19613,168.1088,0.411645,0,0,0,0,0,0,-0.093666,1.167722,-0.42444,313.9082,178.9935,352.6548,0,False,False
546.2513,-0.009553,1.499858,-0.311428,26.08253,167.3846,0.35366,0,0,0,0,0,0,-0.093309,1.167522,-0.424347,313.9418,178.9948,352.4486,0,False,False
546.2626,-0.008244,1.498122,-0.311223,27.03733,166.6047,0.262817,0,0,0,0,0,0,-0.092814,1.167391,-0.424263,313.9646,178.9934,352.2077,0,False,False
546.2737,-0.006982,1.496488,-0.310999,28.007,165.8217,0.173685,0,0,0,0,0,0,-0.092434,1.167262,-0.424305,313.9781,178.9657,352.0065,0,False,False
546.2846,-0.005794,1.494889,-0.310686,28.936,165.0253,0.057448,0,0,0,0,0,0,-0.091963,1.167116,-0.424231,313.9897,178.9026,351.8495,0,False,False
546.2957,-0.004556,1.493232,-0.310319,29.85771,164.2083,359.9398,0,0,0,0,0,0,-0.091311,1.167077,-0.424198,313.992,178.7578,351.8039,0,False,False
546.3068,-0.003345,1.491555,-0.309972,30.77086,163.3965,359.8121,0,0,0,0,0,0,-0.090639,1.16692,-0.424034,314.013,178.5656,351.8364,0,False,False
546.3181,-0.002132,1.489997,-0.309706,31.62333,162.6048,359.6684,0,0,0,0,0,0,-0.089955,1.166795,-0.42398,314.0471,178.3784,351.8797,0,False,False
546.329,-0.000951,1.488433,-0.309337,32.41822,161.8202,359.5135,0,0,0,0,0,0,-0.089269,1.166771,-0.423926,314.088,178.2356,351.8268,0,False,False
546.3403,0.000165,1.486965,-0.30909,33.25047,161.0492,359.3392,0,0,0,0,0,0,-0.088613,1.1668,-0.423881,314.114,178.1467,351.684,0,False,False
546.3514,0.001217,1.485526,-0.308582,34.03041,160.3141,359.174,0,0,0,0,0,0,-0.088117,1.166728,-0.423964,314.124,178.0722,351.5511,0,False,False
546.3623,0.002186,1.484202,-0.30819,34.80453,159.5979,358.9998,0,0,0,0,0,0,-0.087643,1.166759,-0.423862,314.1111,178.05,351.3678,0,False,False
546.3735,0.00317,1.482947,-0.307771,35.48029,158.9243,358.8507,0,0,0,0,0,0,-0.087171,1.166812,-0.423774,314.08,178.0059,351.2429,0,False,False
546.3847,0.0041,1.481894,-0.307385,36.06547,158.3323,358.7491,0,0,0,0,0,0,-0.086545,1.166844,-0.423622,314.0297,177.9162,351.1389,0,False,False
546.3958,0.004985,1.480969,-0.30712,36.55222,157.7832,358.6636,0,0,0,0,0,0,-0.085968,1.166924,-0.423596,313.9985,177.8286,351.0371,0,False,False
546.4068,0.005841,1.480183,-0.306924,36.90143,157.3103,358.6129,0,0,0,0,0,0,-0.085355,1.16702,-0.423524,313.9542,177.6995,350.9906,0,False,False
546.418,0.006652,1.479498,-0.306977,37.17846,156.8793,358.5704,0,0,0,0,0,0,-0.084821,1.167034,-0.423414,313.9279,177.554,350.9608,0,False,False
546.4291,0.007457,1.479054,-0.307017,37.32442,156.5528,358.5809,0,0,0,0,0,0,-0.084215,1.167138,-0.423418,313.9226,177.3701,350.9309,0,False,False
546.4402,0.008175,1.478549,-0.307031,37.53448,156.2064,358.5737,0,0,0,0,0,0,-0.083461,1.167271,-0.423415,313.9198,177.1983,350.9037,0,False,False
546.4512,0.008861,1.47814,-0.307014,37.68924,155.9689,358.6449,0,0,0,0,0,0,-0.082767,1.167364,-0.42334,313.9136,177.0332,350.8687,0,False,False
546.4624,0.00942,1.477836,-0.306946,37.85997,155.7881,358.7252,0,0,0,0,0,0,-0.082182,1.167484,-0.423246,313.8998,176.9016,350.8211,0,False,False
546.4734,0.009961,1.4776,-0.306897,38.02692,155.6195,358.842,0,0,0,0,0,0,-0.081629,1.16756,-0.423122,313.8623,176.8027,350.7671,0,False,False
546.4846,0.010433,1.477457,-0.306863,38.14658,155.5595,359.0181,0,0,0,0,0,0,-0.081099,1.167746,-0.422806,313.8024,176.7487,350.6775,0,False,False
546.4956,0.010784,1.477331,-0.306869,38.22878,155.5287,359.1978,0,0,0,0,0,0,-0.0806,1.167964,-0.422549,313.7537,176.7018,350.597,0,False,False
546.5068,0.011261,1.477203,-0.306884,38.30943,155.5133,359.3741,0,0,0,0,0,0,-0.080064,1.168066,-0.422281,313.7143,176.6026,350.5751,0,False,False
546.5178,0.011611,1.477119,-0.306895,38.38868,155.5483,359.5449,0,0,0,0,0,0,-0.079448,1.16818,-0.422157,313.7104,176.4707,350.5563,0,False,False
546.5289,0.012036,1.476998,-0.30689,38.46904,155.6069,359.7101,0,0,0,0,0,0,-0.07873,1.168266,-0.42188,313.7065,176.2939,350.5239,0,False,False
546.5402,0.012316,1.476838,-0.306832,38.54762,155.6746,359.8676,0,0,0,0,0,0,-0.07802,1.168252,-0.42166,313.7307,176.012,350.5751,0,False,False
546.5511,0.012614,1.476656,-0.306838,38.66162,155.7682,0.040884,0,0,0,0,0,0,-0.077292,1.168233,-0.421427,313.7447,175.7015,350.7269,0,False,False
546.5623,0.012769,1.476529,-0.306811,38.78438,155.8879,0.220403,0,0,0,0,0,0,-0.076548,1.168225,-0.421148,313.7278,175.3976,350.9065,0,False,False
546.5734,0.012952,1.47643,-0.30678,38.89771,156.0451,0.434227,0,0,0,0,0,0,-0.075841,1.168274,-0.420864,313.7003,175.1674,351.0247,0,False,False
546.5845,0.013161,1.47628,-0.306806,38.98751,156.1928,0.642256,0,0,0,0,0,0,-0.075261,1.168312,-0.420552,313.6495,174.9756,351.1671,0,False,False
546.5956,0.013293,1.476182,-0.306781,39.0682,156.3547,0.851581,0,0,0,0,0,0,-0.074836,1.168181,-0.420198,313.6164,174.8511,351.2942,0,False,False
546.6068,0.013442,1.47606,-0.306828,39.12821,156.5139,1.04501,0,0,0,0,0,0,-0.074318,1.168186,-0.419874,313.5905,174.692,351.4002,0,False,False
546.6179,0.013565,1.475893,-0.306852,39.19974,156.6733,1.210405,0,0,0,0,0,0,-0.073895,1.168226,-0.419593,313.5691,174.5818,351.4242,0,False,False
546.629,0.013726,1.475734,-0.306897,39.28148,156.8355,1.354974,0,0,0,0,0,0,-0.073502,1.168319,-0.419382,313.5579,174.4603,351.4026,0,False,False
546.64,0.013778,1.475551,-0.306826,39.39258,156.9951,1.501004,0,0,0,0,0,0,-0.073108,1.168391,-0.419152,313.5489,174.338,351.4088,0,False,False
546.6512,0.013924,1.475387,-0.306769,39.5116,157.1695,1.60385,0,0,0,0,0,0,-0.072645,1.16849,-0.419002,313.5675,174.17,351.4251,0,False,False
546.6626,0.014011,1.475261,-0.306655,39.63142,157.3372,1.703008,0,0,0,0,0,0,-0.072159,1.16856,-0.418798,313.582,173.9587,351.5013,0,False,False
546.6733,0.014102,1.475078,-0.30653,39.73193,157.4696,1.741479,0,0,0,0,0,0,-0.071827,1.168621,-0.418551,313.5889,173.779,351.6154,0,False,False
546.6845,0.014245,1.474852,-0.3065,39.81986,157.6048,1.780016,0,0,0,0,0,0,-0.071313,1.168751,-0.418328,313.5864,173.6054,351.7257,0,False,False
546.6957,0.014375,1.474626,-0.306366,39.90237,157.684,1.774608,0,0,0,0,0,0,-0.07102,1.168899,-0.418073,313.5657,173.5148,351.7653,0,False,False
546.7067,0.014553,1.474373,-0.306281,39.98279,157.7647,1.781216,0,0,0,0,0,0,-0.070712,1.16905,-0.417796,313.5345,173.4317,351.791,0,False,False
546.718,0.014723,1.474186,-0.306224,40.08531,157.8289,1.788869,0,0,0,0,0,0,-0.070282,1.168993,-0.417251,313.496,173.3669,351.8475,0,False,False
546.7288,0.014833,1.473932,-0.306021,40.17577,157.9008,1.808598,0,0,0,0,0,0,-0.070053,1.169056,-0.416878,313.452,173.3303,351.8943,0,False,False
546.7401,0.014979,1.473711,-0.305834,40.27691,157.9652,1.829246,0,0,0,0,0,0,-0.069849,1.169199,-0.416616,313.4211,173.26,351.9177,0,False,False
546.751,0.015091,1.473499,-0.305573,40.37231,158.04,1.875659,0,0,0,0,0,0,-0.069555,1.169406,-0.41635,313.3835,173.1928,351.9507,0,False,False
546.7622,0.015285,1.473312,-0.305412,40.45782,158.1358,1.943118,0,0,0,0,0,0,-0.069312,1.169556,-0.415968,313.3407,173.166,351.925,0,False,False
546.7734,0.015444,1.473122,-0.305114,40.52437,158.2016,1.99056,0,0,0,0,0,0,-0.069118,1.169723,-0.415609,313.3017,173.1369,351.8995,0,False,False
546.7846,0.01572,1.472913,-0.3048,40.58999,158.2648,2.022245,0,0,0,0,0,0,-0.068791,1.169739,-0.414995,313.2916,173.0594,351.9381,0,False,False
546.7956,0.015909,1.472744,-0.304514,40.66269,158.3146,2.059803,0,0,0,0,0,0,-0.068522,1.169847,-0.414643,313.2867,172.9826,351.979,0,False,False
546.8067,0.016061,1.472553,-0.304179,40.72327,158.3695,2.115005,0,0,0,0,0,0,-0.068218,1.169977,-0.414289,313.3125,172.8569,352.0599,0,False,False
546.8177,0.016198,1.472373,-0.30382,40.81035,158.43,2.170441,0,0,0,0,0,0,-0.067912,1.170063,-0.41402,313.3233,172.7495,352.1098,0,False,False
546.829,0.016335,1.472233,-0.303445,40.91443,158.5004,2.234984,0,0,0,0,0,0,-0.067579,1.170089,-0.413656,313.3215,172.5928,352.2473,0,False,False
546.8401,0.016471,1.472077,-0.303075,41.01688,158.5599,2.30253,0,0,0,0,0,0,-0.067291,1.170058,-0.413255,313.3123,172.4894,352.3566,0,False,False
546.8512,0.016632,1.471925,-0.302655,41.09469,158.6205,2.363962,0,0,0,0,0,0,-0.067112,1.170108,-0.412859,313.2826,172.4333,352.455,0,False,False
546.8622,0.016789,1.471763,-0.302265,41.17561,158.676,2.433217,0,0,0,0,0,0,-0.06698,1.170074,-0.412352,313.2379,172.393,352.5401,0,False,False
546.8733,0.016972,1.471576,-0.301915,41.23162,158.7146,2.502742,0,0,0,0,0,0,-0.066901,1.17016,-0.412032,313.2133,172.3228,352.6068,0,False,False
546.8844,0.017163,1.471459,-0.301573,41.2929,158.7481,2.557802,0,0,0,0,0,0,-0.066794,1.170219,-0.411584,313.1838,172.2694,352.6765,0,False,False
546.8955,0.017375,1.471366,-0.301255,41.35142,158.7942,2.623195,0,0,0,0,0,0,-0.066581,1.170431,-0.411167,313.1445,172.2236,352.7551,0,False,False
546.9066,0.017546,1.471226,-0.300905,41.42281,158.837,2.684567,0,0,0,0,0,0,-0.066572,1.170613,-0.410794,313.0959,172.2254,352.784,0,False,False
546.9177,0.017724,1.471121,-0.300503,41.50119,158.8714,2.741732,0,0,0,0,0,0,-0.066719,1.170746,-0.410389,313.0307,172.2334,352.8051,0,False,False
546.9288,0.017897,1.471051,-0.300092,41.59362,158.9297,2.813242,0,0,0,0,0,0,-0.066788,1.170946,-0.41007,312.9735,172.2384,352.8615,0,False,False
546.9408,0.018001,1.470963,-0.299702,41.68208,158.9761,2.879911,0,0,0,0,0,0,-0.066801,1.171073,-0.409754,312.9306,172.2077,352.9221,0,False,False
546.951,0.018175,1.470908,-0.299362,41.75348,159.0186,2.951572,0,0,0,0,0,0,-0.066884,1.171182,-0.40946,312.9148,172.174,352.9543,0,False,False
546.9621,0.018274,1.47084,-0.299022,41.80935,159.0609,3.027471,0,0,0,0,0,0,-0.066913,1.171296,-0.40923,312.9232,172.1513,352.9745,0,False,False
546.9733,0.018436,1.470824,-0.298731,41.86225,159.0957,3.102027,0,0,0,0,0,0,-0.06683,1.171481,-0.408988,312.9141,172.1424,352.9839,0,False,False
546.9844,0.01856,1.470797,-0.298435,41.89856,159.1497,3.173846,0,0,0,0,0,0,-0.066922,1.171623,-0.408802,312.9181,172.1519,352.9814,0,False,False
546.9955,0.018651,1.470753,-0.298114,41.93206,159.1756,3.237804,0,0,0,0,0,0,-0.066986,1.171823,-0.408586,312.9089,172.1767,352.9657,0,False,False
547.0065,0.018735,1.470765,-0.297798,41.96555,159.2154,3.294297,0,0,0,0,0,0,-0.067049,1.171955,-0.408357,312.8926,172.1903,352.9682,0,False,False
547.0177,0.018843,1.470758,-0.29747,42.0019,159.2623,3.352306,0,0,0,0,0,0,-0.067132,1.172095,-0.408062,312.8408,172.2051,352.9451,0,False,False
547.0287,0.018999,1.470755,-0.297171,42.03358,159.3058,3.407618,0,0,0,0,0,0,-0.06713,1.172176,-0.407635,312.7999,172.1848,352.9594,0,False,False
547.0399,0.01909,1.470756,-0.296864,42.06268,159.34,3.453267,0,0,0,0,0,0,-0.067089,1.172271,-0.407421,312.7786,172.1084,353.0412,0,False,False
547.051,0.019211,1.470703,-0.296562,42.08194,159.3725,3.495591,0,0,0,0,0,0,-0.066957,1.172311,-0.407207,312.7705,172.0062,353.1373,0,False,False
547.0621,0.019356,1.470721,-0.296296,42.09556,159.4061,3.547909,0,0,0,0,0,0,-0.066879,1.172392,-0.407015,312.7688,171.8984,353.2118,0,False,False
547.0732,0.019423,1.470732,-0.296071,42.09998,159.4391,3.604138,0,0,0,0,0,0,-0.066634,1.172487,-0.40695,312.7927,171.7325,353.3018,0,False,False
547.0844,0.019511,1.470738,-0.295865,42.091,159.4795,3.67115,0,0,0,0,0,0,-0.066556,1.172609,-0.406801,312.7978,171.628,353.3698,0,False,False
547.0954,0.019617,1.470748,-0.295626,42.09709,159.5147,3.710006,0,0,0,0,0,0,-0.066448,1.172685,-0.406658,312.7945,171.5332,353.4647,0,False,False
547.1065,0.019676,1.470727,-0.295444,42.1156,159.5279,3.756306,0,0,0,0,0,0,-0.06634,1.172697,-0.40651,312.783,171.5194,353.5112,0,False,False
547.1176,0.019787,1.470681,-0.295183,42.12359,159.5579,3.797667,0,0,0,0,0,0,-0.066398,1.172837,-0.406341,312.7473,171.5516,353.4712,0,False,False
547.1288,0.019843,1.470668,-0.294952,42.14778,159.5694,3.834879,0,0,0,0,0,0,-0.066391,1.172915,-0.406151,312.6989,171.5884,353.4317,0,False,False
547.14,0.019826,1.47057,-0.2946,42.17692,159.5956,3.870928,0,0,0,0,0,0,-0.066365,1.173047,-0.405956,312.6556,171.5727,353.4444,0,False,False
547.1509,0.019821,1.470567,-0.294399,42.2087,159.5858,3.888742,0,0,0,0,0,0,-0.066376,1.173235,-0.40573,312.6171,171.526,353.4792,0,False,False
547.162,0.019867,1.470537,-0.29421,42.22467,159.6116,3.934305,0,0,0,0,0,0,-0.066381,1.173368,-0.405582,312.5887,171.4818,353.5226,0,False,False
547.1732,0.019864,1.470518,-0.294067,42.24707,159.6016,3.933331,0,0,0,0,0,0,-0.066376,1.173346,-0.405451,312.5918,171.4051,353.6069,0,False,False
547.1843,0.019868,1.47054,-0.293951,42.2669,159.6084,3.971577,0,0,0,0,0,0,-0.066346,1.173426,-0.405383,312.5868,171.3485,353.6512,0,False,False
547.1954,0.01985,1.470554,-0.293873,42.29062,159.6174,4.007646,0,0,0,0,0,0,-0.066278,1.173496,-0.40523,312.5703,171.2785,353.7,0,False,False
547.2065,0.019862,1.470478,-0.293709,42.30234,159.6267,4.026707,0,0,0,0,0,0,-0.066328,1.173533,-0.405069,312.5501,171.2598,353.7052,0,False,False
547.2177,0.019911,1.470465,-0.293537,42.32788,159.6534,4.066044,0,0,0,0,0,0,-0.066344,1.173594,-0.404941,312.5379,171.2223,353.7288,0,False,False
547.2286,0.01991,1.470425,-0.293392,42.34679,159.6838,4.120006,0,0,0,0,0,0,-0.066405,1.173684,-0.404685,312.5048,171.2129,353.7146,0,False,False
547.2398,0.019836,1.470405,-0.293187,42.36871,159.6898,4.157336,0,0,0,0,0,0,-0.066451,1.173778,-0.404431,312.4691,171.1951,353.7252,0,False,False
547.2509,0.019834,1.470385,-0.293041,42.388,159.706,4.199617,0,0,0,0,0,0,-0.066468,1.173843,-0.404199,312.4271,171.2016,353.7392,0,False,False
547.2621,0.019804,1.47036,-0.292929,42.40647,159.7192,4.227813,0,0,0,0,0,0,-0.066534,1.173889,-0.403968,312.3756,171.2317,353.7477,0,False,False
547.2732,0.019783,1.470392,-0.292874,42.40804,159.7186,4.245707,0,0,0,0,0,0,-0.06658,1.17403,-0.403891,312.3319,171.2516,353.7614,0,False,False
547.2842,0.019708,1.47045,-0.292777,42.4257,159.7193,4.25548,0,0,0,0,0,0,-0.066671,1.174026,-0.403772,312.3183,171.2759,353.8012,0,False,False
547.2953,0.019684,1.470485,-0.292646,42.4348,159.7349,4.284116,0,0,0,0,0,0,-0.06672,1.173968,-0.403739,312.3376,171.2552,353.8562,0,False,False
547.3065,0.019716,1.470433,-0.292511,42.44968,159.7498,4.293784,0,0,0,0,0,0,-0.066689,1.173923,-0.403584,312.3654,171.2324,353.8723,0,False,False
547.3176,0.01968,1.470439,-0.292398,42.44856,159.7545,4.301264,0,0,0,0,0,0,-0.066741,1.173884,-0.403483,312.4137,171.1941,353.8465,0,False,False
547.3286,0.019637,1.470422,-0.292262,42.46306,159.7778,4.316577,0,0,0,0,0,0,-0.066744,1.173793,-0.403402,312.4552,171.1737,353.8254,0,False,False
547.3397,0.019553,1.470425,-0.292182,42.47377,159.7803,4.325436,0,0,0,0,0,0,-0.066835,1.173708,-0.403323,312.4911,171.1685,353.808,0,False,False
547.3508,0.019494,1.470446,-0.292153,42.48993,159.7887,4.332305,0,0,0,0,0,0,-0.067019,1.173645,-0.403268,312.4846,171.2395,353.7619,0,False,False
547.3621,0.019434,1.470387,-0.292061,42.49919,159.8077,4.356035,0,0,0,0,0,0,-0.067239,1.173693,-0.403148,312.447,171.3582,353.6949,0,False,False
547.3732,0.019347,1.470335,-0.291952,42.51688,159.8156,4.364802,0,0,0,0,0,0,-0.067417,1.173682,-0.403103,312.4301,171.4581,353.6317,0,False,False
547.3842,0.019257,1.470289,-0.291859,42.52806,159.8272,4.378855,0,0,0,0,0,0,-0.067611,1.173746,-0.403038,312.4184,171.5271,353.5774,0,False,False
547.3952,0.019173,1.470258,-0.291808,42.54726,159.838,4.376,0,0,0,0,0,0,-0.067765,1.173778,-0.402957,312.3989,171.5725,353.5149,0,False,False
547.4064,0.019058,1.470242,-0.291771,42.55854,159.86,4.377087,0,0,0,0,0,0,-0.067881,1.173753,-0.402931,312.3954,171.5855,353.4829,0,False,False
547.4175,0.018985,1.47021,-0.291658,42.57028,159.8835,4.375958,0,0,0,0,0,0,-0.067983,1.17369,-0.402886,312.3959,171.5598,353.5107,0,False,False
547.4286,0.018857,1.470164,-0.291552,42.58009,159.9151,4.386486,0,0,0,0,0,0,-0.068062,1.173696,-0.402823,312.3813,171.567,353.5031,0,False,False
547.4398,0.018723,1.470143,-0.291493,42.60207,159.9363,4.370983,0,0,0,0,0,0,-0.068116,1.173709,-0.40281,312.364,171.5423,353.5572,0,False,False
547.4508,0.018614,1.470122,-0.291425,42.62033,160.0005,4.417365,0,0,0,0,0,0,-0.068238,1.173674,-0.402801,312.357,171.5515,353.5662,0,False,False
547.462,0.018543,1.470114,-0.291348,42.63175,160.035,4.436,0,0,0,0,0,0,-0.068253,1.17366,-0.402705,312.3484,171.5712,353.553,0.023529,False,False
547.4731,0.018468,1.470095,-0.291245,42.64846,160.0803,4.466367,0,0,0,0,0,0,-0.068342,1.173673,-0.402659,312.3607,171.6067,353.4846,0.070588,False,False
547.4841,0.018369,1.47007,-0.291189,42.66113,160.1266,4.491104,0,0,0,0,0,0,-0.068445,1.173671,-0.402699,312.3852,171.6461,353.3858,0.090196,False,False
547.4953,0.018317,1.470009,-0.29109,42.67749,160.1868,4.513007,0,0,0,0,0,0,-0.068477,1.173654,-0.402738,312.3892,171.6836,353.2771,0.196078,False,False
547.5064,0.018261,1.470001,-0.291059,42.69445,160.2534,4.54581,0,0,0,0,0,0,-0.068515,1.173655,-0.402749,312.3791,171.7181,353.1707,0.34902,False,True
547.5175,0.018138,1.470014,-0.291005,42.72091,160.3051,4.571105,0,0,0,0,0,0,-0.068578,1.173686,-0.402694,312.364,171.7597,353.0781,0.458824,False,True
547.5286,0.018014,1.470018,-0.290909,42.74083,160.3581,4.593467,0,0,0,0,0,0,-0.068594,1.173583,-0.402543,312.338,171.7553,353.0811,0.882353,False,True
547.5398,0.01787,1.470039,-0.290793,42.75619,160.4085,4.624441,0,0,0,0,0,0,-0.068565,1.173525,-0.402619,312.3818,171.7313,353.1006,1,False,True
547.5508,0.017828,1.470057,-0.290681,42.77264,160.4562,4.676614,0,0,0,0,0,0,-0.068506,1.173268,-0.402068,312.3559,171.6858,353.0208,1,False,True
547.562,0.0178,1.47013,-0.290619,42.7706,160.4901,4.690717,0,0,0,0,0,0,-0.068377,1.173336,-0.401997,312.3278,171.5108,352.8829,1,False,True
547.5731,0.017744,1.470155,-0.290525,42.75786,160.4983,4.689111,0,0,0,0,0,0,-0.068108,1.173385,-0.401588,312.2233,171.2441,352.9048,1,False,True
547.5841,0.017737,1.470218,-0.290473,42.74983,160.5214,4.697311,0,0,0,0,0,0,-0.067683,1.173339,-0.401381,312.178,170.9134,353.0186,1,False,True
547.5952,0.017693,1.470265,-0.290377,42.75027,160.524,4.692678,0,0,0,0,0,0,-0.067232,1.173681,-0.400448,311.9361,170.4358,353.2388,1,False,True
547.6064,0.017674,1.47031,-0.290245,42.73452,160.5335,4.693266,0,0,0,0,0,0,-0.066429,1.173705,-0.400238,311.7537,169.9927,353.5803,1,False,True
547.6176,0.017625,1.470388,-0.290147,42.73998,160.5385,4.704748,0,0,0,0,0,0,-0.06612,1.173915,-0.399839,311.5533,169.6706,353.9352,1,False,True
547.6286,0.017586,1.47044,-0.290007,42.72479,160.5386,4.715408,0,0,0,0,0,0,-0.065507,1.17417,-0.399267,311.2476,169.3637,354.5272,1,False,True
547.6396,0.017555,1.470473,-0.289875,42.72449,160.5408,4.719897,0,0,0,0,0,0,-0.06494,1.174409,-0.398614,310.9304,169.1221,355.1448,1,False,True
547.6508,0.017577,1.470475,-0.289692,42.72388,160.5295,4.714448,0,0,0,0,0,0,-0.064544,1.174578,-0.398043,310.7208,168.9519,355.6262,1,False,True
547.6619,0.017541,1.470483,-0.289553,42.71399,160.5222,4.711336,0,0,0,0,0,0,-0.064166,1.174675,-0.397571,310.5743,168.7991,355.8279,1,False,True
547.673,0.017511,1.470486,-0.289397,42.7178,160.5092,4.691668,0,0,0,0,0,0,-0.064033,1.174776,-0.397317,310.5526,168.7838,355.6512,1,False,True
547.6841,0.017483,1.470534,-0.289257,42.71697,160.5076,4.688141,0,0,0,0,0,0,-0.063816,1.174801,-0.397248,310.6605,168.8323,355.4467,1,False,True
547.6952,0.017491,1.47054,-0.289155,42.71149,160.509,4.686172,0,0,0,0,0,0,-0.063612,1.174768,-0.397455,310.8275,168.9454,355.2185,1,False,True
547.7064,0.017452,1.470564,-0.28901,42.71096,160.5008,4.682489,0,0,0,0,0,0,-0.063552,1.174684,-0.397537,310.9549,169.0803,355.0674,1,False,True
547.7175,0.017452,1.470555,-0.288891,42.70609,160.5143,4.682359,0,0,0,0,0,0,-0.063671,1.174562,-0.397849,311.1192,169.3451,355.0111,1,False,True
547.7285,0.017414,1.470576,-0.288731,42.70177,160.5197,4.67827,0,0,0,0,0,0,-0.063687,1.17444,-0.397806,311.2405,169.5388,355.0107,1,False,True
547.7396,0.017394,1.470627,-0.288587,42.70982,160.5316,4.673212,0,0,0,0,0,0,-0.063778,1.174287,-0.398107,311.388,169.7135,355.0875,1,False,True
547.7507,0.017349,1.470665,-0.288458,42.70753,160.5508,4.673108,0,0,0,0,0,0,-0.063911,1.174037,-0.398306,311.5652,169.8495,355.1263,0.976471,False,True
547.7618,0.017306,1.470733,-0.288297,42.699,160.5639,4.671583,0,0,0,0,0,0,-0.064056,1.173842,-0.398451,311.6769,169.9344,355.0793,0.835294,False,True
547.7729,0.017258,1.470787,-0.288132,42.68649,160.5823,4.661106,0,0,0,0,0,0,-0.064231,1.173697,-0.398711,311.8145,169.9721,354.9554,0.501961,False,True
547.784,0.01722,1.470849,-0.287994,42.67784,160.6006,4.669322,0,0,0,0,0,0,-0.064326,1.173542,-0.398949,311.9389,170.0094,354.9353,0.227451,False,True
547.7952,0.017172,1.470923,-0.287823,42.6616,160.6336,4.670074,0,0,0,0,0,0,-0.064514,1.173594,-0.399261,312.0363,170.0698,355.0115,0.027451,False,False
547.8063,0.017108,1.47096,-0.287674,42.64606,160.6421,4.671744,0,0,0,0,0,0,-0.064729,1.173673,-0.399675,312.1446,170.1827,355.0452,0,False,False
547.8173,0.017086,1.471044,-0.287493,42.63938,160.6682,4.681899,0,0,0,0,0,0,-0.065009,1.17365,-0.399752,312.207,170.366,355.0382,0,False,False
547.8285,0.017038,1.471138,-0.287319,42.62673,160.6926,4.693908,0,0,0,0,0,0,-0.065462,1.173693,-0.399798,312.2083,170.6486,354.9732,0,False,False
547.8397,0.017003,1.471242,-0.28712,42.61413,160.7071,4.69034,0,0,0,0,0,0,-0.066002,1.173714,-0.399792,312.2236,170.9017,354.8598,0,False,False
547.8506,0.016929,1.471334,-0.286955,42.59116,160.7305,4.683628,0,0,0,0,0,0,-0.066403,1.17377,-0.399997,312.2554,171.1216,354.6538,0,False,False
547.8619,0.016896,1.471417,-0.286759,42.56755,160.7538,4.671876,0,0,0,0,0,0,-0.066817,1.173749,-0.400257,312.3313,171.2969,354.5154,0,False,False
547.8728,0.016859,1.471487,-0.286625,42.54282,160.796,4.671753,0,0,0,0,0,0,-0.067109,1.173707,-0.400413,312.4279,171.4319,354.3927,0,False,False
547.884,0.016741,1.471602,-0.286487,42.51609,160.806,4.637086,0,0,0,0,0,0,-0.067491,1.173782,-0.40063,312.5273,171.55,354.2354,0,False,False
547.8951,0.01666,1.471681,-0.286336,42.49632,160.849,4.627432,0,0,0,0,0,0,-0.067794,1.173799,-0.400719,312.6094,171.6637,354.0902,0,False,False
547.9062,0.016576,1.471762,-0.286173,42.47086,160.8918,4.6162,0,0,0,0,0,0,-0.068051,1.173792,-0.400796,312.6856,171.7708,353.9567,0,False,False
547.9172,0.016512,1.471835,-0.285974,42.43841,160.9326,4.587356,0,0,0,0,0,0,-0.068246,1.17373,-0.400779,312.729,171.8338,353.9054,0,False,False
547.9283,0.016401,1.47192,-0.285804,42.41075,160.981,4.573011,0,0,0,0,0,0,-0.068323,1.173692,-0.400787,312.7489,171.8769,353.9301,0,False,False
547.9395,0.01631,1.47201,-0.285667,42.36946,161.0501,4.551355,0,0,0,0,0,0,-0.068366,1.173712,-0.40061,312.7356,171.8714,354.0363,0,False,False
547.9506,0.016194,1.472064,-0.285578,42.31726,161.1139,4.535866,0,0,0,0,0,0,-0.068387,1.173674,-0.400514,312.7311,171.8495,354.1353,0,False,False
547.9618,0.016066,1.472127,-0.285488,42.26558,161.1857,4.532319,0,0,0,0,0,0,-0.068405,1.173716,-0.400299,312.6971,171.8038,354.2273,0,False,False
547.9728,0.015973,1.472201,-0.285372,42.21919,161.2617,4.524008,0,0,0,0,0,0,-0.068302,1.173782,-0.400046,312.6656,171.7555,354.2653,0,False,False
547.9839,0.01587,1.472301,-0.285308,42.1834,161.3441,4.509549,0,0,0,0,0,0,-0.068242,1.173857,-0.399795,312.6437,171.7241,354.2708,0,False,False
547.9951,0.015716,1.472361,-0.285227,42.1545,161.4231,4.494982,0,0,0,0,0,0,-0.068167,1.173882,-0.399485,312.6206,171.6875,354.2923,0,False,False
548.0062,0.015565,1.47245,-0.285162,42.12239,161.5042,4.483988,0,0,0,0,0,0,-0.068143,1.173875,-0.399212,312.6105,171.6604,354.3392,0,False,False
548.0173,0.015402,1.472523,-0.285054,42.08759,161.6064,4.484354,0,0,0,0,0,0,-0.068058,1.17392,-0.398936,312.5933,171.5955,354.4127,0,False,False
548.0283,0.015239,1.472613,-0.284967,42.06697,161.7107,4.493132,0,0,0,0,0,0,-0.067991,1.173978,-0.398695,312.6072,171.5017,354.4783,0,False,False
548.0396,0.015043,1.472707,-0.284849,42.03925,161.8052,4.508737,0,0,0,0,0,0,-0.067866,1.173999,-0.398452,312.6135,171.3944,354.5439,0,False,False
548.0505,0.014822,1.472821,-0.284798,42.01215,161.9185,4.531961,0,0,0,0,0,0,-0.067825,1.173967,-0.39819,312.6208,171.311,354.608,0,False,False
548.0618,0.014627,1.472939,-0.284677,41.98061,162.0222,4.541619,0,0,0,0,0,0,-0.067771,1.173985,-0.397968,312.6167,171.2462,354.6681,0,False,False
548.0728,0.014513,1.472997,-0.284522,41.92946,162.1169,4.535198,0,0,0,0,0,0,-0.067858,1.174001,-0.397634,312.5891,171.2423,354.7055,0,False,False
548.0839,0.014373,1.473122,-0.284446,41.88461,162.2237,4.519644,0,0,0,0,0,0,-0.067895,1.174052,-0.397415,312.5769,171.2362,354.7168,0,False,False
548.095,0.014214,1.473238,-0.284354,41.82809,162.3457,4.515628,0,0,0,0,0,0,-0.068004,1.17407,-0.397198,312.5819,171.2538,354.6995,0,False,False
548.1062,0.014103,1.47336,-0.284295,41.78458,162.4473,4.501613,0,0,0,0,0,0,-0.067666,1.173903,-0.396734,312.5863,171.2594,354.6715,0,False,False
548.1173,0.013958,1.473463,-0.284185,41.7185,162.5676,4.495637,0,0,0,0,0,0,-0.067811,1.173919,-0.396597,312.6368,171.3213,354.5031,0,False,False
548.1285,0.013803,1.473615,-0.284084,41.67426,162.6755,4.487062,0,0,0,0,0,0,-0.067879,1.173969,-0.396474,312.681,171.363,354.3031,0,False,False
548.1396,0.013659,1.473796,-0.284029,41.59278,162.7882,4.466018,0,0,0,0,0,0,-0.067991,1.173961,-0.396379,312.7397,171.4217,354.143,0,False,False
548.1505,0.013484,1.474003,-0.283961,41.48642,162.8907,4.438583,0,0,0,0,0,0,-0.068138,1.17389,-0.396349,312.8091,171.4983,354.0394,0,False,False
548.1616,0.013324,1.474254,-0.283929,41.3601,163.0005,4.413823,0,0,0,0,0,0,-0.068351,1.173783,-0.396184,312.8699,171.5983,353.8936,0,False,False
548.1728,0.013144,1.474553,-0.283914,41.21525,163.1122,4.367621,0,0,0,0,0,0,-0.068486,1.173707,-0.396051,312.988,171.7662,353.6779,0,False,False
548.1839,0.012933,1.474986,-0.283959,41.01062,163.2215,4.3116,0,0,0,0,0,0,-0.068793,1.173631,-0.396012,313.1476,171.9516,353.4342,0,False,False
548.1949,0.012803,1.475481,-0.284056,40.74778,163.3505,4.229613,0,0,0,0,0,0,-0.069051,1.173432,-0.395991,313.4366,172.2692,353.0235,0,False,False
548.2062,0.012641,1.476129,-0.284137,40.40873,163.4771,4.129049,0,0,0,0,0,0,-0.069309,1.173225,-0.395947,313.6721,172.5258,352.637,0,False,False
548.2172,0.012557,1.47712,-0.284308,39.90533,163.6263,3.993564,0,0,0,0,0,0,-0.069526,1.173002,-0.395803,313.9413,172.8044,352.2003,0,False,False
548.2283,0.012408,1.478295,-0.284593,39.2992,163.8071,3.857615,0,0,0,0,0,0,-0.069697,1.172695,-0.395542,314.1601,173.0371,351.8194,0,False,False
548.2395,0.012278,1.480014,-0.285052,38.46206,164.009,3.658148,0,0,0,0,0,0,-0.069853,1.172482,-0.39526,314.3379,173.2191,351.5793,0,False,False
548.2505,0.012096,1.481759,-0.285519,37.53399,164.241,3.467272,0,0,0,0,0,0,-0.069991,1.172159,-0.394743,314.3806,173.2373,351.694,0,False,False
548.2617,0.011901,1.483748,-0.286135,36.45565,164.496,3.281133,0,0,0,0,0,0,-0.070071,1.171924,-0.394285,314.4221,173.2943,351.7567,0,False,False
548.2727,0.011645,1.485698,-0.286619,35.37945,164.7355,3.087352,0,0,0,0,0,0,-0.06998,1.171739,-0.393695,314.3503,173.2826,352.0158,0,False,False
548.2838,0.011343,1.487636,-0.28709,34.29229,164.9818,2.925671,0,0,0,0,0,0,-0.070041,1.171558,-0.393056,314.3455,173.2924,352.219,0,False,False
548.2949,0.010899,1.489506,-0.287456,33.21662,165.2207,2.782345,0,0,0,0,0,0,-0.070044,1.17126,-0.392462,314.3837,173.3274,352.3275,0,False,False
548.3062,0.010504,1.491289,-0.287804,32.22689,165.4492,2.629839,0,0,0,0,0,0,-0.07013,1.171045,-0.391913,314.4195,173.3718,352.4109,0,False,False
548.3171,0.010027,1.493029,-0.288049,31.26924,165.6901,2.494424,0,0,0,0,0,0,-0.070082,1.170789,-0.391359,314.4486,173.3616,352.5246,0,False,False
548.3284,0.009545,1.494634,-0.288289,30.32154,165.9485,2.383074,0,0,0,0,0,0,-0.070111,1.170696,-0.390919,314.4434,173.3614,352.5958,0,False,False
548.3395,0.008905,1.496161,-0.288488,29.41019,166.227,2.43264,0,0,0,0,0,0,-0.070195,1.170652,-0.390431,314.3846,173.3614,352.6675,0,False,False
548.3504,0.008323,1.49762,-0.28858,28.61024,166.5637,2.44625,0,0,0,0,0,0,-0.070223,1.17065,-0.390084,314.3378,173.3644,352.784,0,False,False
548.3619,0.007648,1.498931,-0.288728,27.92647,166.9371,2.450589,0,0,0,0,0,0,-0.070229,1.170632,-0.389678,314.2666,173.3572,352.9566,0,False,False
548.3726,0.006982,1.5002,-0.288816,27.26887,167.2876,2.470616,0,0,0,0,0,0,-0.070158,1.17072,-0.389436,314.218,173.3643,353.0603,0,False,False
548.3838,0.006249,1.501328,-0.288838,26.62726,167.6659,2.473944,0,0,0,0,0,0,-0.070553,1.17068,-0.389087,314.1651,173.449,353.0364,0,False,False
548.3949,0.005525,1.502257,-0.288777,26.13276,168.021,2.477009,0,0,0,0,0,0,-0.070672,1.170758,-0.388833,314.121,173.5179,353.0233,0,False,False
548.4061,0.004714,1.503081,-0.288688,25.66391,168.3669,2.439286,0,0,0,0,0,0,-0.070963,1.170869,-0.388692,314.0817,173.6355,352.9339,0,False,False
548.4171,0.003966,1.503886,-0.288522,25.2973,168.7196,2.380068,0,0,0,0,0,0,-0.07123,1.171093,-0.38866,314.0291,173.7641,352.8301,0,False,False
548.4282,0.003176,1.504427,-0.288371,24.93999,169.0792,2.304029,0,0,0,0,0,0,-0.071432,1.171262,-0.388592,313.9662,173.8509,352.7947,0,False,False
548.4395,0.002392,1.505061,-0.288266,24.60319,169.4509,2.237859,0,0,0,0,0,0,-0.071547,1.171477,-0.388603,313.8848,173.8783,352.827,0,False,False
548.4504,0.001634,1.505617,-0.288132,24.30385,169.8106,2.1357,0,0,0,0,0,0,-0.071561,1.171669,-0.388605,313.8066,173.8663,352.9143,0,False,False
548.4615,0.000832,1.506112,-0.288083,24.02873,170.176,2.043046,0,0,0,0,0,0,-0.071586,1.171891,-0.388622,313.7187,173.8854,352.9009,0,False,False
548.4727,0.000073,1.506547,-0.288073,23.7872,170.529,1.930383,0,0,0,0,0,0,-0.071602,1.171981,-0.38865,313.6503,173.9255,352.8497,0,False,False
548.4837,-0.000682,1.506856,-0.287859,23.58265,170.8735,1.807643,0,0,0,0,0,0,-0.071595,1.172124,-0.388686,313.6035,173.9537,352.8348,0,False,False
548.4949,-0.001473,1.507114,-0.287718,23.42636,171.1942,1.672895,0,0,0,0,0,0,-0.07153,1.172243,-0.388743,313.587,173.9441,352.8193,0,False,False
548.5059,-0.002199,1.507278,-0.287537,23.33358,171.4954,1.539222,0,0,0,0,0,0,-0.071478,1.172338,-0.3889,313.5777,173.9554,352.7954,0,False,False
548.5172,-0.00293,1.507476,-0.287385,23.24949,171.797,1.417201,0,0,0,0,0,0,-0.071351,1.172282,-0.388985,313.5926,173.9455,352.8402,0,False,False
548.5283,-0.003627,1.507556,-0.287226,23.22357,172.0753,1.300371,0,0,0,0,0,0,-0.071311,1.172202,-0.389024,313.6035,173.9431,352.8543,0,False,False
548.5396,-0.004366,1.50765,-0.287094,23.22497,172.3371,1.177597,0,0,0,0,0,0,-0.07123,1.172084,-0.389097,313.6455,173.9401,352.808,0,False,False
548.5505,-0.00502,1.507646,-0.286844,23.26333,172.5807,1.052576,0,0,0,0,0,0,-0.071123,1.172048,-0.3892,313.6793,173.9642,352.724,0,False,False
548.5615,-0.005664,1.507573,-0.286588,23.30284,172.8032,0.925763,0,0,0,0,0,0,-0.071031,1.171951,-0.389375,313.7446,173.9644,352.6913,0,False,False
548.5728,-0.006288,1.507481,-0.28631,23.39151,173.0045,0.812899,0,0,0,0,0,0,-0.070996,1.17182,-0.389423,313.8099,173.9668,352.6605,0,False,False
548.5837,-0.006817,1.507364,-0.28608,23.46625,173.1869,0.725697,0,0,0,0,0,0,-0.070925,1.171627,-0.389445,313.8519,173.9684,352.6488,0,False,False
548.5948,-0.007412,1.50737,-0.285817,23.53285,173.3611,0.635714,0,0,0,0,0,0,-0.070946,1.171536,-0.3894,313.88,173.986,352.6088,0,False,False
548.606,-0.007949,1.50737,-0.285602,23.58041,173.5166,0.557871,0,0,0,0,0,0,-0.070889,1.171551,-0.389431,313.8953,174.0143,352.5742,0,False,False
548.6172,-0.008527,1.507361,-0.285422,23.61971,173.6487,0.470273,0,0,0,0,0,0,-0.070967,1.171517,-0.389378,313.912,174.0481,352.5454,0,False,False
548.6281,-0.009024,1.507395,-0.285194,23.65474,173.7478,0.367872,0,0,0,0,0,0,-0.07108,1.171485,-0.389306,313.9301,174.081,352.5281,0,False,False
548.6393,-0.009475,1.50738,-0.284954,23.66781,173.8251,0.243054,0,0,0,0,0,0,-0.071143,1.17136,-0.389168,313.9343,174.1171,352.4954,0,False,False
548.6505,-0.009906,1.507452,-0.284641,23.70123,173.9041,0.13028,0,0,0,0,0,0,-0.071299,1.171384,-0.389033,313.9135,174.152,352.4736,0,False,False
548.6614,-0.01037,1.507586,-0.284393,23.72189,173.9748,0.002201,0,0,0,0,0,0,-0.071425,1.171421,-0.388856,313.8828,174.2039,352.4797,0,False,False
548.6727,-0.010847,1.507703,-0.284122,23.7293,174.0437,359.859,0,0,0,0,0,0,-0.07163,1.171446,-0.388713,313.8488,174.2746,352.4682,0,False,False
548.6837,-0.011276,1.507921,-0.283878,23.70906,174.0943,359.6818,0,0,0,0,0,0,-0.072054,1.171471,-0.388387,313.8083,174.3849,352.4136,0,False,False
548.6948,-0.011704,1.508112,-0.28373,23.6628,174.1501,359.5016,0,0,0,0,0,0,-0.072275,1.171488,-0.388295,313.7974,174.4542,352.3845,0,False,False
548.7058,-0.012126,1.508375,-0.28364,23.59359,174.18,359.2773,0,0,0,0,0,0,-0.072602,1.171527,-0.388201,313.8036,174.5702,352.3494,0,False,False
548.717,-0.012511,1.508647,-0.283562,23.49874,174.1951,359.0627,0,0,0,0,0,0,-0.072953,1.171615,-0.388037,313.8167,174.6934,352.2964,0,False,False
548.7289,-0.012949,1.508872,-0.283416,23.38391,174.2035,358.8375,0,0,0,0,0,0,-0.073316,1.17163,-0.38795,313.8405,174.8454,352.2285,0,False,False
548.7392,-0.013316,1.509151,-0.283374,23.28967,174.2349,358.6469,0,0,0,0,0,0,-0.073643,1.171618,-0.387663,313.8491,174.9527,352.2077,0,False,False
548.7504,-0.013715,1.509401,-0.283256,23.18496,174.2589,358.4572,0,0,0,0,0,0,-0.07389,1.171655,-0.387523,313.8669,175.0387,352.1985,0,False,False
548.7614,-0.01407,1.509635,-0.283246,23.08155,174.2863,358.2939,0,0,0,0,0,0,-0.074179,1.171638,-0.387409,313.8882,175.1112,352.1865,0,False,False
548.7727,-0.014385,1.509887,-0.283251,22.99426,174.3376,358.1518,0,0,0,0,0,0,-0.074384,1.171547,-0.387209,313.8842,175.2012,352.148,0,False,False
548.7836,-0.014721,1.510088,-0.283243,22.90304,174.3744,358.0372,0,0,0,0,0,0,-0.074604,1.171493,-0.38701,313.8698,175.2595,352.1378,0,False,False
548.7947,-0.015042,1.510209,-0.283178,22.85066,174.4087,357.9465,0,0,0,0,0,0,-0.07474,1.171426,-0.386838,313.86,175.334,352.1331,0,False,False
548.8058,-0.015384,1.510375,-0.283099,22.80378,174.4567,357.8844,0,0,0,0,0,0,-0.07494,1.171278,-0.386689,313.8753,175.3948,352.1352,0,False,False
548.817,-0.015755,1.510538,-0.283057,22.76833,174.5009,357.8693,0,0,0,0,0,0,-0.07515,1.171071,-0.386481,313.8956,175.4538,352.1526,0,False,False
548.8281,-0.016145,1.510663,-0.283012,22.72419,174.5647,357.8698,0,0,0,0,0,0,-0.075373,1.170953,-0.386352,313.9228,175.5103,352.1732,0,False,False
548.8392,-0.016515,1.510788,-0.28304,22.68832,174.6281,357.8966,0,0,0,0,0,0,-0.075567,1.170766,-0.386265,313.9815,175.5977,352.1632,0,False,False
548.8503,-0.016833,1.510906,-0.283136,22.63292,174.6951,357.9226,0,0,0,0,0,0,-0.075736,1.170551,-0.386291,314.0344,175.7091,352.0888,0,False,False
548.8615,-0.017179,1.511002,-0.283214,22.5953,174.7583,357.9335,0,0,0,0,0,0,-0.075964,1.170374,-0.386239,314.0924,175.8246,351.9451,0,False,False
548.8725,-0.017515,1.511098,-0.283255,22.56715,174.8263,357.9218,0,0,0,0,0,0,-0.076224,1.170226,-0.386257,314.1715,175.9066,351.8454,0,False,False
548.8835,-0.017862,1.511188,-0.283284,22.52548,174.8892,357.8981,0,0,0,0,0,0,-0.076498,1.170093,-0.386304,314.2402,175.9848,351.7835,0,False,False
548.8947,-0.018208,1.511282,-0.283377,22.47483,174.9554,357.8513,0,0,0,0,0,0,-0.076799,1.170031,-0.386212,314.2843,176.0814,351.7147,0,False,False
548.9058,-0.018599,1.511411,-0.283498,22.4354,175.021,357.8333,0,0,0,0,0,0,-0.077081,1.169906,-0.386175,314.3186,176.182,351.6597,0,False,False
548.9169,-0.018938,1.511514,-0.283611,22.37896,175.0805,357.7899,0,0,0,0,0,0,-0.077356,1.169774,-0.386117,314.3398,176.2863,351.6086,0,False,False
548.928,-0.019259,1.511636,-0.283693,22.32045,175.1586,357.7718,0,0,0,0,0,0,-0.077622,1.16958,-0.386001,314.3629,176.393,351.5372,0,False,False
548.9391,-0.019507,1.511722,-0.283752,22.25268,175.2204,357.7616,0,0,0,0,0,0,-0.077897,1.169458,-0.385945,314.3787,176.5143,351.4731,0,False,False
548.9503,-0.01979,1.511854,-0.283833,22.18621,175.2938,357.7386,0,0,0,0,0,0,-0.078114,1.169309,-0.385926,314.4165,176.6143,351.4104,0,False,False
548.9614,-0.020093,1.511901,-0.283906,22.13208,175.3529,357.7102,0,0,0,0,0,0,-0.078246,1.169098,-0.385953,314.474,176.7094,351.3548,0,False,False
548.9725,-0.020377,1.512034,-0.284006,22.07461,175.4233,357.6762,0,0,0,0,0,0,-0.078449,1.168844,-0.386058,314.5695,176.7778,351.2925,0,False,False
548.9835,-0.020707,1.512189,-0.284135,22.0114,175.493,357.6649,0,0,0,0,0,0,-0.078774,1.168737,-0.386164,314.6363,176.871,351.2059,0,False,False
548.9947,-0.021079,1.512351,-0.284279,21.96161,175.5541,357.6288,0,0,0,0,0,0,-0.079026,1.16853,-0.386251,314.7125,176.9737,351.1287,0,False,False
549.0058,-0.02138,1.512452,-0.284348,21.9032,175.6321,357.6158,0,0,0,0,0,0,-0.079311,1.168326,-0.386343,314.7664,177.0865,351.0569,0,False,False
549.0168,-0.021687,1.51255,-0.284396,21.8362,175.7049,357.5943,0,0,0,0,0,0,-0.079558,1.16813,-0.38643,314.8215,177.1812,351.009,0,False,False
549.0281,-0.021963,1.512607,-0.284474,21.76381,175.7891,357.5901,0,0,0,0,0,0,-0.079767,1.16798,-0.386565,314.8907,177.2602,350.9704,0,False,False
549.0391,-0.022266,1.512698,-0.284596,21.69436,175.8626,357.5833,0,0,0,0,0,0,-0.079949,1.167776,-0.386694,314.9638,177.3031,350.9507,0,False,False
549.0502,-0.02251,1.51282,-0.284676,21.61338,175.9455,357.5899,0,0,0,0,0,0,-0.080115,1.167623,-0.386883,315.0414,177.3529,350.9287,0,False,False
549.0613,-0.022762,1.512891,-0.284671,21.56675,176.0326,357.5863,0,0,0,0,0,0,-0.080224,1.167475,-0.387056,315.1147,177.4193,350.8743,0,False,False
549.0725,-0.023027,1.512908,-0.284658,21.53983,176.1094,357.5675,0,0,0,0,0,0,-0.080382,1.167313,-0.387159,315.1843,177.4878,350.8394,0,False,False
549.0835,-0.023261,1.512944,-0.284639,21.52631,176.1918,357.5768,0,0,0,0,0,0,-0.080847,1.16694,-0.387261,315.2495,177.575,350.7974,0,False,False
549.0946,-0.023535,1.512914,-0.284622,21.52874,176.2668,357.5727,0,0,0,0,0,0,-0.08107,1.16688,-0.387369,315.2973,177.6639,350.7244,0,False,False
549.106,-0.023783,1.512934,-0.284605,21.53133,176.3384,357.5984,0,0,0,0,0,0,-0.081381,1.166878,-0.387489,315.3074,177.743,350.6997,0,False,False
549.1168,-0.024039,1.512891,-0.284556,21.55886,176.4131,357.6186,0,0,0,0,0,0,-0.081571,1.166835,-0.387633,315.3228,177.8114,350.6959,0,False,False
549.1279,-0.02421,1.512868,-0.28451,21.59198,176.49,357.6339,0,0,0,0,0,0,-0.081698,1.166824,-0.387688,315.3241,177.8415,350.7517,0,False,False
549.139,-0.024467,1.512792,-0.284405,21.61983,176.5482,357.6462,0,0,0,0,0,0,-0.08183,1.166801,-0.387757,315.3287,177.876,350.7557,0,False,False
549.1501,-0.024722,1.51272,-0.284381,21.65697,176.6149,357.6763,0,0,0,0,0,0,-0.081921,1.166881,-0.387779,315.3213,177.9003,350.7381,0,False,False
549.1613,-0.024926,1.512697,-0.284369,21.67417,176.6689,357.6838,0,0,0,0,0,0,-0.082083,1.166815,-0.387727,315.3397,177.9215,350.7286,0,False,False
549.1724,-0.02513,1.512621,-0.284411,21.69686,176.7341,357.7229,0,0,0,0,0,0,-0.082294,1.166771,-0.387799,315.3571,177.9332,350.7383,0,False,False
549.1836,-0.025306,1.512597,-0.284425,21.71828,176.7934,357.7495,0,0,0,0,0,0,-0.082367,1.166749,-0.387854,315.366,177.9237,350.758,0,False,False
549.1948,-0.025479,1.51252,-0.284503,21.73475,176.8409,357.763,0,0,0,0,0,0,-0.082599,1.166764,-0.387888,315.3676,177.9197,350.7883,0,False,False
549.2057,-0.025695,1.512478,-0.284533,21.75255,176.8924,357.7945,0,0,0,0,0,0,-0.082793,1.166828,-0.387948,315.3474,177.9296,350.7994,0,False,False
549.2167,-0.025834,1.512406,-0.284544,21.77614,176.9376,357.7991,0,0,0,0,0,0,-0.082989,1.166799,-0.38783,315.3333,177.9451,350.7986,0,False,False
549.228,-0.026049,1.512338,-0.284545,21.81734,176.9691,357.8222,0,0,0,0,0,0,-0.08313,1.166866,-0.387812,315.3004,177.9312,350.7881,0,False,False
549.239,-0.026197,1.512286,-0.284527,21.85046,177.0109,357.8298,0,0,0,0,0,0,-0.083276,1.16687,-0.387655,315.271,177.9208,350.7777,0,False,False
549.2501,-0.026386,1.512168,-0.284499,21.89307,177.0421,357.8497,0,0,0,0,0,0,-0.083388,1.166845,-0.387573,315.2317,177.8648,350.8114,0,False,False
549.2613,-0.026553,1.512124,-0.284486,21.91254,177.069,357.8851,0,0,0,0,0,0,-0.083449,1.166899,-0.387508,315.1869,177.8172,350.8766,0,False,False
549.2725,-0.026692,1.512057,-0.284543,21.92313,177.0977,357.9263,0,0,0,0,0,0,-0.083432,1.166856,-0.387584,315.1657,177.7911,350.9001,0,False,False
549.2834,-0.026833,1.512064,-0.284588,21.93768,177.1247,357.9555,0,0,0,0,0,0,-0.083513,1.166904,-0.387544,315.1331,177.7552,350.9145,0,False,False
549.2946,-0.026948,1.511999,-0.284657,21.92462,177.1285,357.9713,0,0,0,0,0,0,-0.083503,1.167021,-0.387615,315.1261,177.7148,350.9584,0,False,False
549.3056,-0.027059,1.512004,-0.284728,21.91523,177.1483,357.9907,0,0,0,0,0,0,-0.083607,1.167041,-0.387613,315.1161,177.7093,350.9724,0,False,False
549.3167,-0.027205,1.51199,-0.284882,21.9011,177.1621,357.9924,0,0,0,0,0,0,-0.083618,1.167081,-0.387599,315.0876,177.6992,350.9698,0,False,False
549.3278,-0.027318,1.511921,-0.284927,21.89484,177.1763,358.0116,0,0,0,0,0,0,-0.083587,1.167106,-0.387586,315.0707,177.6632,350.9777,0,False,False
549.339,-0.027498,1.511923,-0.285002,21.91337,177.1668,358.0058,0,0,0,0,0,0,-0.083601,1.167084,-0.387696,315.0679,177.5902,351.0332,0,False,False
549.3501,-0.027581,1.511896,-0.284985,21.92624,177.1744,358.0207,0,0,0,0,0,0,-0.083633,1.167044,-0.387709,315.0571,177.5284,351.1049,0,False,False
549.3613,-0.02768,1.511927,-0.28503,21.95237,177.1707,358.0195,0,0,0,0,0,0,-0.083702,1.16706,-0.387701,315.0342,177.4964,351.1439,0,False,False
549.3724,-0.027806,1.511921,-0.285116,21.96535,177.1668,358.0294,0,0,0,0,0,0,-0.083723,1.167042,-0.387782,315.0189,177.4553,351.1802,0,False,False
549.3834,-0.027913,1.511908,-0.285206,21.97837,177.1642,358.036,0,0,0,0,0,0,-0.083733,1.167,-0.387927,315.0279,177.4137,351.2155,0,False,False
549.3945,-0.027992,1.511887,-0.285342,21.97889,177.1483,358.0402,0,0,0,0,0,0,-0.083748,1.166978,-0.388082,315.0476,177.3812,351.2426,0,False,False
549.4056,-0.028048,1.511838,-0.285428,21.97667,177.1477,358.0494,0,0,0,0,0,0,-0.083741,1.166954,-0.388284,315.0569,177.3772,351.2291,0,False,False
549.4167,-0.028101,1.511851,-0.285556,21.98415,177.1347,358.0754,0,0,0,0,0,0,-0.083796,1.166952,-0.388451,315.0756,177.3719,351.2234,0,False,False
549.428,-0.028142,1.51181,-0.285664,21.98327,177.1213,358.0807,0,0,0,0,0,0,-0.083872,1.166929,-0.388609,315.0799,177.3698,351.2469,0,False,False
549.4391,-0.028168,1.511775,-0.285846,21.99084,177.1023,358.0953,0,0,0,0,0,0,-0.083902,1.166908,-0.388671,315.0579,177.342,351.2811,0,False,False
549.4503,-0.028211,1.511764,-0.285973,22.01408,177.0797,358.1089,0,0,0,0,0,0,-0.083948,1.166936,-0.388807,315.0272,177.3256,351.295,0,False,False
549.4612,-0.028302,1.511756,-0.286068,22.01697,177.0477,358.1105,0,0,0,0,0,0,-0.084056,1.166958,-0.388891,314.998,177.2954,351.2914,0,False,False
549.4726,-0.028368,1.51172,-0.286192,22.03325,177.0096,358.1169,0,0,0,0,0,0,-0.084083,1.167019,-0.389023,314.9469,177.2491,351.2933,0,False,False
549.4833,-0.028428,1.511708,-0.286314,22.03553,176.9841,358.1309,0,0,0,0,0,0,-0.084114,1.167086,-0.389191,314.9024,177.2001,351.3484,0,False,False
549.4945,-0.028486,1.511677,-0.286485,22.03957,176.9431,358.1444,0,0,0,0,0,0,-0.084059,1.167135,-0.3893,314.8564,177.1538,351.4305,0,False,False
549.5057,-0.028522,1.511601,-0.286652,22.04364,176.9153,358.1514,0,0,0,0,0,0,-0.084075,1.167147,-0.389489,314.8221,177.1239,351.4531,0,False,False
549.5166,-0.028576,1.511555,-0.286797,22.06704,176.873,358.1766,0,0,0,0,0,0,-0.084151,1.167074,-0.389634,314.7937,177.0852,351.4597,0,False,False
549.5281,-0.028639,1.511452,-0.286962,22.08195,176.8175,358.197,0,0,0,0,0,0,-0.084121,1.167087,-0.389825,314.7954,177.0052,351.503,0,False,False
549.539,-0.028688,1.511356,-0.287043,22.11901,176.7824,358.2198,0,0,0,0,0,0,-0.08419,1.167029,-0.389959,314.8092,176.9415,351.5647,0,False,False
549.55,-0.028738,1.511259,-0.287225,22.17198,176.7338,358.2276,0,0,0,0,0,0,-0.084268,1.166995,-0.390204,314.8045,176.9013,351.5767,0,False,False
549.561,-0.028733,1.511179,-0.287338,22.21716,176.6865,358.2493,0,0,0,0,0,0,-0.084261,1.167035,-0.390484,314.7933,176.878,351.5611,0,False,False
549.5723,-0.028783,1.51111,-0.2875,22.25181,176.6449,358.2692,0,0,0,0,0,0,-0.084322,1.167046,-0.390698,314.7639,176.8548,351.5361,0,False,False
549.5833,-0.028849,1.511075,-0.287719,22.28727,176.5816,358.3013,0,0,0,0,0,0,-0.084351,1.167148,-0.390886,314.726,176.8363,351.5563,0,False,False
549.5944,-0.028888,1.510991,-0.287898,22.31039,176.5282,358.3329,0,0,0,0,0,0,-0.084402,1.167225,-0.391125,314.6895,176.7937,351.5879,0,False,False
549.6057,-0.02896,1.51093,-0.28818,22.31404,176.4632,358.3608,0,0,0,0,0,0,-0.084407,1.167368,-0.391484,314.65,176.7676,351.6042,0,False,False
549.6166,-0.028984,1.51083,-0.288431,22.3331,176.3942,358.3768,0,0,0,0,0,0,-0.084456,1.167409,-0.391749,314.6217,176.7661,351.5694,0,False,False
549.6279,-0.029048,1.510805,-0.288706,22.35483,176.3235,358.4003,0,0,0,0,0,0,-0.084607,1.167397,-0.392079,314.6036,176.7162,351.5338,0,False,False
549.6389,-0.029093,1.510781,-0.288981,22.38643,176.2523,358.4032,0,0,0,0,0,0,-0.08455,1.167455,-0.39242,314.6014,176.6617,351.5585,0,False,False
549.6501,-0.029124,1.51072,-0.289232,22.40284,176.179,358.4211,0,0,0,0,0,0,-0.084691,1.167344,-0.392743,314.5984,176.5805,351.6192,0,False,False
549.6611,-0.029099,1.510666,-0.289466,22.43052,176.1082,358.4348,0,0,0,0,0,0,-0.084526,1.1674,-0.392915,314.605,176.5265,351.6609,0,False,False
549.6722,-0.029087,1.510627,-0.289711,22.46976,176.0376,358.4552,0,0,0,0,0,0,-0.084495,1.167454,-0.393162,314.6055,176.5108,351.6397,0,False,False
549.6833,-0.029133,1.510591,-0.289958,22.50603,175.9698,358.4983,0,0,0,0,0,0,-0.084476,1.167397,-0.393413,314.6086,176.4773,351.5906,0,False,False
549.6943,-0.029154,1.510521,-0.290223,22.53788,175.8999,358.5302,0,0,0,0,0,0,-0.084452,1.167372,-0.393661,314.6074,176.4192,351.5805,0,False,False
549.7056,-0.029126,1.51043,-0.290489,22.5658,175.8309,358.5605,0,0,0,0,0,0,-0.08446,1.167307,-0.39404,314.6221,176.3413,351.6179,0,False,False
549.7166,-0.029153,1.510413,-0.290821,22.60357,175.7491,358.5979,0,0,0,0,0,0,-0.084387,1.167252,-0.394285,314.6229,176.258,351.685,0,False,False
549.7278,-0.029156,1.510332,-0.291128,22.63218,175.6774,358.625,0,0,0,0,0,0,-0.084359,1.167283,-0.39451,314.6155,176.2262,351.6898,0,False,False
549.739,-0.02916,1.510332,-0.291484,22.6771,175.5929,358.6373,0,0,0,0,0,0,-0.084385,1.167268,-0.394797,314.6083,176.1844,351.6684,0,False,False
549.7507,-0.029122,1.510242,-0.291859,22.71162,175.5158,358.6463,0,0,0,0,0,0,-0.084361,1.167269,-0.395059,314.5992,176.1257,351.6803,0,False,False
549.761,-0.029096,1.510193,-0.292238,22.76842,175.45,358.6743,0,0,0,0,0,0,-0.084324,1.167165,-0.395377,314.5966,176.0604,351.7095,0,False,False
549.7722,-0.029086,1.510087,-0.292602,22.83714,175.3578,358.6929,0,0,0,0,0,0,-0.084279,1.167169,-0.39564,314.5874,176.0111,351.7159,0,False,False
549.7833,-0.029023,1.509868,-0.292978,22.92134,175.2877,358.7277,0,0,0,0,0,0,-0.084104,1.167055,-0.395781,314.6,175.936,351.7455,0,False,False
549.7944,-0.028973,1.509648,-0.293317,23.00713,175.2007,358.7739,0,0,0,0,0,0,-0.084005,1.167002,-0.396027,314.6104,175.8642,351.7798,0,False,False
549.8055,-0.028919,1.509452,-0.293686,23.1177,175.1236,358.8378,0,0,0,0,0,0,-0.084054,1.166925,-0.396169,314.61,175.8102,351.7881,0,False,False
549.8167,-0.02891,1.509202,-0.294057,23.26013,175.0508,358.9033,0,0,0,0,0,0,-0.084043,1.166853,-0.396433,314.6163,175.7527,351.8013,0,False,False
549.8276,-0.028888,1.508936,-0.294484,23.41236,174.9546,358.9698,0,0,0,0,0,0,-0.084043,1.166767,-0.396566,314.6204,175.7084,351.8125,0,False,False
549.8389,-0.028804,1.508536,-0.29483,23.60259,174.8817,359.0509,0,0,0,0,0,0,-0.083982,1.166703,-0.396811,314.6252,175.6646,351.8344,0,False,False
549.8499,-0.028717,1.508142,-0.295173,23.81003,174.7869,359.1197,0,0,0,0,0,0,-0.083943,1.166635,-0.397071,314.6408,175.6098,351.8571,0,False,False
549.861,-0.028611,1.507649,-0.295459,24.06194,174.6694,359.182,0,0,0,0,0,0,-0.083916,1.16659,-0.397301,314.6663,175.5802,351.8494,0,False,False
549.8722,-0.028511,1.507203,-0.295746,24.31875,174.5516,359.2434,0,0,0,0,0,0,-0.083984,1.166719,-0.397621,314.6686,175.5773,351.8018,0,False,False
549.8832,-0.028331,1.50674,-0.296125,24.57367,174.4433,359.3059,0,0,0,0,0,0,-0.083942,1.16683,-0.397884,314.6566,175.5508,351.7803,0,False,False
549.8943,-0.028202,1.506316,-0.296379,24.82624,174.3281,359.3528,0,0,0,0,0,0,-0.084018,1.167014,-0.398113,314.6074,175.5005,351.7995,0,False,False
549.9056,-0.02808,1.50589,-0.296718,25.08131,174.2192,359.4052,0,0,0,0,0,0,-0.084107,1.167176,-0.398224,314.5605,175.4719,351.8076,0,False,False
549.9165,-0.02795,1.50546,-0.297042,25.32927,174.1269,359.4683,0,0,0,0,0,0,-0.084128,1.167499,-0.398414,314.4854,175.4085,351.8399,0,False,False
549.9276,-0.027822,1.505014,-0.29737,25.59377,174.0057,359.5278,0,0,0,0,0,0,-0.084135,1.167785,-0.398713,314.4201,175.3534,351.8968,0,False,False
549.9388,-0.027639,1.504489,-0.297632,25.87558,173.8963,359.5611,0,0,0,0,0,0,-0.084029,1.168129,-0.398986,314.3671,175.2531,352.0185,0,False,False
549.9499,-0.027555,1.503986,-0.297881,26.17211,173.7629,359.6232,0,0,0,0,0,0,-0.083652,1.168741,-0.399385,314.2843,175.0462,352.2612,0,False,False
549.9609,-0.027433,1.503377,-0.298103,26.46751,173.6319,359.7059,0,0,0,0,0,0,-0.083358,1.169304,-0.399781,314.19,174.8416,352.4702,0,False,False
549.9722,-0.027324,1.502702,-0.298354,26.78354,173.5246,359.7808,0,0,0,0,0,0,-0.082683,1.170132,-0.400251,314.1006,174.4615,352.8524,0,False,False
549.9831,-0.027236,1.502088,-0.298564,27.06743,173.3873,359.8709,0,0,0,0,0,0,-0.082028,1.170963,-0.400689,314.0329,174.1101,353.2241,0,False,False
549.9942,-0.027166,1.501418,-0.298816,27.37144,173.26,359.9476,0,0,0,0,0,0,-0.081213,1.172457,-0.401349,314.0147,173.6432,353.7498,0,False,False
550.0056,-0.027061,1.500774,-0.299007,27.64774,173.1256,359.9942,0,0,0,0,0,0,-0.080163,1.174588,-0.402603,314.3852,173.3148,353.8241,0,False,False
550.0165,-0.026973,1.500217,-0.299232,27.95889,172.9934,0.050751,0,0,0,0,0,0,-0.079488,1.176629,-0.403783,314.6661,173.1626,353.5801,0,False,False
550.0275,-0.026839,1.499691,-0.299446,28.2182,172.8653,0.072427,0,0,0,0,0,0,-0.078965,1.179614,-0.405027,314.9517,173.2226,352.8481,0,False,False
550.0389,-0.026761,1.499305,-0.299669,28.48498,172.7446,0.080424,0,0,0,0,0,0,-0.078568,1.182549,-0.406105,315.1419,173.3315,352.192,0,False,False
550.0498,-0.026632,1.49887,-0.299833,28.69482,172.6409,0.037052,0,0,0,0,0,0,-0.078165,1.186383,-0.407033,315.2005,173.6928,351.2031,0,False,False
550.0609,-0.026529,1.498504,-0.300058,28.88738,172.5356,359.9908,0,0,0,0,0,0,-0.078,1.189902,-0.408023,315.2819,174.0431,350.2598,0,False,False
550.0721,-0.026402,1.498113,-0.300296,29.03301,172.4504,359.9041,0,0,0,0,0,0,-0.078011,1.194365,-0.409407,315.4183,174.6656,348.7299,0,False,False
550.0831,-0.026323,1.497788,-0.300539,29.18939,172.354,359.8545,0,0,0,0,0,0,-0.077774,1.198757,-0.410944,315.5803,175.175,347.3405,0,False,False
550.0944,-0.026208,1.497389,-0.300711,29.3287,172.2982,359.8255,0,0,0,0,0,0,-0.077444,1.203093,-0.4125,315.8081,175.619,346.2908,0,False,False
550.1053,-0.026082,1.497005,-0.300835,29.46243,172.2477,359.8701,0,0,0,0,0,0,-0.076932,1.20727,-0.414231,316.1196,175.9689,345.5664,0,False,False
550.1165,-0.026038,1.49664,-0.300877,29.63692,172.1962,359.9351,0,0,0,0,0,0,-0.076188,1.211707,-0.416306,316.7131,176.2593,345.3137,0,False,False
550.1276,-0.025987,1.496321,-0.300941,29.82039,172.1524,0.030796,0,0,0,0,0,0,-0.075428,1.216112,-0.418748,317.4869,176.5043,345.1381,0,False,False
550.1387,-0.02592,1.49595,-0.300893,29.9764,172.1042,0.129571,0,0,0,0,0,0,-0.074626,1.220413,-0.421184,318.2414,176.7514,344.7639,0,False,False
550.1499,-0.025956,1.495625,-0.300878,30.10797,172.0556,0.228894,0,0,0,0,0,0,-0.073909,1.22456,-0.424071,319.2909,177.0091,343.8962,0,False,False
550.1609,-0.025946,1.495323,-0.300828,30.2158,172.0069,0.298772,0,0,0,0,0,0,-0.073384,1.228755,-0.426926,320.2466,177.2148,342.8424,0,False,False
550.1721,-0.025876,1.495008,-0.300749,30.32616,171.9789,0.370577,0,0,0,0,0,0,-0.072643,1.233129,-0.430111,321.4153,177.3546,341.3019,0,False,False
550.1831,-0.025777,1.494663,-0.300695,30.45407,171.947,0.442022,0,0,0,0,0,0,-0.072142,1.237308,-0.433506,322.6945,177.4895,339.7523,0,False,False
550.1943,-0.025728,1.49433,-0.300541,30.5825,171.9218,0.506065,0,0,0,0,0,0,-0.071699,1.241318,-0.436488,323.8863,177.6034,338.5406,0,False,False
550.2055,-0.025636,1.49396,-0.300364,30.75491,171.9139,0.566966,0,0,0,0,0,0,-0.071505,1.245471,-0.439935,325.1672,177.8047,337.5185,0,False,False
550.2164,-0.02557,1.493632,-0.300111,30.94938,171.9052,0.606833,0,0,0,0,0,0,-0.071323,1.249487,-0.443015,326.2292,177.9863,336.5513,0,False,False
550.2276,-0.025478,1.493314,-0.299831,31.14837,171.9102,0.630411,0,0,0,0,0,0,-0.071088,1.253788,-0.446096,327.0655,178.2352,335.8401,0,False,False
550.2388,-0.025361,1.493066,-0.29958,31.31834,171.9173,0.675151,0,0,0,0,0,0,-0.071169,1.257715,-0.448999,327.7288,178.4633,335.3235,0,False,False
550.25,-0.025271,1.492798,-0.299283,31.44407,171.947,0.691012,0,0,0,0,0,0,-0.070855,1.261759,-0.452017,328.4567,178.6626,334.6721,0,False,False
550.261,-0.025192,1.492575,-0.29899,31.53122,171.9772,0.751813,0,0,0,0,0,0,-0.070526,1.265453,-0.454979,329.1932,178.7697,334.0237,0,False,False
550.272,-0.025123,1.49236,-0.29877,31.62999,171.9944,0.816106,0,0,0,0,0,0,-0.069957,1.268828,-0.458052,329.795,178.6371,333.5396,0,False,False
550.2831,-0.025045,1.492094,-0.298534,31.68684,172.0374,0.854349,0,0,0,0,0,0,-0.068996,1.271946,-0.461085,330.2837,178.326,333.4909,0,False,False
550.2941,-0.024958,1.491852,-0.298243,31.76686,172.0829,0.919926,0,0,0,0,0,0,-0.06829,1.275443,-0.464087,330.7879,178.0681,333.5051,0,False,False
550.3052,-0.024916,1.491592,-0.297882,31.83001,172.1419,0.989668,0,0,0,0,0,0,-0.067247,1.278279,-0.466966,331.0945,177.8353,333.6176,0,False,False
550.3164,-0.024814,1.491316,-0.297496,31.91157,172.2012,1.028901,0,0,0,0,0,0,-0.066577,1.280971,-0.469261,331.1779,177.717,333.5367,0,False,False
550.3275,-0.024749,1.491206,-0.297074,32.03107,172.2517,1.052698,0,0,0,0,0,0,-0.065555,1.283588,-0.471739,331.2198,177.4823,333.7443,0,False,False
550.3387,-0.024602,1.491009,-0.296658,32.1436,172.2993,1.062415,0,0,0,0,0,0,-0.064248,1.28572,-0.474326,331.3268,177.1218,334.2354,0,False,False
550.3497,-0.024454,1.490933,-0.296159,32.21033,172.3507,1.073146,0,0,0,0,0,0,-0.062965,1.287829,-0.477054,331.5072,176.674,334.865,0,False,False
550.3608,-0.024314,1.490857,-0.295796,32.28342,172.3976,1.10144,0,0,0,0,0,0,-0.060778,1.289154,-0.479779,331.7014,175.9183,335.9836,0,False,False
550.3719,-0.024062,1.490708,-0.295391,32.32467,172.4476,1.127301,0,0,0,0,0,0,-0.058616,1.290462,-0.48252,331.9174,175.1333,336.8397,0,False,False
550.3831,-0.023906,1.490669,-0.294951,32.37594,172.5082,1.179455,0,0,0,0,0,0,-0.055997,1.290973,-0.485607,332.1137,174.0355,337.4573,0,False,False
550.3942,-0.023735,1.490512,-0.294463,32.43431,172.5625,1.244113,0,0,0,0,0,0,-0.05365,1.291111,-0.488673,332.3408,173.0625,337.6742,0,False,False
550.4053,-0.023663,1.490329,-0.29401,32.47632,172.5814,1.300351,0,0,0,0,0,0,-0.051672,1.29067,-0.4921,332.647,172.56,337.9032,0,False,False
550.4164,-0.023485,1.490211,-0.293476,32.54838,172.6273,1.361894,0,0,0,0,0,0,-0.050086,1.289558,-0.49566,333.12,172.3946,338.1915,0,False,False
550.4275,-0.023325,1.490018,-0.29297,32.58631,172.659,1.419377,0,0,0,0,0,0,-0.048609,1.287701,-0.499503,333.8954,172.318,338.7093,0,False,False
550.4387,-0.023124,1.48993,-0.292429,32.60863,172.6998,1.475581,0,0,0,0,0,0,-0.047025,1.285311,-0.503352,334.8999,172.2573,339.3814,0,False,False
550.4496,-0.022963,1.489862,-0.291946,32.60842,172.7438,1.505883,0,0,0,0,0,0,-0.045614,1.282851,-0.507087,335.9617,172.2171,339.8197,0,False,False
550.4607,-0.02282,1.489851,-0.291533,32.58715,172.7687,1.540801,0,0,0,0,0,0,-0.044209,1.279559,-0.511209,337.3973,172.1392,339.958,0,False,False
550.4719,-0.022663,1.489843,-0.291101,32.56173,172.8024,1.570725,0,0,0,0,0,0,-0.042668,1.275992,-0.515231,339.0323,171.9588,339.8916,0,False,False
550.483,-0.022481,1.489834,-0.290645,32.56289,172.8074,1.566904,0,0,0,0,0,0,-0.040912,1.272266,-0.51928,340.644,171.6441,339.675,0,False,False
550.4941,-0.022286,1.489786,-0.29015,32.55485,172.8078,1.569853,0,0,0,0,0,0,-0.039364,1.269059,-0.523186,342.1504,171.3879,339.5016,0,False,False
550.5052,-0.022109,1.489797,-0.289652,32.52276,172.8161,1.591853,0,0,0,0,0,0,-0.037871,1.265609,-0.526654,343.5768,171.1682,339.2926,0,False,False
550.5163,-0.021981,1.489861,-0.289211,32.50051,172.8209,1.621893,0,0,0,0,0,0,-0.036436,1.262496,-0.529903,344.9128,170.9968,339.1091,0,False,False
550.5273,-0.021812,1.489914,-0.28879,32.44786,172.8246,1.654285,0,0,0,0,0,0,-0.03504,1.259944,-0.533152,345.7733,170.9352,338.9786,0,False,False
550.5386,-0.021611,1.490038,-0.28846,32.39373,172.8364,1.679236,0,0,0,0,0,0,-0.033559,1.257086,-0.536511,346.6826,170.8119,338.9679,0,False,False
550.5496,-0.021374,1.490154,-0.288159,32.31701,172.8244,1.710818,0,0,0,0,0,0,-0.032315,1.254977,-0.539151,347.1799,170.7391,339.2269,0,False,False
550.5607,-0.021201,1.490198,-0.28785,32.23276,172.7992,1.758488,0,0,0,0,0,0,-0.030928,1.252798,-0.541822,347.6768,170.6725,339.8166,0,False,False
550.572,-0.021005,1.490208,-0.287517,32.16665,172.7915,1.838395,0,0,0,0,0,0,-0.029835,1.250792,-0.5443,348.0956,170.7375,340.4807,0,False,False
550.5829,-0.020841,1.490299,-0.287234,32.13026,172.7634,1.899923,0,0,0,0,0,0,-0.028993,1.248815,-0.546693,348.5311,170.8193,341.0053,0,False,False
550.5939,-0.020644,1.490379,-0.286894,32.09033,172.7558,1.968806,0,0,0,0,0,0,-0.028383,1.247091,-0.548479,348.8109,171.0097,341.5409,0,False,False
550.6052,-0.020467,1.490452,-0.286571,32.03865,172.735,2.026832,0,0,0,0,0,0,-0.027618,1.245551,-0.550099,348.9845,171.1155,342.2939,0,False,False
550.6163,-0.020265,1.490578,-0.286296,31.99201,172.6901,2.065283,0,0,0,0,0,0,-0.026402,1.243954,-0.551855,349.2267,171.0711,342.9456,0,False,False
550.6273,-0.020037,1.490638,-0.285964,31.94315,172.6606,2.100694,0,0,0,0,0,0,-0.025438,1.242748,-0.553096,349.3688,170.9095,343.3767,0,False,False
550.6386,-0.019789,1.490777,-0.285711,31.88937,172.6266,2.145372,0,0,0,0,0,0,-0.024248,1.241295,-0.554441,349.5945,170.6479,343.6639,0,False,False
550.6496,-0.01959,1.490872,-0.285459,31.82646,172.5859,2.183867,0,0,0,0,0,0,-0.023036,1.239924,-0.555744,349.8229,170.2847,343.9639,0,False,False
550.6606,-0.019369,1.490929,-0.285242,31.76175,172.5457,2.243651,0,0,0,0,0,0,-0.021803,1.238277,-0.556941,350.0925,169.958,344.2591,0,False,False
550.6719,-0.019183,1.490997,-0.285092,31.71333,172.4905,2.295824,0,0,0,0,0,0,-0.020831,1.236645,-0.558281,350.3817,169.7865,344.4972,0,False,False
550.6829,-0.019001,1.491044,-0.284888,31.66629,172.4414,2.373802,0,0,0,0,0,0,-0.020431,1.235142,-0.559337,350.7408,169.8432,344.6455,0,False,False
550.694,-0.018807,1.491126,-0.284705,31.62588,172.3996,2.472061,0,0,0,0,0,0,-0.020374,1.233724,-0.560282,351.179,170.0259,345.0486,0,False,False
550.705,-0.018565,1.491151,-0.284544,31.58222,172.3491,2.560353,0,0,0,0,0,0,-0.020092,1.232262,-0.561034,351.606,170.1295,345.4493,0,False,False
550.7161,-0.01835,1.491215,-0.284489,31.5431,172.2987,2.628088,0,0,0,0,0,0,-0.019705,1.231302,-0.561484,351.9088,170.1096,345.7212,0,False,False
550.7272,-0.018053,1.491259,-0.284452,31.48737,172.2617,2.687983,0,0,0,0,0,0,-0.019123,1.230247,-0.56199,352.119,169.9841,346.018,0,False,False
550.7384,-0.017825,1.491289,-0.284456,31.42476,172.1959,2.719894,0,0,0,0,0,0,-0.018383,1.229753,-0.562194,352.0838,169.659,346.3396,0,False,False
550.7495,-0.017486,1.491289,-0.284372,31.37578,172.153,2.77717,0,0,0,0,0,0,-0.017509,1.22943,-0.562289,351.9033,169.2924,346.5723,0,False,False
550.7606,-0.017241,1.491291,-0.284432,31.35085,172.1064,2.828383,0,0,0,0,0,0,-0.016824,1.229167,-0.562476,351.7253,169.0063,346.807,0,False,False
550.7717,-0.016985,1.491258,-0.28448,31.33738,172.0583,2.872726,0,0,0,0,0,0,-0.016188,1.229003,-0.562747,351.4934,168.8096,347.0528,0,False,False
550.7829,-0.016751,1.491217,-0.284537,31.34297,172.0122,2.953635,0,0,0,0,0,0,-0.015923,1.228723,-0.563153,351.3569,168.7863,347.3442,0,False,False
550.794,-0.016517,1.491148,-0.284613,31.3658,171.9492,3.030482,0,0,0,0,0,0,-0.016148,1.228447,-0.563524,351.3451,168.9711,347.7196,0,False,False
550.8051,-0.016323,1.491052,-0.284716,31.38165,171.8867,3.147679,0,0,0,0,0,0,-0.016076,1.228021,-0.563778,351.3162,168.9758,348.0155,0,False,False
550.8161,-0.01602,1.490981,-0.28488,31.40719,171.8019,3.263336,0,0,0,0,0,0,-0.016264,1.227742,-0.564107,351.342,169.138,348.1734,0,False,False
550.8272,-0.015723,1.490875,-0.284973,31.43682,171.7155,3.379612,0,0,0,0,0,0,-0.016205,1.2276,-0.564295,351.2974,169.1386,348.3435,0,False,False
550.8384,-0.01549,1.490771,-0.285124,31.46242,171.6055,3.467464,0,0,0,0,0,0,-0.015953,1.227561,-0.564248,351.1975,168.9841,348.4885,0,False,False
550.8494,-0.015202,1.490641,-0.285319,31.49734,171.489,3.552847,0,0,0,0,0,0,-0.01556,1.227728,-0.564213,351.0962,168.7151,348.4421,0,False,False
550.8605,-0.01492,1.490558,-0.285494,31.53393,171.3698,3.640146,0,0,0,0,0,0,-0.015101,1.227752,-0.5641,351.0864,168.4842,348.2563,0,False,False
550.8717,-0.014645,1.490407,-0.285731,31.57688,171.2529,3.733688,0,0,0,0,0,0,-0.014888,1.227751,-0.564223,351.0893,168.3594,348.2008,0,False,False
550.8828,-0.014368,1.490302,-0.285985,31.63083,171.1359,3.828716,0,0,0,0,0,0,-0.014896,1.227871,-0.564406,351.1243,168.418,348.327,0,False,False
550.8939,-0.014061,1.490134,-0.286247,31.6964,170.9931,3.912073,0,0,0,0,0,0,-0.015181,1.227999,-0.564594,351.1037,168.5942,348.4405,0,False,False
550.9051,-0.013752,1.489959,-0.286586,31.76431,170.828,3.986404,0,0,0,0,0,0,-0.015564,1.228109,-0.56477,351.039,168.7425,348.3845,0,False,False
550.9161,-0.013393,1.48977,-0.286895,31.83495,170.6699,4.06985,0,0,0,0,0,0,-0.015771,1.228199,-0.564934,350.9717,168.8273,348.3595,0,False,False
550.9272,-0.013059,1.489591,-0.287255,31.90409,170.4804,4.154186,0,0,0,0,0,0,-0.015935,1.228323,-0.565005,350.869,168.8548,348.4481,0,False,False
550.9385,-0.01271,1.489413,-0.287603,31.96346,170.3011,4.239556,0,0,0,0,0,0,-0.016005,1.228302,-0.56511,350.8029,168.8437,348.497,0,False,False
550.9499,-0.012389,1.489198,-0.288009,32.03836,170.1088,4.322719,0,0,0,0,0,0,-0.015796,1.228431,-0.565036,350.6972,168.7258,348.6248,0,False,False
550.9605,-0.012083,1.488991,-0.288387,32.1132,169.9221,4.432481,0,0,0,0,0,0,-0.015619,1.228494,-0.564992,350.5661,168.589,348.7709,0,False,False
550.9717,-0.011794,1.488719,-0.288736,32.20293,169.7063,4.542425,0,0,0,0,0,0,-0.015289,1.228459,-0.56489,350.3555,168.3521,349.0016,0,True,False
550.9827,-0.011455,1.48852,-0.289141,32.31495,169.4792,4.631939,0,0,0,0,0,0,-0.015077,1.228603,-0.564767,350.2078,168.2538,349.0845,0,True,False
550.9938,-0.011143,1.488242,-0.28948,32.41744,169.2274,4.712319,0,0,0,0,0,0,-0.015224,1.228464,-0.5648,350.1402,168.3658,349.1109,0,True,False
551.005,-0.010791,1.487979,-0.289958,32.5288,168.9525,4.755421,0,0,0,0,0,0,-0.015574,1.228146,-0.56485,350.162,168.5459,349.165,0,True,False
551.0161,-0.010449,1.487712,-0.290439,32.64739,168.6807,4.79638,0,0,0,0,0,0,-0.015657,1.227859,-0.564745,350.1845,168.5434,349.3705,0,True,False
551.0271,-0.010123,1.487396,-0.290955,32.76383,168.4195,4.818384,0,0,0,0,0,0,-0.015529,1.227568,-0.564792,350.1886,168.429,349.4368,0,True,False
551.0384,-0.00981,1.487097,-0.291423,32.91045,168.1623,4.866144,0,0,0,0,0,0,-0.015167,1.227139,-0.564888,350.2599,168.1085,349.2977,0,True,False
551.0493,-0.009511,1.48682,-0.291937,33.05544,167.9131,4.900901,0,0,0,0,0,0,-0.014911,1.226754,-0.564922,350.3373,167.8757,349.2457,0,True,False
551.0604,-0.009202,1.486508,-0.292417,33.19028,167.6636,4.943385,0,0,0,0,0,0,-0.014563,1.2261,-0.565064,350.5479,167.6184,349.0929,0,True,False
551.0717,-0.008881,1.486257,-0.29295,33.32824,167.4011,4.973651,0,0,0,0,0,0,-0.014554,1.225623,-0.565211,350.7574,167.5141,348.9182,0,True,False
551.0828,-0.00851,1.48601,-0.293506,33.43398,167.1599,5.022003,0,0,0,0,0,0,-0.014677,1.224891,-0.565521,350.9626,167.5734,348.7369,0,True,False
551.0938,-0.00826,1.485755,-0.294122,33.52303,166.8934,5.036026,0,0,0,0,0,0,-0.014771,1.224422,-0.565995,351.0682,167.6719,348.7062,0,True,False
551.1049,-0.007969,1.485594,-0.294785,33.60424,166.6479,5.054066,0,0,0,0,0,0,-0.014819,1.224036,-0.566305,351.0626,167.6889,348.6916,0,True,False
551.116,-0.007688,1.485423,-0.295455,33.68523,166.433,5.089612,0,0,0,0,0,0,-0.014773,1.22368,-0.566649,351.0427,167.6127,348.6731,0,True,False
551.1271,-0.007382,1.485192,-0.296093,33.77771,166.2253,5.141966,0,0,0,0,0,0,-0.014692,1.22338,-0.567058,350.9801,167.4549,348.6746,0,True,False
551.1382,-0.007212,1.484999,-0.296773,33.8854,166.0191,5.196609,0,0,0,0,0,0,-0.014658,1.223022,-0.567526,350.9777,167.3584,348.6948,0,True,False
551.1493,-0.007072,1.484771,-0.297423,33.9942,165.8532,5.278126,0,0,0,0,0,0,-0.014742,1.222689,-0.568007,351.0006,167.3134,348.5966,0,True,False
551.1604,-0.006893,1.484556,-0.298078,34.10616,165.694,5.351374,0,0,0,0,0,0,-0.014742,1.222223,-0.568577,351.0577,167.2171,348.4657,0,True,False
551.1717,-0.006759,1.484399,-0.29881,34.2076,165.5429,5.435178,0,0,0,0,0,0,-0.014667,1.221482,-0.569188,351.145,167.1405,348.3651,0,True,False
551.1826,-0.006667,1.484293,-0.299586,34.29559,165.4053,5.509628,0,0,0,0,0,0,-0.01465,1.220853,-0.569823,351.2231,167.1059,348.2342,0,True,False
551.1937,-0.006549,1.484133,-0.300396,34.36901,165.2601,5.5916,0,0,0,0,0,0,-0.014678,1.22021,-0.570523,351.2973,167.1043,348.1046,0,True,False
551.205,-0.00641,1.483959,-0.301234,34.43943,165.1236,5.678818,0,0,0,0,0,0,-0.014578,1.219514,-0.571303,351.3574,167.0818,348.0533,0,True,False
551.2161,-0.006283,1.48381,-0.302122,34.51123,164.9986,5.771934,0,0,0,0,0,0,-0.014461,1.218833,-0.572065,351.4227,167.0846,347.9807,0,True,False
551.2271,-0.006185,1.483584,-0.303044,34.58716,164.8737,5.867821,0,0,0,0,0,0,-0.014328,1.218129,-0.572849,351.4403,167.0943,347.8999,0,True,False
551.2383,-0.006089,1.483409,-0.303971,34.66954,164.7478,5.950489,0,0,0,0,0,0,-0.014177,1.217458,-0.573576,351.4353,167.0511,347.8154,0,True,False
551.2493,-0.005993,1.4832,-0.304944,34.76539,164.6059,6.0274,0,0,0,0,0,0,-0.013895,1.216758,-0.574188,351.3656,166.9346,347.713,0,True,False
551.2604,-0.005879,1.48297,-0.305998,34.86464,164.4718,6.095761,0,0,0,0,0,0,-0.013516,1.216059,-0.574923,351.2463,166.7772,347.6941,0,True,False
551.2714,-0.005713,1.4828,-0.307102,34.96788,164.3092,6.140406,0,0,0,0,0,0,-0.013136,1.215293,-0.575637,351.1426,166.6823,347.6725,0,True,False
551.2826,-0.005569,1.482537,-0.308171,35.05672,164.1752,6.192885,0,0,0,0,0,0,-0.012842,1.214362,-0.576557,351.0689,166.6917,347.5942,0,True,False
551.2937,-0.005406,1.482239,-0.309343,35.14476,164.0311,6.246109,0,0,0,0,0,0,-0.012469,1.213339,-0.577371,351.0151,166.6652,347.5668,0,True,False
551.3048,-0.005289,1.481904,-0.310541,35.24357,163.8815,6.299603,0,0,0,0,0,0,-0.011934,1.212181,-0.57828,350.9919,166.6387,347.5795,0,True,False
551.316,-0.005112,1.481557,-0.311693,35.34903,163.7388,6.350691,0,0,0,0,0,0,-0.011228,1.210851,-0.579027,350.993,166.5963,347.5406,0,True,False
551.327,-0.004957,1.481146,-0.312967,35.45972,163.5792,6.397565,0,0,0,0,0,0,-0.01059,1.209397,-0.579886,351.0334,166.5595,347.333,0,True,False
551.3384,-0.004807,1.480775,-0.314228,35.55498,163.4069,6.432929,0,0,0,0,0,0,-0.009644,1.207548,-0.580665,351.0895,166.4237,347.0837,0,True,False
551.3492,-0.004664,1.480274,-0.315622,35.66333,163.2266,6.449864,0,0,0,0,0,0,-0.008894,1.205908,-0.581408,351.1006,166.2906,346.9698,0,True,False
551.3603,-0.004465,1.479718,-0.317022,35.75886,163.0354,6.461445,0,0,0,0,0,0,-0.007975,1.204018,-0.582296,351.1141,166.1848,346.7479,0,True,False
551.3715,-0.004223,1.479091,-0.318552,35.85048,162.8459,6.458204,0,0,0,0,0,0,-0.006947,1.202212,-0.58324,351.1472,166.1025,346.4622,0,True,False
551.3826,-0.003931,1.478415,-0.320068,35.94499,162.6635,6.473548,0,0,0,0,0,0,-0.005989,1.200278,-0.584182,351.155,166.0477,346.1368,0,True,False
551.3936,-0.003599,1.477614,-0.321694,36.03446,162.4634,6.465744,0,0,0,0,0,0,-0.005058,1.19825,-0.585249,351.1351,166.0519,345.7884,0,True,False
551.4048,-0.003165,1.476762,-0.323294,36.11646,162.2672,6.488023,0,0,0,0,0,0,-0.00404,1.196004,-0.586367,351.0659,166.1216,345.3058,0,True,False
551.416,-0.002711,1.475893,-0.32496,36.20777,162.0725,6.506002,0,0,0,0,0,0,-0.003026,1.193829,-0.587451,350.9864,166.1498,344.7879,0,True,False
551.427,-0.002162,1.475001,-0.32672,36.30185,161.8649,6.540466,0,0,0,0,0,0,-0.001921,1.191628,-0.588587,350.8431,166.1961,344.1601,0,True,False
551.4383,-0.001628,1.474143,-0.328538,36.40688,161.6577,6.59054,0,0,0,0,0,0,-0.00071,1.189227,-0.589828,350.6647,166.202,343.7495,0,True,False
551.4493,-0.000961,1.47324,-0.330506,36.52912,161.4482,6.630968,0,0,0,0,0,0,0.000554,1.186529,-0.591133,350.5216,166.1648,343.6483,0,True,False
551.4604,-0.000288,1.472429,-0.33249,36.67234,161.2086,6.650424,0,0,0,0,0,0,0.002079,1.183773,-0.592501,350.4042,166.1436,343.5934,0,True,False
551.4714,0.000476,1.471627,-0.334522,36.84723,160.9736,6.645258,0,0,0,0,0,0,0.00358,1.181001,-0.593875,350.3103,166.1353,343.4116,0,True,False
551.4826,0.00131,1.470748,-0.336495,37.03942,160.7447,6.620851,0,0,0,0,0,0,0.005316,1.177822,-0.595506,350.2957,166.1275,343.2385,0,True,False
551.4936,0.002222,1.469915,-0.33861,37.2249,160.484,6.554711,0,0,0,0,0,0,0.00699,1.174505,-0.597349,350.3625,166.1937,342.8422,0,True,False
551.5048,0.003265,1.469137,-0.340818,37.42337,160.2605,6.502414,0,0,0,0,0,0,0.008726,1.170972,-0.599187,350.5117,166.3562,342.2158,0,True,False
551.516,0.00429,1.468346,-0.343031,37.59323,160.029,6.451869,0,0,0,0,0,0,0.010264,1.167607,-0.601039,350.666,166.5145,341.6755,0,True,False
551.527,0.005517,1.467576,-0.34539,37.77583,159.7991,6.391668,0,0,0,0,0,0,0.012171,1.16353,-0.603321,351.0425,166.7289,341.2023,0,True,False
551.5381,0.00673,1.466773,-0.347771,37.94696,159.5468,6.341694,0,0,0,0,0,0,0.01415,1.159678,-0.605445,351.3317,166.8441,340.8772,0,True,False
551.5492,0.008086,1.466038,-0.350257,38.12723,159.2958,6.287282,0,0,0,0,0,0,0.016397,1.155922,-0.60754,351.6422,166.8936,340.7769,0,True,False
551.5603,0.009469,1.465237,-0.352763,38.34629,159.0414,6.229348,0,0,0,0,0,0,0.018671,1.151962,-0.609793,351.9424,166.9533,340.5832,0,True,False
551.5714,0.011007,1.464407,-0.355317,38.5877,158.7894,6.15933,0,0,0,0,0,0,0.021069,1.147857,-0.612113,352.1891,166.9748,340.2925,0,True,False
551.5826,0.01266,1.463573,-0.357931,38.87826,158.5502,6.096888,0,0,0,0,0,0,0.023631,1.143973,-0.614489,352.3628,166.9851,339.8435,0,True,False
551.5936,0.014313,1.462735,-0.360497,39.16888,158.3168,6.049631,0,0,0,0,0,0,0.026144,1.140239,-0.617115,352.4695,166.9737,339.3957,0,True,False
551.6047,0.016121,1.461859,-0.363119,39.46497,158.0854,6.007582,0,0,0,0,0,0,0.028919,1.136414,-0.619714,352.5824,166.9102,338.9878,0,True,False
551.6159,0.017949,1.46096,-0.365734,39.7347,157.8599,5.990223,0,0,0,0,0,0,0.031591,1.132513,-0.62241,352.6822,166.854,338.5913,0,True,False
551.6269,0.019926,1.460138,-0.368474,39.98338,157.6522,6.029496,0,0,0,0,0,0,0.034258,1.128798,-0.624961,352.7249,166.8056,338.2942,0,True,False
551.6384,0.021999,1.459296,-0.371345,40.21446,157.4468,6.086331,0,0,0,0,0,0,0.037036,1.124828,-0.627705,352.7737,166.8153,338.0566,0,True,False
551.6492,0.024234,1.458441,-0.374279,40.39606,157.2503,6.203378,0,0,0,0,0,0,0.039197,1.121287,-0.630249,352.7529,167.0107,337.9048,0,True,False
551.6603,0.02652,1.457573,-0.377299,40.56946,157.0418,6.318429,0,0,0,0,0,0,0.04162,1.117776,-0.632933,352.6404,167.2385,337.6967,0,True,False
551.6716,0.02893,1.45664,-0.380428,40.72237,156.841,6.484379,0,0,0,0,0,0,0.044294,1.114329,-0.63587,352.4553,167.3901,337.6654,0,True,False
551.6826,0.031415,1.455666,-0.383595,40.88193,156.651,6.67451,0,0,0,0,0,0,0.047016,1.111386,-0.638598,352.1899,167.4391,337.8785,0,True,False
551.6935,0.034037,1.45463,-0.386872,41.05162,156.459,6.895527,0,0,0,0,0,0,0.050125,1.108453,-0.641474,351.8608,167.4121,338.0415,0,True,False
551.7046,0.036807,1.453521,-0.390195,41.22031,156.277,7.130909,0,0,0,0,0,0,0.053565,1.105227,-0.644515,351.5681,167.2889,338.0895,0,True,False
551.7158,0.039646,1.452386,-0.393501,41.40695,156.1004,7.366528,0,0,0,0,0,0,0.056985,1.102149,-0.647493,351.3262,167.1532,338.107,0,True,False
551.7268,0.042726,1.451123,-0.396858,41.60218,155.9329,7.641487,0,0,0,0,0,0,0.060725,1.098937,-0.650622,351.198,166.9058,338.1412,0,True,False
551.7381,0.045918,1.449855,-0.400299,41.79419,155.7401,7.943771,0,0,0,0,0,0,0.064448,1.095423,-0.653951,351.1433,166.7235,338.2026,0,True,False
551.7491,0.049382,1.448574,-0.403869,42.00153,155.5513,8.321632,0,0,0,0,0,0,0.068336,1.091927,-0.657367,351.104,166.6186,338.2974,0,True,False
551.7603,0.052943,1.447178,-0.407417,42.21303,155.3535,8.749914,0,0,0,0,0,0,0.071957,1.088672,-0.660904,351.0129,166.5813,338.3564,0,True,False
551.7713,0.056767,1.445679,-0.411074,42.45034,155.0948,9.240016,0,0,0,0,0,0,0.075498,1.085498,-0.66451,350.9303,166.653,338.3498,0,True,False
551.7823,0.060694,1.444096,-0.414643,42.70649,154.8124,9.743952,0,0,0,0,0,0,0.079403,1.082013,-0.668451,350.9072,166.6841,338.3709,0,True,False
551.7935,0.064855,1.442455,-0.418404,43.0112,154.4919,10.30303,0,0,0,0,0,0,0.083465,1.07865,-0.672409,350.9309,166.6563,338.3749,0,True,False
551.8047,0.069139,1.440809,-0.422198,43.3235,154.1413,10.79993,0,0,0,0,0,0,0.087514,1.075148,-0.676415,350.9598,166.607,338.3041,0,True,False
551.8157,0.073413,1.439289,-0.426152,43.61028,153.784,11.19,0,0,0,0,0,0,0.091705,1.071723,-0.68051,350.9944,166.5179,338.1472,0,True,False
551.8268,0.077919,1.437778,-0.430222,43.88823,153.4145,11.45803,0,0,0,0,0,0,0.096081,1.068245,-0.684748,350.9211,166.4325,337.999,0,True,False
551.8379,0.082479,1.43629,-0.43443,44.13807,153.055,11.62002,0,0,0,0,0,0,0.100363,1.064957,-0.689045,350.7777,166.3872,337.9978,0,True,False
551.8491,0.087138,1.434803,-0.438815,44.35035,152.7462,11.65472,0,0,0,0,0,0,0.105019,1.06179,-0.693566,350.4348,166.4453,338.4173,0,True,False
551.8601,0.091826,1.433285,-0.443197,44.53605,152.4332,11.62117,0,0,0,0,0,0,0.109339,1.058683,-0.698052,350.1412,166.5356,338.8059,0,True,False
551.8713,0.096661,1.431826,-0.447849,44.69617,152.1624,11.50209,0,0,0,0,0,0,0.113655,1.055688,-0.702654,349.8896,166.651,338.9732,0,True,False
551.8826,0.101541,1.430369,-0.4524,44.87492,151.8733,11.38276,0,0,0,0,0,0,0.11803,1.052503,-0.707495,349.7613,166.7849,339.0375,0,True,False
551.8934,0.106569,1.429068,-0.457264,45.0349,151.5826,11.25157,0,0,0,0,0,0,0.122578,1.049202,-0.712534,349.7646,166.8567,339.1055,0,True,False
551.9045,0.111616,1.4279,-0.462156,45.19963,151.2771,11.19426,0,0,0,0,0,0,0.127382,1.045998,-0.717814,349.7857,166.9044,339.1929,0,True,False
551.9158,0.116809,1.426768,-0.467254,45.42742,150.9933,11.0957,0,0,0,0,0,0,0.132244,1.042558,-0.723236,349.7677,166.9772,339.2337,0,True,False
551.9268,0.122066,1.42564,-0.472352,45.60246,150.655,11.02487,0,0,0,0,0,0,0.137214,1.039443,-0.728866,349.7234,167.1066,339.2695,0,True,False
551.9381,0.127505,1.424648,-0.477621,45.768,150.3338,11.01805,0,0,0,0,0,0,0.14214,1.036115,-0.734475,349.6497,167.2494,339.3266,0,True,False
551.949,0.133086,1.423709,-0.483055,45.89073,150.0595,10.99579,0,0,0,0,0,0,0.147207,1.033235,-0.740051,349.6346,167.4035,339.3281,0,True,False
551.9602,0.138771,1.422833,-0.488583,46.01811,149.77,10.99195,0,0,0,0,0,0,0.152618,1.03012,-0.746157,349.7973,167.5158,339.2253,0,True,False
551.9713,0.14464,1.422055,-0.494345,46.10144,149.5195,11.02243,0,0,0,0,0,0,0.158267,1.026588,-0.752466,350.1322,167.6337,339.097,0,True,False
551.9827,0.150604,1.421332,-0.500202,46.18062,149.2194,11.00731,0,0,0,0,0,0,0.163945,1.023244,-0.758911,350.5428,167.7813,338.9027,0,True,False
551.9934,0.156726,1.420754,-0.506242,46.22096,148.9202,10.96007,0,0,0,0,0,0,0.169566,1.019893,-0.765266,350.9195,167.9034,338.7035,0,True,False
552.0045,0.162999,1.420265,-0.512462,46.21769,148.6035,10.8871,0,0,0,0,0,0,0.175561,1.016871,-0.771979,351.2254,167.9854,338.5633,0,True,False
552.0157,0.169261,1.419813,-0.518774,46.20036,148.268,10.75716,0,0,0,0,0,0,0.181422,1.013695,-0.778663,351.4339,168.0545,338.4529,0,True,False
552.0267,0.175775,1.419594,-0.52532,46.1419,147.9652,10.61695,0,0,0,0,0,0,0.187288,1.010931,-0.78526,351.4904,168.1284,338.3137,0,True,False
552.0378,0.18244,1.419561,-0.532143,46.1284,147.6634,10.49069,0,0,0,0,0,0,0.193166,1.008273,-0.792013,351.5086,168.2432,338.2159,0,True,False
552.049,0.189277,1.419579,-0.539032,46.10522,147.4192,10.34547,0,0,0,0,0,0,0.199244,1.00591,-0.798811,351.3463,168.33,338.3636,0,True,False
552.0601,0.196076,1.419826,-0.545918,46.09466,147.1891,10.19557,0,0,0,0,0,0,0.205209,1.003379,-0.805548,351.3514,168.4152,338.3974,0,True,False
552.0712,0.202974,1.420281,-0.552992,46.10711,146.9502,10.06849,0,0,0,0,0,0,0.211084,1.00109,-0.812277,351.3713,168.475,338.3152,0,True,False
552.0825,0.209916,1.420882,-0.560211,46.1664,146.7504,9.960835,0,0,0,0,0,0,0.217297,0.998491,-0.819388,351.3739,168.5137,338.2244,0,True,False
552.0934,0.217037,1.421871,-0.567584,46.30253,146.6409,9.862766,0,0,0,0,0,0,0.222898,0.996167,-0.825809,351.3037,168.5484,338.2797,0,True,False
552.1046,0.224098,1.422863,-0.574974,46.42627,146.5504,9.789904,0,0,0,0,0,0,0.228863,0.993719,-0.832604,351.1863,168.5895,338.5274,0,True,False
552.1157,0.231081,1.423803,-0.582487,46.54453,146.4764,9.73682,0,0,0,0,0,0,0.234603,0.991647,-0.839147,350.9476,168.6367,339.0405,0,True,False
552.1267,0.238035,1.424603,-0.589894,46.67694,146.3873,9.669095,0,0,0,0,0,0,0.240051,0.989543,-0.84538,350.7577,168.7095,339.5227,0,True,False
552.1378,0.244807,1.425175,-0.5973,46.82509,146.3514,9.6006,0,0,0,0,0,0,0.245564,0.987635,-0.851947,350.6698,168.8469,339.9538,0,True,False
552.1489,0.251484,1.425457,-0.604622,46.98057,146.3095,9.483755,0,0,0,0,0,0,0.250987,0.985409,-0.858432,350.7556,168.9916,340.1646,0,True,False
552.1602,0.25795,1.425533,-0.611859,47.0495,146.2477,9.31402,0,0,0,0,0,0,0.256242,0.983186,-0.865153,350.9923,169.1635,340.1081,0,True,False
552.1711,0.264133,1.425316,-0.619097,47.14201,146.1465,9.0879,0,0,0,0,0,0,0.261234,0.98122,-0.871494,351.2289,169.3299,339.995,0,True,False
552.1822,0.270094,1.42497,-0.626284,47.23886,145.9592,8.796049,0,0,0,0,0,0,0.266395,0.978985,-0.878259,351.5074,169.5194,339.8109,0,True,False
552.1934,0.275841,1.424518,-0.633441,47.3684,145.7726,8.58497,0,0,0,0,0,0,0.271081,0.9771,-0.885034,351.765,169.7606,339.4629,0,True,False
552.2044,0.281435,1.423971,-0.640607,47.61033,145.5412,8.410748,0,0,0,0,0,0,0.275688,0.975433,-0.891403,351.7426,169.9438,339.4012,0,True,False
552.2156,0.287044,1.423473,-0.647801,47.90779,145.3669,8.273407,0,0,0,0,0,0,0.280421,0.973697,-0.89793,351.6741,170.1396,339.3328,0,True,False
552.2267,0.292282,1.42286,-0.654816,48.29431,145.2134,8.175972,0,0,0,0,0,0,0.285096,0.972019,-0.904258,351.4791,170.3019,339.4542,0,True,False
552.2379,0.297421,1.422215,-0.661851,48.68068,145.0419,7.99063,0,0,0,0,0,0,0.289656,0.970442,-0.91067,351.2878,170.4499,339.6707,0,True,False
552.2489,0.302064,1.421453,-0.668614,49.10117,144.8937,7.750061,0,0,0,0,0,0,0.293785,0.969015,-0.916603,351.0516,170.598,339.8387,0,True,False
552.2601,0.306702,1.420654,-0.675382,49.53405,144.7721,7.46265,0,0,0,0,0,0,0.298261,0.967399,-0.922806,350.8288,170.7604,339.9456,0,True,False
552.2711,0.311185,1.419756,-0.682086,49.96284,144.7247,7.150795,0,0,0,0,0,0,0.30246,0.965868,-0.928794,350.6141,170.875,339.9853,0,True,False
552.2822,0.315677,1.418849,-0.688901,50.34129,144.6973,6.859089,0,0,0,0,0,0,0.306418,0.964222,-0.93441,350.501,170.9472,339.9381,0,True,False
552.2933,0.32003,1.417835,-0.695655,50.66362,144.7269,6.607164,0,0,0,0,0,0,0.310643,0.962396,-0.940332,350.4138,171.0472,339.9115,0,True,False
552.3044,0.32433,1.416804,-0.702488,50.95653,144.7005,6.322636,0,0,0,0,0,0,0.314531,0.960499,-0.945975,350.4828,171.1864,339.821,0,True,False
552.3155,0.328501,1.415883,-0.709407,51.23222,144.7319,6.10919,0,0,0,0,0,0,0.318632,0.958398,-0.951811,350.5077,171.345,339.8084,0,True,False
552.3267,0.33259,1.41482,-0.71629,51.50359,144.796,5.936481,0,0,0,0,0,0,0.322495,0.956464,-0.957649,350.5718,171.547,339.7933,0,True,False
552.3376,0.336544,1.413772,-0.72323,51.77015,144.8432,5.801096,0,0,0,0,0,0,0.326,0.954392,-0.963021,350.5833,171.7201,339.7937,0,True,False
552.3489,0.340452,1.412705,-0.730387,52.06787,144.9284,5.763425,0,0,0,0,0,0,0.329833,0.951963,-0.968654,350.6057,171.8509,339.8641,0,True,False
552.36,0.344228,1.411643,-0.737308,52.35167,145.0108,5.744243,0,0,0,0,0,0,0.333618,0.949674,-0.974295,350.6149,171.9326,339.8964,0,True,False
552.371,0.347934,1.410514,-0.744292,52.64499,145.076,5.733734,0,0,0,0,0,0,0.337607,0.947004,-0.979916,350.6917,171.9019,339.9162,0,True,False
552.3823,0.351498,1.409387,-0.751358,52.89804,145.1308,5.701356,0,0,0,0,0,0,0.341242,0.944603,-0.985147,350.7797,171.8813,339.9142,0,True,False
552.3932,0.354981,1.408176,-0.758418,53.12904,145.1932,5.619926,0,0,0,0,0,0,0.344971,0.94187,-0.990746,350.8604,171.8942,339.9586,0,True,False
552.4044,0.358501,1.407028,-0.765472,53.32828,145.2348,5.485611,0,0,0,0,0,0,0.34834,0.939412,-0.996281,350.9059,172.0641,339.9549,0,True,False
552.4156,0.361881,1.405867,-0.772507,53.48938,145.2726,5.304552,0,0,0,0,0,0,0.351555,0.936973,-1.001772,350.9757,172.3068,339.8583,0,True,False
552.4266,0.365277,1.404668,-0.779671,53.63632,145.2794,5.103201,0,0,0,0,0,0,0.3547,0.934259,-1.007086,351.1147,172.4858,339.7492,0,True,False
552.4377,0.368775,1.403464,-0.786858,53.76453,145.2809,4.918213,0,0,0,0,0,0,0.358112,0.931558,-1.012702,351.2863,172.5807,339.6725,0,True,False
552.4489,0.372291,1.402214,-0.794136,53.82494,145.2648,4.734451,0,0,0,0,0,0,0.361771,0.928417,-1.01828,351.5103,172.5897,339.5773,0,True,False
552.46,0.375692,1.400927,-0.801547,53.86562,145.2432,4.562903,0,0,0,0,0,0,0.36533,0.925415,-1.023844,351.6835,172.6092,339.4519,0,True,False
552.471,0.379058,1.399484,-0.809012,53.89647,145.2372,4.367919,0,0,0,0,0,0,0.368923,0.922349,-1.029149,351.758,172.5933,339.4429,0,True,False
552.4822,0.382393,1.397971,-0.816487,53.92418,145.1941,4.145434,0,0,0,0,0,0,0.372723,0.91913,-1.03472,351.8065,172.5505,339.5127,0,True,False
552.4932,0.385561,1.396293,-0.82394,53.98166,145.1394,3.932828,0,0,0,0,0,0,0.376396,0.915902,-1.040562,351.8591,172.4409,339.644,0,True,False
552.5043,0.38871,1.394493,-0.831402,54.03487,145.0844,3.702419,0,0,0,0,0,0,0.37998,0.912618,-1.046195,351.9374,172.4065,339.6809,0,True,False
552.5156,0.391908,1.392575,-0.838846,54.0731,145.0656,3.534507,0,0,0,0,0,0,0.383578,0.90924,-1.052426,352.0151,172.3974,339.688,0,True,False
552.5265,0.395121,1.390552,-0.846443,54.12368,145.0457,3.35452,0,0,0,0,0,0,0.387044,0.905896,-1.058104,352.0519,172.4081,339.6791,0,True,False
552.5377,0.3984,1.388507,-0.854112,54.17861,145.065,3.176738,0,0,0,0,0,0,0.390634,0.902558,-1.064085,352.0562,172.4125,339.6409,0,True,False
552.5488,0.401518,1.38626,-0.861892,54.25851,145.0704,2.985363,0,0,0,0,0,0,0.393921,0.899195,-1.070045,352.0884,172.3668,339.5604,0,True,False
552.5599,0.404697,1.383991,-0.869708,54.35622,145.0733,2.791687,0,0,0,0,0,0,0.397652,0.895425,-1.076311,352.1429,172.2609,339.524,0,True,False
552.571,0.407754,1.381508,-0.877352,54.47749,145.1092,2.662506,0,0,0,0,0,0,0.4013,0.891576,-1.08271,352.1586,172.188,339.5816,0,True,False
552.582,0.410808,1.379051,-0.885096,54.60601,145.126,2.555462,0,0,0,0,0,0,0.404904,0.887774,-1.089103,352.1327,172.1425,339.6918,0,True,False
552.5932,0.413929,1.376488,-0.892993,54.78238,145.13,2.513477,0,0,0,0,0,0,0.408511,0.883902,-1.095291,352.0697,172.0576,339.8372,0,True,False
552.6042,0.416988,1.373893,-0.900968,54.92494,145.125,2.46985,0,0,0,0,0,0,0.412112,0.880016,-1.101715,352.0116,171.9557,339.9715,0,True,False
552.6155,0.420305,1.371264,-0.909202,55.0458,145.1472,2.472243,0,0,0,0,0,0,0.415944,0.875899,-1.108276,351.8959,171.8109,340.243,0,True,False
552.6265,0.423638,1.368561,-0.917486,55.13809,145.1406,2.424533,0,0,0,0,0,0,0.419735,0.871806,-1.114956,351.7641,171.68,340.4801,0,True,False
552.6376,0.427025,1.365849,-0.925955,55.25376,145.153,2.36769,0,0,0,0,0,0,0.423393,0.867775,-1.121323,351.6751,171.5395,340.5863,0,True,False
552.6487,0.430491,1.363066,-0.934496,55.45571,145.2008,2.334749,0,0,0,0,0,0,0.427206,0.86332,-1.128368,351.6956,171.345,340.4462,0,True,False
552.6599,0.434012,1.360218,-0.943032,55.67719,145.2591,2.322423,0,0,0,0,0,0,0.430848,0.85885,-1.135169,351.7575,171.1739,340.4075,0,True,False
552.6709,0.437722,1.357191,-0.951793,55.90353,145.3043,2.276382,0,0,0,0,0,0,0.43463,0.8541,-1.14214,351.9406,170.9792,340.1416,0,True,False
552.6821,0.441443,1.353938,-0.960622,56.07442,145.3446,2.230414,0,0,0,0,0,0,0.43848,0.849573,-1.149182,352.056,170.7952,339.9553,0,True,False
552.6931,0.445375,1.35058,-0.969648,56.17934,145.3224,2.048969,0,0,0,0,0,0,0.442259,0.845121,-1.155823,352.012,170.6065,340.0993,0,True,False
552.7042,0.449294,1.346941,-0.978725,56.21585,145.2683,1.808815,0,0,0,0,0,0,0.446289,0.840854,-1.162804,351.7886,170.4215,340.586,0,True,False
552.7153,0.453427,1.343126,-0.988059,56.19904,145.1777,1.475628,0,0,0,0,0,0,0.450424,0.836647,-1.169918,351.469,170.2412,340.9898,0,True,False
552.7265,0.457635,1.339329,-0.997478,56.20064,145.1015,1.170475,0,0,0,0,0,0,0.454514,0.832223,-1.176929,351.1794,170.04,341.0595,0,True,False
552.7376,0.46221,1.335492,-1.007423,56.28022,145.0533,0.874698,0,0,0,0,0,0,0.458462,0.82784,-1.183549,350.961,169.8657,341.0524,0,True,False
552.7487,0.466921,1.331269,-1.017416,56.37634,145.1631,0.736934,0,0,0,0,0,0,0.462693,0.822871,-1.190331,350.6772,169.669,341.4485,0,True,False
552.7599,0.471442,1.326708,-1.027089,56.44162,145.2828,0.646059,0,0,0,0,0,0,0.467029,0.817997,-1.197273,350.3931,169.5182,342.2308,0,True,False
552.7709,0.47593,1.32167,-1.03642,56.4095,145.4087,0.609515,0,0,0,0,0,0,0.471285,0.813211,-1.203812,350.1595,169.4817,342.7344,0,True,False
552.782,0.480437,1.31621,-1.04543,56.39444,145.4994,0.562448,0,0,0,0,0,0,0.475569,0.808211,-1.210739,349.9761,169.4733,342.897,0,True,False
552.7931,0.485005,1.310157,-1.054091,56.41635,145.5165,0.37433,0,0,0,0,0,0,0.480255,0.802594,-1.217884,349.9303,169.5224,342.6939,0,True,False
552.8042,0.489516,1.303881,-1.062411,56.45164,145.5352,0.198654,0,0,0,0,0,0,0.484986,0.796498,-1.224885,349.9653,169.5375,342.3774,0,True,False
552.8153,0.493832,1.297104,-1.070094,56.48254,145.5317,0.019162,0,0,0,0,0,0,0.489387,0.791055,-1.231748,349.9522,169.5685,342.061,0,True,False
552.8264,0.498051,1.29032,-1.077688,56.57219,145.4811,359.8464,0,0,0,0,0,0,0.49455,0.784202,-1.23878,349.8997,169.503,341.6363,0,True,False
552.8375,0.502347,1.283229,-1.08497,56.83002,145.4588,359.8336,0,0,0,0,0,0,0.499635,0.777918,-1.245791,349.7511,169.3552,341.6236,0,True,False
552.8486,0.507044,1.276159,-1.092602,57.13068,145.5179,0.041766,0,0,0,0,0,0,0.505008,0.771042,-1.25253,349.3572,169.1394,342.1823,0,True,False
552.8598,0.511821,1.269112,-1.100373,57.34546,145.5387,0.294742,0,0,0,0,0,0,0.509793,0.764474,-1.258811,348.9931,169.0432,342.4595,0,True,False
552.8708,0.516577,1.262054,-1.108031,57.56911,145.636,0.70321,0,0,0,0,0,0,0.514926,0.757324,-1.265351,348.6221,168.9385,342.796,0,True,False
552.882,0.521236,1.254865,-1.115439,57.81624,145.7478,0.991266,0,0,0,0,0,0,0.520072,0.749959,-1.271756,348.4569,168.7617,342.9785,0,True,False
552.8931,0.525646,1.247238,-1.122189,58.03942,145.8412,1.177851,0,0,0,0,0,0,0.525286,0.741666,-1.27839,348.5883,168.5425,342.9019,0,True,False
552.9042,0.530023,1.239642,-1.128681,58.21143,145.8311,1.204303,0,0,0,0,0,0,0.530189,0.733322,-1.284673,348.7563,168.5643,342.8358,0,True,False
552.9152,0.534281,1.231503,-1.134541,58.32809,145.7918,1.074903,0,0,0,0,0,0,0.534572,0.724471,-1.291239,348.8953,168.8597,342.9159,0,True,False
552.9264,0.538516,1.223428,-1.140627,58.45725,145.701,0.859198,0,0,0,0,0,0,0.538694,0.715776,-1.297926,349.0189,169.2869,343.1207,0,True,False
552.9375,0.542794,1.214973,-1.14642,58.51855,145.6561,0.64732,0,0,0,0,0,0,0.542914,0.706907,-1.304561,349.1345,169.6272,343.2205,0,True,False
552.9487,0.546959,1.206645,-1.152261,58.5701,145.6637,0.584687,0,0,0,0,0,0,0.54676,0.698303,-1.310729,349.3835,169.9297,342.9378,0,True,False
552.9597,0.551276,1.198435,-1.157989,58.70029,145.6856,0.597346,0,0,0,0,0,0,0.550954,0.688907,-1.317045,349.6684,169.9687,342.7905,0,True,False
552.9708,0.55579,1.189908,-1.163539,58.86269,145.6528,0.616885,0,0,0,0,0,0,0.555459,0.679771,-1.322818,349.897,169.8934,342.7551,0,True,False
552.982,0.56027,1.181251,-1.168957,58.94717,145.504,0.523088,0,0,0,0,0,0,0.559705,0.670869,-1.328626,350.0152,169.8753,342.7024,0,True,False
552.993,0.564604,1.172074,-1.173734,58.91472,145.2955,0.369132,0,0,0,0,0,0,0.563617,0.662542,-1.333966,349.8182,169.9782,342.8206,0,True,False
553.0041,0.568632,1.162837,-1.178297,58.92253,145.1121,0.230799,0,0,0,0,0,0,0.567784,0.653677,-1.339413,349.5766,170.1309,343.0574,0,True,False
553.0152,0.572383,1.15329,-1.182426,59.01043,144.9382,0.044388,0,0,0,0,0,0,0.571806,0.644564,-1.344602,349.1848,170.3459,343.3065,0,True,False
553.0264,0.576146,1.143612,-1.186348,59.16143,144.8397,359.992,0,0,0,0,0,0,0.5759,0.635435,-1.350167,349.0538,170.4173,343.4484,0,True,False
553.0374,0.579783,1.134157,-1.190064,59.34352,144.7437,0.041435,0,0,0,0,0,0,0.579983,0.625766,-1.354959,349.1203,170.3894,343.36,0,True,False
553.0486,0.583603,1.124679,-1.193769,59.62893,144.5917,0.095506,0,0,0,0,0,0,0.584205,0.615716,-1.360028,349.2972,170.2854,343.3156,0,True,False
553.0597,0.587556,1.115366,-1.197826,59.92511,144.3578,0.027409,0,0,0,0,0,0,0.588351,0.60577,-1.364804,349.4425,170.2086,343.369,0,True,False
553.0707,0.591651,1.10592,-1.201878,60.13065,144.1079,359.9156,0,0,0,0,0,0,0.592199,0.596015,-1.36891,349.7031,170.0958,343.3051,0,True,False
553.0818,0.595663,1.096423,-1.205824,60.26,143.9541,359.8159,0,0,0,0,0,0,0.596453,0.585921,-1.373282,349.9694,169.9508,343.3271,0,True,False
553.093,0.599527,1.08668,-1.209509,60.33993,143.867,359.7107,0,0,0,0,0,0,0.601066,0.575543,-1.37737,350.1102,169.7648,343.5052,0,True,False
553.1041,0.603196,1.076946,-1.212991,60.4082,143.8218,359.6907,0,0,0,0,0,0,0.6054,0.565411,-1.3815,350.0571,169.5963,343.7671,0,True,False
553.1151,0.606762,1.067136,-1.216294,60.44667,143.828,359.7401,0,0,0,0,0,0,0.609623,0.556352,-1.384975,349.8783,169.3875,343.9935,0,True,False
553.1263,0.610244,1.05748,-1.219494,60.46847,143.7754,359.713,0,0,0,0,0,0,0.614108,0.546186,-1.388877,349.7491,169.1309,344.1979,0,True,False
553.1373,0.613554,1.048043,-1.222659,60.51725,143.7922,359.7205,0,0,0,0,0,0,0.61864,0.53674,-1.392217,349.5887,168.7356,344.4316,0,True,False
553.1485,0.616814,1.038635,-1.225596,60.64711,143.7016,359.5529,0,0,0,0,0,0,0.623143,0.526681,-1.395719,349.5413,168.3543,344.5114,0,True,False
553.1597,0.620025,1.029097,-1.228269,60.86935,143.6424,359.4534,0,0,0,0,0,0,0.627597,0.516534,-1.398897,349.7036,167.9836,344.3589,0,True,False
553.1707,0.62305,1.019883,-1.230663,61.22358,143.6164,359.3887,0,0,0,0,0,0,0.631851,0.506414,-1.401687,350.0513,167.6001,344.2609,0,True,False
553.1818,0.626205,1.010465,-1.233058,61.57948,143.6492,359.3664,0,0,0,0,0,0,0.636138,0.49584,-1.404551,350.4246,167.1875,344.2614,0,True,False
553.1929,0.629383,1.001482,-1.235496,61.87035,143.8572,359.5063,0,0,0,0,0,0,0.640206,0.485565,-1.407135,350.7542,166.8309,344.5914,0,True,False
553.204,0.632548,0.992548,-1.238023,62.01447,144.1157,359.696,0,0,0,0,0,0,0.643259,0.476088,-1.409521,350.7058,166.7202,345.1776,0,True,False
553.2153,0.635618,0.983826,-1.240655,62.07685,144.4066,359.9464,0,0,0,0,0,0,0.646548,0.46619,-1.411876,350.4827,166.7605,345.6443,0,True,False
553.2263,0.638619,0.975314,-1.243195,62.19215,144.6788,0.229632,0,0,0,0,0,0,0.649191,0.457226,-1.414118,350.2896,166.8915,345.8411,0,True,False
553.2373,0.641386,0.967158,-1.245277,62.27295,144.9243,0.608479,0,0,0,0,0,0,0.652359,0.447365,-1.416806,350.297,166.8388,345.9739,0,True,False
553.2485,0.644058,0.959424,-1.247208,62.3795,144.9832,0.930079,0,0,0,0,0,0,0.65551,0.437933,-1.41901,350.5048,166.7155,345.892,0,True,False
553.2596,0.646358,0.951944,-1.249041,62.48831,144.865,1.117187,0,0,0,0,0,0,0.658445,0.427921,-1.421597,350.8668,166.5406,345.7022,0,True,False
553.2706,0.648502,0.944903,-1.250945,62.57762,144.6082,1.153009,0,0,0,0,0,0,0.661425,0.418171,-1.42402,351.2244,166.4225,345.6466,0,True,False
553.2817,0.650833,0.937894,-1.25302,62.64547,144.4641,1.194367,0,0,0,0,0,0,0.663818,0.408714,-1.426511,351.4789,166.3802,345.6773,0,True,False
553.293,0.652935,0.930771,-1.254998,62.65153,144.2848,1.157862,0,0,0,0,0,0,0.665871,0.39959,-1.429141,351.6837,166.4549,345.749,0,True,False
553.304,0.65511,0.923686,-1.256803,62.61257,144.0402,1.063068,0,0,0,0,0,0,0.667821,0.391119,-1.431367,351.898,166.6065,345.8261,0,True,False
553.3151,0.657019,0.916299,-1.258267,62.5596,143.6865,0.833876,0,0,0,0,0,0,0.669596,0.382042,-1.433966,352.1797,166.879,345.9876,0,True,False
553.3262,0.658917,0.908854,-1.259619,62.54982,143.2906,0.512648,0,0,0,0,0,0,0.671244,0.373245,-1.436181,352.4966,167.276,346.1085,0,True,False
553.3373,0.660616,0.901388,-1.260698,62.61204,142.8347,0.052925,0,0,0,0,0,0,0.672845,0.364293,-1.438731,352.8497,167.6064,346.1979,0,True,False
553.3484,0.662236,0.89405,-1.261877,62.73668,142.4836,359.6618,0,0,0,0,0,0,0.67471,0.356063,-1.440755,353.1847,167.7745,346.2619,0,True,False
553.3596,0.66358,0.886955,-1.262857,62.9331,142.1745,359.2867,0,0,0,0,0,0,0.676503,0.347704,-1.442783,353.5256,167.8288,346.1361,0,True,False
553.3706,0.664805,0.880135,-1.263829,63.18293,142.0272,359.1749,0,0,0,0,0,0,0.677935,0.339932,-1.444783,353.7413,167.9253,345.9392,0,True,False
553.3818,0.666158,0.873567,-1.264975,63.45665,141.9716,359.2222,0,0,0,0,0,0,0.679535,0.332525,-1.446405,353.9149,168.035,345.9686,0,True,False
553.3928,0.667421,0.867246,-1.266208,63.73867,142.062,359.4501,0,0,0,0,0,0,0.68092,0.325332,-1.448293,353.9312,168.1972,346.2116,0,True,False
553.4039,0.668687,0.860809,-1.267541,63.87617,142.2147,359.7416,0,0,0,0,0,0,0.682487,0.318519,-1.449851,353.817,168.3897,346.3775,0,True,False
553.415,0.669791,0.854408,-1.268728,63.83214,142.4753,0.142609,0,0,0,0,0,0,0.683979,0.31195,-1.451445,353.6588,168.4882,346.4834,0,True,False
553.4262,0.670842,0.847811,-1.269948,63.70317,142.5781,0.329562,0,0,0,0,0,0,0.685784,0.304895,-1.453309,353.5378,168.5318,346.6234,0,True,False
553.4373,0.671767,0.841379,-1.271021,63.51711,142.5718,0.362851,0,0,0,0,0,0,0.687668,0.298453,-1.454636,353.324,168.4599,346.6797,0,True,False
553.4485,0.672573,0.834882,-1.27203,63.36824,142.5143,0.304949,0,0,0,0,0,0,0.689404,0.291661,-1.456128,353.1894,168.3436,346.6751,0,True,False
553.4596,0.673471,0.828473,-1.273046,63.3131,142.534,0.246019,0,0,0,0,0,0,0.691238,0.284846,-1.457402,353.1217,168.2929,346.5253,0,True,False
553.4706,0.674285,0.822038,-1.273881,63.30368,142.6366,0.182111,0,0,0,0,0,0,0.692359,0.27847,-1.45841,353.1984,168.3277,346.2632,0,True,False
553.4821,0.67499,0.815795,-1.274721,63.35452,142.8518,0.218978,0,0,0,0,0,0,0.694096,0.271359,-1.459676,353.2043,168.4198,346.1468,0,True,False
553.4928,0.675644,0.809561,-1.27527,63.43823,143.0893,0.295754,0,0,0,0,0,0,0.695314,0.265068,-1.460637,353.1654,168.5869,346.0265,0,True,False
553.5039,0.676222,0.803195,-1.275837,63.47054,143.2423,0.358357,0,0,0,0,0,0,0.696801,0.258596,-1.461387,353.0648,168.7299,346.0628,0,True,False
553.515,0.676829,0.79684,-1.276324,63.42106,143.4067,0.476338,0,0,0,0,0,0,0.698038,0.252499,-1.462409,352.9578,168.8496,346.1068,0,True,False
553.5261,0.677323,0.790598,-1.276775,63.27847,143.5592,0.596504,0,0,0,0,0,0,0.699189,0.246417,-1.463025,352.8299,168.9411,346.1825,0,True,False
553.5373,0.677634,0.784597,-1.27709,63.17428,143.7563,0.79115,0,0,0,0,0,0,0.700288,0.240085,-1.463838,352.748,169.0298,346.2536,0,True,False
553.5485,0.67785,0.77884,-1.277361,63.17858,143.9942,1.071797,0,0,0,0,0,0,0.701308,0.233942,-1.464288,352.6535,169.1269,346.4379,0,True,False
553.5594,0.677953,0.773535,-1.277648,63.36284,144.3347,1.497856,0,0,0,0,0,0,0.702282,0.228139,-1.464729,352.6293,169.1971,346.6104,0,True,False
553.5706,0.678122,0.768307,-1.277836,63.54335,144.6872,1.959838,0,0,0,0,0,0,0.703242,0.222076,-1.465144,352.6528,169.2731,346.6756,0,True,False
553.5817,0.678311,0.763403,-1.277888,63.64845,145.0213,2.409415,0,0,0,0,0,0,0.704222,0.216278,-1.465435,352.753,169.3602,346.5673,0,True,False
553.5928,0.678587,0.758737,-1.277975,63.57889,145.2227,2.660435,0,0,0,0,0,0,0.704988,0.210642,-1.46564,352.8506,169.5342,346.4323,0,True,False
553.6038,0.678842,0.754126,-1.278115,63.40155,145.354,2.760399,0,0,0,0,0,0,0.705568,0.205195,-1.466216,352.9726,169.7567,346.3132,0,True,False
553.615,0.679142,0.749846,-1.278454,63.12638,145.3506,2.581512,0,0,0,0,0,0,0.706249,0.199652,-1.46667,353.0618,169.9249,346.2956,0,True,False
553.6262,0.679628,0.745727,-1.278859,62.88802,145.3737,2.397798,0,0,0,0,0,0,0.706908,0.194457,-1.466855,353.108,170.0093,346.4816,0,True,False
553.6371,0.680046,0.74188,-1.27913,62.65842,145.4577,2.279656,0,0,0,0,0,0,0.707725,0.189518,-1.466839,353.0651,169.9438,346.7039,0,True,False
553.6485,0.680398,0.738129,-1.279338,62.53248,145.5546,2.266626,0,0,0,0,0,0,0.708594,0.184733,-1.466787,353.0128,169.7781,346.8486,0,True,False
553.6595,0.680586,0.734853,-1.279464,62.52977,145.6882,2.367386,0,0,0,0,0,0,0.709512,0.180765,-1.466593,352.8866,169.4767,347.0094,0,True,False
553.6705,0.680712,0.731762,-1.279633,62.60098,145.8968,2.571058,0,0,0,0,0,0,0.710418,0.176547,-1.466437,352.8195,169.23,347.1837,0,True,False
553.6816,0.680757,0.728815,-1.279674,62.69276,146.127,2.793631,0,0,0,0,0,0,0.710793,0.172796,-1.466193,352.7744,169.1805,347.2583,0,True,False
553.6927,0.680852,0.726068,-1.279771,62.76723,146.3053,2.9898,0,0,0,0,0,0,0.710914,0.169152,-1.466089,352.7783,169.3535,347.1711,0,True,False
553.7038,0.680953,0.723213,-1.279682,62.74553,146.4259,3.152377,0,0,0,0,0,0,0.710837,0.165422,-1.466169,352.8094,169.5184,347.19,0,True,False
553.715,0.68105,0.720596,-1.27963,62.68257,146.3608,3.17964,0,0,0,0,0,0,0.710706,0.161595,-1.466211,352.9911,169.7228,347.2353,0,True,False
553.7261,0.681179,0.718004,-1.279638,62.57798,146.2154,3.125693,0,0,0,0,0,0,0.710556,0.157848,-1.466238,353.2256,169.8772,347.1636,0,True,False
553.7372,0.681324,0.715708,-1.279795,62.51832,146.0184,2.961347,0,0,0,0,0,0,0.710201,0.154604,-1.466321,353.3916,169.993,347.12,0,True,False
553.7484,0.681408,0.713455,-1.279953,62.47134,145.8844,2.782473,0,0,0,0,0,0,0.710001,0.151369,-1.466349,353.4396,170.0227,347.3127,0,True,False
553.7593,0.681545,0.711462,-1.280079,62.48202,145.7837,2.602756,0,0,0,0,0,0,0.70972,0.148465,-1.466314,353.4162,170.0083,347.6465,0,True,False
553.7705,0.681645,0.709718,-1.280262,62.5316,145.7318,2.505248,0,0,0,0,0,0,0.709679,0.145761,-1.466421,353.4065,169.9836,347.9322,0,True,False
553.7816,0.681752,0.707951,-1.280379,62.53144,145.6797,2.455246,0,0,0,0,0,0,0.709548,0.142855,-1.46646,353.4464,170.008,348.0504,0,True,False
553.7926,0.681796,0.706408,-1.2805,62.51204,145.6342,2.418399,0,0,0,0,0,0,0.709491,0.140172,-1.466763,353.6211,170.0239,347.9774,0,True,False
553.8038,0.681868,0.704873,-1.280741,62.4539,145.6,2.35041,0,0,0,0,0,0,0.709692,0.137482,-1.466857,353.887,169.9353,347.8596,0,True,False
553.8151,0.681888,0.703522,-1.280979,62.388,145.589,2.278661,0,0,0,0,0,0,0.709722,0.135049,-1.467182,354.1709,169.8312,347.6872,0,True,False
553.8261,0.681846,0.70238,-1.281296,62.32656,145.5608,2.202374,0,0,0,0,0,0,0.709645,0.133317,-1.467344,354.2237,169.6927,347.8752,0,True,False
553.837,0.681953,0.701246,-1.281674,62.2639,145.5373,2.15405,0,0,0,0,0,0,0.709543,0.131396,-1.467501,354.1729,169.5822,348.0543,0,True,False
553.8483,0.682135,0.700213,-1.282101,62.19085,145.531,2.150369,0,0,0,0,0,0,0.709418,0.130335,-1.467575,353.9066,169.4388,348.278,0,True,False
553.8605,0.682395,0.699204,-1.282525,62.10097,145.5508,2.157361,0,0,0,0,0,0,0.709236,0.129087,-1.467749,353.7374,169.3463,348.5103,0,True,False
553.8705,0.682533,0.698248,-1.283049,62.01157,145.6396,2.189404,0,0,0,0,0,0,0.709156,0.128161,-1.46799,353.4632,169.297,348.748,0,True,False
553.8817,0.682739,0.697256,-1.283647,61.92352,145.8131,2.284478,0,0,0,0,0,0,0.708931,0.1272,-1.468242,353.3171,169.2501,348.6083,0,True,False
553.8928,0.682729,0.696247,-1.284091,61.82405,146.0388,2.430364,0,0,0,0,0,0,0.708878,0.125817,-1.46887,353.3779,169.1678,348.2829,0,True,False
553.9037,0.682754,0.695277,-1.284415,61.74341,146.2224,2.583076,0,0,0,0,0,0,0.709108,0.124284,-1.469234,353.6023,169.1068,347.9633,0,True,False
553.9149,0.682732,0.694198,-1.284645,61.71206,146.3257,2.694919,0,0,0,0,0,0,0.709228,0.122753,-1.469616,353.7642,169.0291,347.7858,0,True,False
553.9259,0.682692,0.693144,-1.284759,61.72317,146.3294,2.726646,0,0,0,0,0,0,0.709409,0.12122,-1.469868,353.8596,168.8869,347.8517,0,True,False
553.9371,0.682625,0.692071,-1.284922,61.76746,146.2867,2.720142,0,0,0,0,0,0,0.709718,0.119993,-1.470065,353.8256,168.6775,347.9893,0,True,False
553.9482,0.682601,0.691,-1.285052,61.84658,146.2371,2.69935,0,0,0,0,0,0,0.710211,0.119335,-1.470136,353.5957,168.3811,348.3051,0,True,False
553.9594,0.682538,0.690007,-1.285217,61.91536,146.1937,2.700926,0,0,0,0,0,0,0.710466,0.118933,-1.470096,353.3264,168.0782,348.6481,0,True,False
553.9703,0.682536,0.689031,-1.285291,61.99796,146.0753,2.63358,0,0,0,0,0,0,0.710713,0.118638,-1.470073,353.0183,167.8276,348.9418,0,True,False
553.9815,0.682453,0.6881,-1.285346,62.07409,145.9403,2.551836,0,0,0,0,0,0,0.710636,0.118303,-1.470357,352.8224,167.7887,348.8771,0,True,False
553.9926,0.682482,0.68722,-1.285294,62.15806,145.7671,2.427028,0,0,0,0,0,0,0.71046,0.117739,-1.470546,352.7673,167.8298,348.628,0,True,False
554.0037,0.682426,0.68645,-1.285206,62.20932,145.5518,2.231201,0,0,0,0,0,0,0.710264,0.116875,-1.47107,353.0188,168.1034,348.1685,0,True,False
554.0148,0.68239,0.685764,-1.28514,62.23324,145.3635,2.023185,0,0,0,0,0,0,0.709996,0.115864,-1.471453,353.3624,168.3528,347.7536,0,True,False
554.026,0.682252,0.685116,-1.285008,62.19592,145.1666,1.78469,0,0,0,0,0,0,0.709949,0.115401,-1.471936,353.4291,168.5389,347.563,0,True,False
554.0371,0.682174,0.684475,-1.284883,62.15802,144.9771,1.579885,0,0,0,0,0,0,0.70987,0.115008,-1.472198,353.3069,168.6615,347.5286,0,True,False
554.0482,0.682063,0.683878,-1.284729,62.07641,144.725,1.355918,0,0,0,0,0,0,0.709976,0.11512,-1.472329,352.8891,168.6511,347.7324,0,True,False
554.0592,0.681883,0.683274,-1.284512,62.01681,144.4424,1.143617,0,0,0,0,0,0,0.710277,0.115354,-1.472482,352.4591,168.505,347.9398,0,True,False
554.0704,0.681707,0.68268,-1.284326,61.94894,144.1218,0.905281,0,0,0,0,0,0,0.710793,0.115413,-1.472434,352.1269,168.2426,348.1926,0,True,False
554.0815,0.681501,0.682125,-1.284156,61.88745,143.7731,0.656761,0,0,0,0,0,0,0.711325,0.115314,-1.472231,351.8628,167.9997,348.2453,0,True,False
554.0926,0.681377,0.681661,-1.284041,61.82923,143.4926,0.410013,0,0,0,0,0,0,0.711795,0.115217,-1.472028,351.6209,167.7796,348.2921,0,True,False
554.1036,0.681285,0.681149,-1.283886,61.76299,143.2182,0.146115,0,0,0,0,0,0,0.712384,0.115105,-1.471742,351.4328,167.6033,348.4012,0,True,False
554.1147,0.681153,0.680714,-1.283752,61.72151,142.9862,359.9,0,0,0,0,0,0,0.712651,0.115238,-1.471521,351.1792,167.5764,348.5335,0,True,False
554.1259,0.680913,0.680338,-1.283512,61.69136,142.8126,359.7219,0,0,0,0,0,0,0.71271,0.115246,-1.471316,351.0003,167.6336,348.6478,0,True,False
554.137,0.680654,0.679881,-1.283204,61.66201,142.7075,359.5897,0,0,0,0,0,0,0.712739,0.115191,-1.471258,350.9322,167.7294,348.7634,0,True,False
554.1481,0.680379,0.679469,-1.282919,61.64953,142.6243,359.4697,0,0,0,0,0,0,0.712699,0.114984,-1.471237,350.9382,167.7492,348.7405,0,True,False
554.1593,0.680013,0.679081,-1.28256,61.64125,142.6131,359.403,0,0,0,0,0,0,0.713028,0.114475,-1.471116,351.0782,167.6426,348.7218,0,True,False
554.1703,0.679649,0.678818,-1.282128,61.62915,142.6174,359.3487,0,0,0,0,0,0,0.713487,0.114087,-1.471036,351.1666,167.4585,348.609,0,True,False
554.1814,0.679244,0.678558,-1.281674,61.63647,142.6815,359.3706,0,0,0,0,0,0,0.713826,0.113898,-1.470927,351.1212,167.2865,348.5454,0,True,False
554.1926,0.678772,0.678309,-1.281209,61.63112,142.7361,359.408,0,0,0,0,0,0,0.713914,0.113884,-1.470876,350.9473,167.3023,348.6544,0,True,False
554.2036,0.678414,0.678104,-1.280775,61.6455,142.7941,359.4901,0,0,0,0,0,0,0.713791,0.113872,-1.470876,350.8051,167.429,348.7701,0,True,False
554.2148,0.678033,0.677893,-1.280241,61.62596,142.8473,359.5704,0,0,0,0,0,0,0.713267,0.113652,-1.471022,350.7191,167.7549,348.8484,0,True,False
554.2259,0.677655,0.677765,-1.279809,61.58567,142.8998,359.6165,0,0,0,0,0,0,0.712819,0.113355,-1.471218,350.7186,168.055,349.043,0,True,False
554.2369,0.677192,0.677707,-1.279275,61.50312,142.9453,359.6577,0,0,0,0,0,0,0.712535,0.112984,-1.471321,350.7211,168.2405,349.1498,0,True,False
554.2482,0.676848,0.677693,-1.278751,61.41948,142.9648,359.6751,0,0,0,0,0,0,0.712435,0.112553,-1.471381,350.7747,168.3042,348.9301,0,True,False
554.2593,0.67657,0.677723,-1.278416,61.32043,142.9313,359.617,0,0,0,0,0,0,0.712487,0.112072,-1.471355,350.8637,168.2511,348.6717,0,True,False
554.2705,0.67642,0.677815,-1.277984,61.21116,142.8941,359.5981,0,0,0,0,0,0,0.713018,0.111615,-1.471087,351.0052,168.0061,348.546,0,True,False
554.2815,0.676232,0.677851,-1.277563,61.07744,142.8532,359.5844,0,0,0,0,0,0,0.713439,0.111283,-1.470879,350.9979,167.8156,348.6198,0,True,False
554.2927,0.676044,0.677856,-1.277092,60.91167,142.8011,359.5721,0,0,0,0,0,0,0.713787,0.111173,-1.470572,350.8321,167.7129,348.7693,0,True,False
554.3038,0.675787,0.677873,-1.276576,60.7482,142.7724,359.5536,0,0,0,0,0,0,0.714148,0.111346,-1.470157,350.4847,167.6821,348.8957,0,True,False
554.3147,0.675502,0.677761,-1.276076,60.60427,142.7565,359.5415,0,0,0,0,0,0,0.714453,0.111434,-1.470009,350.2234,167.5929,348.9717,0,True,False
554.3257,0.675242,0.677609,-1.275526,60.47452,142.7239,359.5112,0,0,0,0,0,0,0.715212,0.111579,-1.469809,350.0428,167.3993,349.0309,0,True,False
554.337,0.675042,0.677534,-1.275039,60.36814,142.6239,359.4324,0,0,0,0,0,0,0.715734,0.111591,-1.469687,349.9477,167.2573,348.9501,0,True,False
554.348,0.67484,0.677391,-1.274454,60.27673,142.4524,359.3419,0,0,0,0,0,0,0.716269,0.111257,-1.469622,349.9697,167.1966,348.6426,0,True,False
554.3591,0.67463,0.677326,-1.273827,60.18365,142.2686,359.2492,0,0,0,0,0,0,0.716512,0.110867,-1.469643,350.0688,167.2164,348.3885,0,True,False
554.3702,0.674369,0.677313,-1.273389,60.09994,142.0643,359.1386,0,0,0,0,0,0,0.716681,0.110126,-1.469618,350.3602,167.2812,348.3517,0,False,False
554.3814,0.674079,0.677343,-1.272939,60.02975,141.9448,359.091,0,0,0,0,0,0,0.716964,0.109336,-1.469639,350.658,167.3764,348.5721,0,False,False
554.3925,0.673785,0.677518,-1.272562,59.99906,141.8656,359.0703,0,0,0,0,0,0,0.717,0.108849,-1.469751,350.8661,167.4824,348.8124,0,False,False
554.4035,0.673452,0.677879,-1.272147,59.99854,141.8076,359.0938,0,0,0,0,0,0,0.716883,0.108452,-1.469864,351.1337,167.6771,349.0271,0,False,False
554.4146,0.673191,0.678354,-1.271719,60.00014,141.7043,359.0959,0,0,0,0,0,0,0.716668,0.108094,-1.469794,351.3495,167.9081,348.9019,0,False,False
554.4257,0.672863,0.679144,-1.271353,59.99611,141.567,359.0758,0,0,0,0,0,0,0.716569,0.10833,-1.469716,351.5982,168.0522,348.9879,0,False,False
554.4369,0.672538,0.680077,-1.271009,59.98309,141.4983,359.0677,0,0,0,0,0,0,0.716515,0.108545,-1.46988,351.7589,168.1974,349.1932,0,False,False
554.4481,0.672157,0.681404,-1.270813,59.9986,141.4681,359.05,0,0,0,0,0,0,0.716244,0.10961,-1.46968,351.7271,168.3985,349.4048,0,False,False
554.4591,0.671665,0.683178,-1.270742,60.0379,141.5634,359.1248,0,0,0,0,0,0,0.715637,0.111801,-1.469313,351.4836,168.6293,349.6928,0,False,False
554.4703,0.671167,0.685243,-1.270668,60.10633,141.7035,359.2519,0,0,0,0,0,0,0.715367,0.112882,-1.469014,351.4531,168.7987,349.9079,0,False,False
554.4813,0.670722,0.687972,-1.270715,60.22857,141.9071,359.4252,0,0,0,0,0,0,0.715019,0.115366,-1.468424,351.2751,168.8264,350.3281,0,False,False
554.4924,0.670412,0.690965,-1.270863,60.34903,142.0855,359.5589,0,0,0,0,0,0,0.714534,0.118512,-1.467594,351.244,168.7041,350.5512,0,False,False
554.5035,0.670227,0.694742,-1.271247,60.40123,142.2786,359.615,0,0,0,0,0,0,0.714001,0.12157,-1.466897,351.3342,168.6528,350.5125,0,False,False
554.5146,0.67008,0.698833,-1.271747,60.44352,142.4465,359.5905,0,0,0,0,0,0,0.713087,0.125236,-1.466003,351.3824,168.6878,350.4436,0,False,False
554.5258,0.670099,0.703305,-1.272248,60.51008,142.6676,359.5894,0,0,0,0,0,0,0.712298,0.12862,-1.465151,351.3965,168.7533,350.5278,0,False,False
554.5367,0.670079,0.70834,-1.272608,60.62294,142.9615,359.6594,0,0,0,0,0,0,0.711261,0.132843,-1.464075,351.4733,168.8519,350.7392,0,False,False
554.548,0.670005,0.713505,-1.272987,60.76186,143.186,359.725,0,0,0,0,0,0,0.710188,0.1369,-1.463029,351.6602,168.9508,350.8976,0,False,False
554.5591,0.670039,0.719334,-1.273281,60.94251,143.3375,359.7981,0,0,0,0,0,0,0.708701,0.14177,-1.461981,351.9581,169.0228,350.9835,0,False,False
554.5703,0.670019,0.725331,-1.273585,61.12341,143.3978,359.7618,0,0,0,0,0,0,0.70698,0.147261,-1.46076,352.1482,169.2119,351.0601,0,False,False
554.5812,0.669939,0.732053,-1.273962,61.34686,143.3099,359.6009,0,0,0,0,0,0,0.704862,0.153063,-1.459422,352.2846,169.5877,350.8736,0,False,False
554.5925,0.669816,0.739021,-1.274211,61.54846,143.2321,359.4281,0,0,0,0,0,0,0.702509,0.159238,-1.457814,352.4451,170.0398,350.8867,0,False,False
554.6034,0.66963,0.746551,-1.274501,61.74974,143.1414,359.2458,0,0,0,0,0,0,0.700544,0.165212,-1.456387,352.6227,170.3367,351.0594,0,False,False
554.6145,0.669262,0.754647,-1.274612,61.94709,143.0453,359.0968,0,0,0,0,0,0,0.698596,0.172034,-1.454515,352.9616,170.5022,351.1185,0,False,False
554.6257,0.668955,0.76301,-1.274683,62.13784,142.8442,358.875,0,0,0,0,0,0,0.696514,0.179024,-1.452366,353.5044,170.5291,350.9476,0,False,False
554.6368,0.668564,0.772014,-1.274705,62.30508,142.5213,358.508,0,0,0,0,0,0,0.694531,0.186164,-1.450297,353.939,170.5012,350.8738,0,False,False
554.648,0.66817,0.781338,-1.274735,62.41449,142.1659,358.0792,0,0,0,0,0,0,0.692642,0.194184,-1.447696,354.2124,170.16,351.1529,0,False,False
554.6589,0.667757,0.791208,-1.274857,62.43036,141.8081,357.5561,0,0,0,0,0,0,0.690848,0.202891,-1.444976,354.2159,169.6666,351.8172,0,False,False
554.67,0.667299,0.801282,-1.274984,62.41446,141.5064,357.0614,0,0,0,0,0,0,0.688792,0.212893,-1.442131,353.8858,169.1984,352.5403,0,False,False
554.6812,0.666731,0.811893,-1.274943,62.38454,141.2574,356.5827,0,0,0,0,0,0,0.686255,0.223774,-1.439068,353.4185,168.9291,352.7674,0,False,False
554.6923,0.665918,0.822731,-1.274694,62.37629,140.9279,356.0289,0,0,0,0,0,0,0.683547,0.234619,-1.436173,353.0556,168.9146,352.5643,0,False,False
554.7035,0.665097,0.833616,-1.274371,62.41712,140.5514,355.4886,0,0,0,0,0,0,0.680232,0.246114,-1.433234,352.6718,169.0044,352.5584,0,False,False
554.7145,0.664077,0.844893,-1.273945,62.45898,140.2065,354.9543,0,0,0,0,0,0,0.676798,0.257981,-1.430137,352.6035,169.0927,352.7867,0,False,False
554.7256,0.662997,0.856218,-1.273664,62.46933,139.923,354.504,0,0,0,0,0,0,0.673233,0.269774,-1.427084,352.6322,169.2706,352.6956,0,False,False
554.7367,0.661659,0.867844,-1.273463,62.55577,139.7868,354.1691,0,0,0,0,0,0,0.668984,0.281779,-1.424106,352.8094,169.7388,352.0911,0,False,False
554.7479,0.660287,0.879625,-1.273209,62.69213,139.7406,353.8873,0,0,0,0,0,0,0.664247,0.294589,-1.421018,353.1002,170.4111,351.2894,0,False,False
554.759,0.658671,0.891625,-1.272755,62.83583,139.8378,353.7572,0,0,0,0,0,0,0.659368,0.307544,-1.418117,353.3986,170.9883,350.834,0,False,False
554.77,0.657131,0.903665,-1.27223,62.89196,139.9086,353.6434,0,0,0,0,0,0,0.654773,0.321174,-1.414913,353.594,171.3065,350.7647,0,False,False
554.7811,0.655359,0.91594,-1.271526,62.88234,139.9948,353.4781,0,0,0,0,0,0,0.650116,0.334335,-1.41198,353.7479,171.6121,350.362,0,False,False
554.7923,0.653549,0.928333,-1.270794,62.95256,139.9771,353.0754,0,0,0,0,0,0,0.644897,0.349404,-1.409081,353.7787,171.8605,349.9306,0,False,False
554.8033,0.651617,0.940791,-1.270041,63.09203,139.9677,352.5847,0,0,0,0,0,0,0.639226,0.365085,-1.405853,353.5688,172.2499,349.7418,0,False,False
554.8145,0.649623,0.953445,-1.269228,63.32199,140.0531,352.128,0,0,0,0,0,0,0.632838,0.381489,-1.402761,353.2296,172.8605,349.3688,0,False,False
554.8257,0.647594,0.96605,-1.268308,63.48041,140.1592,351.8218,0,0,0,0,0,0,0.626685,0.398139,-1.39942,352.9232,173.4591,349.0874,0,False,False
554.8369,0.645405,0.978569,-1.267294,63.6869,140.3285,351.7103,0,0,0,0,0,0,0.61993,0.415416,-1.396007,352.5498,174.0799,348.9384,0,False,False
554.8478,0.64325,0.990942,-1.266071,63.88656,140.469,351.6569,0,0,0,0,0,0,0.613436,0.43193,-1.392885,352.4225,174.512,348.3627,0,False,False
554.8591,0.640787,1.003447,-1.264683,64.10193,140.5614,351.5332,0,0,0,0,0,0,0.606424,0.448977,-1.389586,352.4443,174.8394,347.2462,0,False,False
554.87,0.638055,1.016071,-1.262688,64.35758,140.6325,351.3762,0,0,0,0,0,0,0.60004,0.465409,-1.386456,352.4848,174.858,346.8306,0,False,False
554.8811,0.635235,1.028826,-1.260541,64.63351,140.6425,351.1532,0,0,0,0,0,0,0.593539,0.482378,-1.383209,352.4066,174.8766,346.7951,0,False,False
554.8922,0.632413,1.041769,-1.258125,64.90898,140.5716,350.8909,0,0,0,0,0,0,0.586616,0.500044,-1.38009,352.1785,174.898,347.1115,0,False,False
554.9034,0.629941,1.054784,-1.255832,65.10184,140.5647,350.7706,0,0,0,0,0,0,0.579211,0.517699,-1.377181,351.8208,175.1673,347.0831,0,False,False
554.9145,0.627684,1.068097,-1.253882,65.11489,140.6243,350.8095,0,0,0,0,0,0,0.570813,0.535976,-1.374371,351.0818,175.7955,346.5586,0,False,False
554.9255,0.625501,1.081267,-1.252385,64.94766,140.7187,350.8936,0,0,0,0,0,0,0.562568,0.554765,-1.370928,350.4384,176.3732,345.6438,0,False,False
554.9366,0.623191,1.094265,-1.25098,64.76154,140.9395,351.0242,0,0,0,0,0,0,0.554508,0.572892,-1.367874,349.9704,176.7291,345.1823,0,False,False
554.9478,0.620575,1.107031,-1.249508,64.50997,141.2702,351.2032,0,0,0,0,0,0,0.546781,0.590801,-1.364819,349.7504,176.8609,345.0597,0,False,False
554.9589,0.617706,1.119576,-1.247827,64.30682,141.5411,351.2526,0,0,0,0,0,0,0.539175,0.607483,-1.362084,349.6927,177.0092,344.7725,0,False,False
554.9699,0.614568,1.131922,-1.245931,64.19769,141.8175,351.2502,0,0,0,0,0,0,0.53135,0.624638,-1.359214,349.5412,177.1205,344.6999,0,False,False
554.9811,0.611326,1.144153,-1.24372,64.18475,142.0717,351.2264,0,0,0,0,0,0,0.523181,0.642262,-1.356269,349.2484,177.3389,344.8684,0,False,False
554.9922,0.607981,1.156202,-1.241259,64.26463,142.2876,351.0317,0,0,0,0,0,0,0.514953,0.659779,-1.353126,348.7479,177.7879,345.2126,0,False,False
555.0045,0.604758,1.168001,-1.238747,64.33881,142.5202,350.7521,0,0,0,0,0,0,0.506666,0.676716,-1.350056,348.1831,178.2207,345.3406,0,False,False
555.0145,0.601414,1.17978,-1.236311,64.35711,142.7051,350.3008,0,0,0,0,0,0,0.498278,0.694185,-1.346682,347.6443,178.5894,345.1709,0,False,False
555.0255,0.598107,1.191185,-1.23416,64.33743,142.8424,349.7318,0,0,0,0,0,0,0.489761,0.711718,-1.343201,347.0352,178.8823,345.0807,0,False,False
555.0366,0.594763,1.202519,-1.232067,64.29177,143.1161,349.2549,0,0,0,0,0,0,0.481566,0.729064,-1.339783,346.528,179.1055,345.1744,0,False,False
555.0477,0.591229,1.21387,-1.229884,64.30074,143.5357,349.0046,0,0,0,0,0,0,0.473983,0.74526,-1.336234,345.8967,179.2992,345.5504,0,False,False
555.0588,0.587704,1.225167,-1.227422,64.39676,143.9965,348.8667,0,0,0,0,0,0,0.465781,0.762348,-1.332417,345.1688,179.6425,345.8254,0,False,False
555.07,0.584006,1.236121,-1.224689,64.58871,144.4068,348.8193,0,0,0,0,0,0,0.457458,0.779014,-1.328289,344.245,180.0783,346.1365,0,False,False
555.0811,0.580334,1.246869,-1.221793,64.78209,144.8073,348.8445,0,0,0,0,0,0,0.449245,0.795248,-1.323891,343.1532,180.4726,347.0876,0,False,False
555.0921,0.576613,1.25704,-1.21869,64.90442,145.1342,348.8607,0,0,0,0,0,0,0.441561,0.810976,-1.319585,342.3372,180.8575,347.5237,0,False,False
555.1032,0.572913,1.266975,-1.215557,64.94227,145.5081,348.8839,0,0,0,0,0,0,0.433066,0.826538,-1.31519,341.5898,181.4585,347.2911,0,False,False
555.1144,0.569281,1.276301,-1.212473,64.85861,145.9214,348.9232,0,0,0,0,0,0,0.424431,0.841644,-1.310823,340.9684,182.1838,346.8383,0,False,False
555.1256,0.565632,1.285105,-1.20952,64.65171,146.3855,348.995,0,0,0,0,0,0,0.415907,0.85674,-1.306444,340.3579,182.8916,346.6454,0,False,False
555.1366,0.562036,1.293658,-1.206731,64.43456,146.9315,349.1213,0,0,0,0,0,0,0.407622,0.870302,-1.302291,339.8868,183.7757,346.4882,0,False,False
555.1479,0.558485,1.301772,-1.204087,64.2688,147.5495,349.3137,0,0,0,0,0,0,0.399009,0.884148,-1.297951,339.3138,184.7327,346.3375,0,False,False
555.1591,0.554937,1.30964,-1.201398,64.15326,148.1593,349.543,0,0,0,0,0,0,0.390923,0.897646,-1.292967,338.5823,185.6262,346.2874,0,False,False
555.17,0.551399,1.316841,-1.198526,64.08468,148.751,349.762,0,0,0,0,0,0,0.382724,0.911231,-1.287999,337.8068,186.4315,346.3297,0,False,False
555.181,0.547854,1.323633,-1.195418,64.0501,149.2664,349.9217,0,0,0,0,0,0,0.37537,0.922992,-1.282905,336.8361,187.2648,346.7455,0,False,False
555.1921,0.544243,1.329931,-1.19209,64.01905,149.6959,349.9986,0,0,0,0,0,0,0.367325,0.935913,-1.277609,336.024,188.2281,346.7563,0,False,False
555.2033,0.54056,1.335601,-1.188446,64.00784,150.0231,349.9581,0,0,0,0,0,0,0.358988,0.947893,-1.272459,335.4842,189.515,346.0006,0,False,False
555.2143,0.536799,1.34091,-1.184693,63.96993,150.3012,349.8741,0,0,0,0,0,0,0.3509,0.959517,-1.267419,335.1605,190.9127,345.0583,0,False,False
555.2254,0.532721,1.345564,-1.180555,63.91383,150.591,349.8473,0,0,0,0,0,0,0.343341,0.970258,-1.262644,334.9539,192.0445,344.2306,0,False,False
555.2366,0.528653,1.350104,-1.176268,63.87484,150.8712,349.8451,0,0,0,0,0,0,0.335621,0.981406,-1.257636,334.5959,193.2655,343.4523,0,False,False
555.2477,0.524534,1.354126,-1.171814,63.85934,151.1297,349.8002,0,0,0,0,0,0,0.328186,0.992042,-1.252427,333.9226,194.5241,342.9072,0,False,False
555.2588,0.520457,1.358002,-1.167377,63.8029,151.4798,349.85,0,0,0,0,0,0,0.321076,1.002369,-1.246747,332.8741,195.768,342.6207,0,False,False
555.2698,0.516426,1.361469,-1.163024,63.66775,151.8736,349.9118,0,0,0,0,0,0,0.314335,1.012079,-1.241,331.7016,197.0365,342.3949,0,False,False
555.2809,0.512377,1.364501,-1.158715,63.44623,152.3257,350.0099,0,0,0,0,0,0,0.307301,1.02157,-1.234979,330.6493,198.3776,341.8212,0.007843,False,False
555.2921,0.508325,1.367415,-1.154372,63.20536,152.8053,350.1369,0,0,0,0,0,0,0.300506,1.030902,-1.229171,329.7151,199.6108,341.0941,0.082353,False,False
555.3031,0.504128,1.370314,-1.149782,63.01064,153.3277,350.305,0,0,0,0,0,0,0.294506,1.038765,-1.223777,329.1073,200.4765,340.2921,0.07451,False,False
555.3143,0.499755,1.37291,-1.14492,62.92552,153.8753,350.4984,0,0,0,0,0,0,0.288625,1.046321,-1.218425,328.5644,201.5321,339.3331,0.047059,False,False
555.3254,0.495528,1.375476,-1.140004,62.91421,154.4595,350.693,0,0,0,0,0,0,0.282141,1.054091,-1.21297,327.9888,202.7156,338.2648,0.247059,False,False
555.3365,0.491284,1.377722,-1.135022,62.87542,155.1161,350.9592,0,0,0,0,0,0,0.276427,1.06065,-1.207401,327.3876,203.8397,337.5417,0.603922,False,True
555.3477,0.487143,1.379916,-1.130144,62.68655,155.8389,351.3325,0,0,0,0,0,0,0.270926,1.067209,-1.201678,326.4876,205.0483,337.0665,1,False,True
555.3588,0.483027,1.38194,-1.125632,62.3675,156.5863,351.7628,0,0,0,0,0,0,0.265922,1.072979,-1.195789,325.4993,206.0775,336.3134,1,False,True
555.3698,0.478935,1.38396,-1.121401,61.96252,157.3322,352.2108,0,0,0,0,0,0,0.260857,1.078778,-1.190276,324.6825,206.8341,335.0979,1,False,True
555.3809,0.474923,1.385745,-1.117505,61.45393,158.0478,352.7118,0,0,0,0,0,0,0.255976,1.08449,-1.184155,324.0257,207.5543,334.2235,1,False,True
555.392,0.470629,1.387496,-1.1134,60.96197,158.7105,353.2331,0,0,0,0,0,0,0.251822,1.089432,-1.178818,323.4794,208.2027,333.6505,1,False,True
555.4031,0.466331,1.389075,-1.109362,60.56522,159.3125,353.7857,0,0,0,0,0,0,0.247444,1.094333,-1.173654,323.0198,208.9478,332.9855,1,False,True
555.4142,0.46194,1.39047,-1.104924,60.30897,159.827,354.2763,0,0,0,0,0,0,0.242657,1.099154,-1.168657,322.5052,209.7738,332.192,1,False,True
555.4254,0.457426,1.391815,-1.100404,60.15916,160.2688,354.7305,0,0,0,0,0,0,0.238735,1.103484,-1.163455,321.8447,210.5018,331.1839,1,False,True
555.4365,0.452834,1.392835,-1.095564,60.10202,160.6171,355.1145,0,0,0,0,0,0,0.235153,1.107677,-1.158392,321.1025,210.9254,330.4309,1,False,True
555.4478,0.448165,1.393913,-1.090748,60.06282,160.9238,355.3858,0,0,0,0,0,0,0.231983,1.111616,-1.153665,320.4327,211.2386,330.0435,1,False,True
555.4588,0.443475,1.39481,-1.085819,60.05634,161.165,355.5661,0,0,0,0,0,0,0.228781,1.115183,-1.149211,319.7701,211.5031,329.8298,1,False,True
555.4701,0.438807,1.395741,-1.081086,60.014,161.3853,355.7053,0,0,0,0,0,0,0.225542,1.118606,-1.144853,319.3399,211.8371,329.5417,1,False,True
555.482,0.434035,1.396577,-1.076403,59.95369,161.5512,355.7606,0,0,0,0,0,0,0.222254,1.122101,-1.140411,319.1715,212.1587,329.256,1,False,True
555.4921,0.429202,1.39736,-1.071732,59.91166,161.7731,355.8615,0,0,0,0,0,0,0.219323,1.124697,-1.137032,319.2452,212.3757,328.9013,1,False,True
555.5033,0.424297,1.398232,-1.067042,59.8556,162.0121,355.9848,0,0,0,0,0,0,0.216311,1.127564,-1.133331,319.3193,212.5051,328.4821,1,False,True
555.5142,0.419433,1.398901,-1.062343,59.76093,162.21,356.1014,0,0,0,0,0,0,0.213174,1.130065,-1.129955,319.4797,212.523,328.0118,0.886275,False,True
555.5255,0.414526,1.399563,-1.057474,59.61472,162.3842,356.2083,0,0,0,0,0,0,0.210256,1.132694,-1.126315,319.4364,212.558,327.4143,0.435294,False,True
555.5363,0.409599,1.400105,-1.052726,59.41814,162.4359,356.2234,0,0,0,0,0,0,0.207447,1.135329,-1.122759,319.3323,212.459,326.8688,0.117647,False,False
555.5476,0.404673,1.400554,-1.047875,59.23491,162.4596,356.223,0,0,0,0,0,0,0.204533,1.138239,-1.119341,319.1859,212.3107,326.7013,0,False,False
555.5587,0.399601,1.400857,-1.04297,59.03755,162.4218,356.1905,0,0,0,0,0,0,0.20167,1.140902,-1.115392,318.9208,212.3835,326.6158,0,False,False
555.5697,0.394409,1.400925,-1.037962,58.87004,162.3957,356.1922,0,0,0,0,0,0,0.198676,1.143507,-1.111529,318.5581,212.4664,326.3352,0,False,False
555.5808,0.38913,1.401056,-1.032789,58.74593,162.3936,356.2365,0,0,0,0,0,0,0.195422,1.146452,-1.107269,318.0704,212.4227,325.9972,0,False,False
555.592,0.383643,1.400933,-1.027389,58.67681,162.4098,356.342,0,0,0,0,0,0,0.192255,1.149286,-1.103196,317.628,212.1954,325.6653,0,False,False
555.6031,0.378048,1.400583,-1.021883,58.65818,162.3998,356.432,0,0,0,0,0,0,0.189034,1.152224,-1.09908,317.0692,211.8312,325.4534,0,False,False
555.6141,0.372359,1.399969,-1.016241,58.65974,162.3762,356.5332,0,0,0,0,0,0,0.18611,1.155047,-1.094994,316.4232,211.2417,325.225,0,False,False
555.6254,0.366511,1.399297,-1.010481,58.63925,162.2854,356.552,0,0,0,0,0,0,0.182617,1.157859,-1.090844,315.8362,210.7746,325.0178,0,False,False
555.6364,0.360647,1.398307,-1.004701,58.67897,162.1536,356.5196,0,0,0,0,0,0,0.178627,1.1607,-1.086101,315.1447,210.4002,325.0201,0,False,False
555.6476,0.354686,1.397152,-0.998802,58.72768,162.0386,356.4808,0,0,0,0,0,0,0.174769,1.163416,-1.081419,314.5128,210.19,324.8826,0,False,False
555.6587,0.348337,1.395738,-0.992621,58.82581,161.9132,356.4463,0,0,0,0,0,0,0.170055,1.166154,-1.076294,313.8584,210.1591,324.5772,0,False,False
555.6697,0.341843,1.394171,-0.986229,58.97175,161.7959,356.4063,0,0,0,0,0,0,0.165303,1.16858,-1.071209,313.1949,210.1601,324.247,0,False,False
555.6808,0.335298,1.392526,-0.979751,59.14075,161.6993,356.4283,0,0,0,0,0,0,0.160042,1.17135,-1.065795,312.4463,210.1817,324.1021,0,False,False
555.6919,0.32838,1.39056,-0.973103,59.31465,161.5954,356.4948,0,0,0,0,0,0,0.154674,1.174048,-1.060226,311.6537,210.2402,324.0855,0,False,False
555.703,0.321494,1.388482,-0.966472,59.43905,161.5277,356.6024,0,0,0,0,0,0,0.149407,1.176696,-1.054926,310.9153,210.256,324.0251,0,False,False
555.7141,0.314471,1.386171,-0.959705,59.50826,161.4258,356.7182,0,0,0,0,0,0,0.14331,1.179499,-1.049105,310.0525,210.3977,323.8006,0,False,False
555.7253,0.307323,1.383889,-0.952966,59.61447,161.3072,356.8441,0,0,0,0,0,0,0.136946,1.182292,-1.042897,309.1333,210.5984,323.381,0,False,False
555.7363,0.299939,1.381435,-0.946228,59.78453,161.1807,357.0028,0,0,0,0,0,0,0.130186,1.185026,-1.036626,308.2421,210.9129,322.6871,0,False,False
555.7474,0.292459,1.37909,-0.939463,60.08728,161.0752,357.2007,0,0,0,0,0,0,0.123286,1.187713,-1.030638,307.4312,211.3052,321.84,0,False,False
555.7585,0.284921,1.376745,-0.932653,60.40871,160.9872,357.4067,0,0,0,0,0,0,0.116242,1.190462,-1.024352,306.6329,211.6663,321.1031,0,False,False
555.7699,0.277324,1.374461,-0.925866,60.81199,160.9181,357.6215,0,0,0,0,0,0,0.108445,1.193269,-1.018144,305.9283,211.9917,320.5665,0,False,False
555.7808,0.269756,1.372243,-0.919189,61.17808,160.8463,357.8036,0,0,0,0,0,0,0.100897,1.195943,-1.011925,305.1697,212.2391,320.2878,0,False,False
555.7919,0.26223,1.370187,-0.912661,61.50455,160.7778,357.9265,0,0,0,0,0,0,0.093605,1.198624,-1.006016,304.3862,212.5778,320.1911,0,False,False
555.8031,0.254867,1.36831,-0.906427,61.7991,160.6948,358.0012,0,0,0,0,0,0,0.085706,1.201378,-0.99957,303.4697,213.0852,320.0061,0,False,False
555.814,0.247702,1.366705,-0.900677,62.04292,160.6785,358.036,0,0,0,0,0,0,0.078014,1.204144,-0.993429,302.5535,213.5111,319.9626,0,False,False
555.8253,0.240712,1.365314,-0.895264,62.24913,160.7891,358.1286,0,0,0,0,0,0,0.070236,1.206828,-0.987163,301.7474,214.0102,319.9063,0,False,False
555.8364,0.233797,1.363916,-0.889923,62.46505,160.9711,358.2533,0,0,0,0,0,0,0.062261,1.209291,-0.981223,301.0783,214.8444,318.8734,0,False,False
555.8474,0.227094,1.362906,-0.884659,62.6784,161.2438,358.417,0,0,0,0,0,0,0.053805,1.211962,-0.974828,300.3168,216.1914,316.993,0,False,False
555.8586,0.220541,1.362115,-0.879357,62.91727,161.5406,358.5824,0,0,0,0,0,0,0.045648,1.214786,-0.968503,299.4525,217.4866,315.3753,0,False,False
555.8696,0.214087,1.361578,-0.874187,63.16174,161.7562,358.6982,0,0,0,0,0,0,0.038018,1.217504,-0.962475,298.6216,218.5736,314.3263,0,False,False
555.8807,0.207904,1.361454,-0.869443,63.39694,161.9196,358.7471,0,0,0,0,0,0,0.031074,1.220261,-0.95709,297.8811,219.3954,313.9843,0,False,False
555.892,0.201892,1.361644,-0.864908,63.6317,162.0796,358.815,0,0,0,0,0,0,0.023952,1.223124,-0.951599,297.1595,220.2443,313.6465,0,False,False
555.903,0.196057,1.362026,-0.860678,63.82444,162.2402,358.9255,0,0,0,0,0,0,0.016879,1.225957,-0.945706,296.5382,221.1325,313.5628,0,False,False
555.9141,0.190329,1.362617,-0.856638,64.01219,162.4021,359.0869,0,0,0,0,0,0,0.010355,1.228744,-0.940584,295.9151,221.9548,313.5134,0,False,False
555.9252,0.184743,1.363413,-0.852703,64.21976,162.5003,359.2018,0,0,0,0,0,0,0.004065,1.231687,-0.935741,295.4158,222.6488,313.4804,0,False,False
555.9363,0.179473,1.364516,-0.849123,64.45522,162.5379,359.2526,0,0,0,0,0,0,-0.001775,1.234196,-0.931276,295.1152,222.9818,313.7719,0,False,False
555.9473,0.174467,1.365592,-0.845605,64.65998,162.6042,359.2779,0,0,0,0,0,0,-0.007703,1.236861,-0.927036,295.0397,223.2207,314.0383,0,False,False
555.9585,0.169614,1.366791,-0.842127,64.83426,162.6214,359.2076,0,0,0,0,0,0,-0.013828,1.239425,-0.922491,294.9518,223.6857,313.9977,0,False,False
555.9697,0.165085,1.368032,-0.838909,64.96145,162.6424,359.0826,0,0,0,0,0,0,-0.019308,1.241736,-0.918511,295.0596,224.1532,313.6601,0,False,False
555.9807,0.160924,1.369358,-0.836125,65.02946,162.6284,358.8864,0,0,0,0,0,0,-0.024951,1.244174,-0.91428,295.2178,224.715,312.8512,0,False,False
555.9918,0.156934,1.370668,-0.833626,65.05365,162.594,358.6602,0,0,0,0,0,0,-0.030654,1.246341,-0.910204,295.3593,225.3635,311.7903,0,False,False
556.0029,0.153147,1.371895,-0.831195,65.02985,162.5339,358.455,0,0,0,0,0,0,-0.035827,1.248205,-0.906217,295.4778,225.9985,311.051,0,False,False
556.014,0.149446,1.373151,-0.828806,65.02255,162.4523,358.266,0,0,0,0,0,0,-0.040728,1.250016,-0.90243,295.5865,226.4902,310.6457,0,False,False
556.0252,0.145945,1.374303,-0.826521,65.00916,162.2822,358.0264,0,0,0,0,0,0,-0.045442,1.251399,-0.899071,295.7451,226.7319,310.6157,0,False,False
556.0363,0.142469,1.375526,-0.824349,65.02669,162.1267,357.855,0,0,0,0,0,0,-0.049982,1.252798,-0.895562,295.9161,227.0359,310.5195,0,False,False
556.0472,0.13925,1.37655,-0.822278,65.0464,161.9121,357.6724,0,0,0,0,0,0,-0.05379,1.253374,-0.892916,296.1767,227.2915,310.533,0,False,False
556.0585,0.136069,1.377518,-0.820167,65.07056,161.6894,357.4997,0,0,0,0,0,0,-0.057848,1.25418,-0.890071,296.4582,227.4782,310.5314,0,False,False
556.0696,0.133057,1.378438,-0.818127,65.10067,161.4738,357.3485,0,0,0,0,0,0,-0.06164,1.254743,-0.887831,296.8353,227.321,310.8113,0,False,False
556.0807,0.130157,1.37918,-0.816039,65.12135,161.271,357.2302,0,0,0,0,0,0,-0.065023,1.255023,-0.886099,297.2332,226.9243,311.2935,0,False,False
556.0917,0.127365,1.379942,-0.814055,65.14987,161.0598,357.1047,0,0,0,0,0,0,-0.068234,1.255382,-0.884575,297.6583,226.3796,311.8824,0,False,False
556.1028,0.124658,1.380563,-0.812185,65.20447,160.8033,357.0034,0,0,0,0,0,0,-0.07117,1.255644,-0.883512,298.1069,225.6825,312.4735,0,False,False
556.114,0.122061,1.3811,-0.81046,65.27194,160.5742,356.9181,0,0,0,0,0,0,-0.074154,1.255971,-0.882231,298.569,224.9996,312.96,0,False,False
556.1251,0.119557,1.381444,-0.808886,65.26517,160.3396,356.8747,0,0,0,0,0,0,-0.076943,1.255949,-0.881374,299.0458,224.2893,313.1097,0,False,False
556.1363,0.117179,1.381802,-0.80737,65.2363,160.1282,356.8351,0,0,0,0,0,0,-0.079615,1.255806,-0.880473,299.429,223.6787,313.1109,0,False,False
556.1473,0.114918,1.381943,-0.80583,65.18005,159.9308,356.78,0,0,0,0,0,0,-0.082144,1.255904,-0.87974,299.7434,223.2081,313.2992,0,False,False
556.1584,0.112572,1.382113,-0.804304,65.18473,159.7195,356.6671,0,0,0,0,0,0,-0.08443,1.255709,-0.878934,299.93,222.8106,313.6945,0,False,False
556.1695,0.110431,1.382244,-0.802849,65.22737,159.4738,356.4488,0,0,0,0,0,0,-0.086885,1.25545,-0.878268,300.0457,222.4,314.2497,0,False,False
556.1805,0.108276,1.38228,-0.801355,65.27814,159.2097,356.1648,0,0,0,0,0,0,-0.089042,1.255309,-0.877648,300.0691,222.0177,314.8394,0,False,False
556.1917,0.106085,1.382228,-0.799829,65.2869,159.007,355.9252,0,0,0,0,0,0,-0.091161,1.25527,-0.876825,300.1128,221.6789,315.3523,0,False,False
556.2028,0.104026,1.38214,-0.79837,65.31228,158.8918,355.7047,0,0,0,0,0,0,-0.093396,1.25505,-0.875923,300.0127,221.6802,315.5328,0,False,False
556.214,0.101852,1.38198,-0.796874,65.33819,158.7685,355.4778,0,0,0,0,0,0,-0.095416,1.254869,-0.874841,299.8402,221.6936,315.7032,0,False,False
556.225,0.099714,1.381834,-0.795293,65.42992,158.6982,355.3337,0,0,0,0,0,0,-0.09736,1.254767,-0.873953,299.7255,221.5107,316.1142,0,False,False
556.2363,0.097466,1.381775,-0.793582,65.5839,158.644,355.2443,0,0,0,0,0,0,-0.099114,1.254629,-0.873035,299.7098,221.1716,316.6619,0,False,False
556.2473,0.095208,1.381759,-0.791806,65.79733,158.5997,355.2195,0,0,0,0,0,0,-0.101294,1.254609,-0.872135,299.8312,220.9919,316.8748,0,False,False
556.2584,0.092961,1.381828,-0.789965,66.0489,158.5992,355.2448,0,0,0,0,0,0,-0.103537,1.25449,-0.871009,300.0034,221.1007,316.7533,0,False,False
556.2695,0.090682,1.381902,-0.788133,66.26707,158.6107,355.2878,0,0,0,0,0,0,-0.105908,1.254453,-0.869781,300.1503,221.2551,316.6613,0,False,False
556.2805,0.088434,1.382025,-0.786438,66.4411,158.6668,355.3563,0,0,0,0,0,0,-0.108279,1.254431,-0.868516,300.3432,221.5124,316.4964,0,False,False
556.2917,0.086222,1.38218,-0.784809,66.57478,158.7458,355.3912,0,0,0,0,0,0,-0.111005,1.254629,-0.866858,300.597,222.1523,316.0227,0,False,False
556.3029,0.084073,1.382407,-0.78337,66.66271,158.8577,355.4297,0,0,0,0,0,0,-0.113564,1.254722,-0.865132,300.8344,222.8782,315.5027,0,False,False
556.314,0.081947,1.382602,-0.781883,66.72777,158.9966,355.4671,0,0,0,0,0,0,-0.116159,1.254956,-0.863146,301.0791,223.5054,315.0175,0,False,False
556.3251,0.079939,1.382877,-0.780379,66.79082,159.194,355.5368,0,0,0,0,0,0,-0.118633,1.255061,-0.86159,301.3038,223.8826,314.7511,0,False,False
556.3361,0.07786,1.38317,-0.778853,66.87297,159.3139,355.5508,0,0,0,0,0,0,-0.120826,1.25525,-0.859966,301.5412,224.1688,314.4965,0,False,False
556.3472,0.075878,1.383489,-0.777311,66.96416,159.5243,355.6616,0,0,0,0,0,0,-0.123123,1.255496,-0.858249,301.7723,224.341,314.3313,0,False,False
