time,ori_x,ori_y,ori_z,dir_x,dir_y,dir_z,gaze_x,gaze_y,gaze_z,gaze_object,pupil_l,pupil_r
882.4586,-0.001238,0.00281,-0.032195,0.023987,-0.072479,0.99707,0.825406,0,29.33363,Ground,2.619034,2.85199
882.47,-0.001238,0.00281,-0.032195,0.023987,-0.072479,0.99707,0.830167,0,29.32784,Ground,2.619034,2.85199
882.4808,0.004097,0.002945,-0.032517,0.023361,-0.072266,0.997101,0.817032,0,29.37692,Ground,2.640045,2.844604
882.4919,0.004795,0.00297,-0.032555,0.023499,-0.072159,0.997101,0.831439,0,29.44908,Ground,2.619064,2.888702
882.5031,0.004795,0.00297,-0.032555,0.023499,-0.072159,0.997101,0.848029,0,29.67195,Ground,2.619064,2.888702
882.5143,0.004494,0.002965,-0.03254,0.023712,-0.071213,0.997177,0.888308,0,30.46538,Ground,2.629868,2.900085
882.5253,0.00453,0.002966,-0.032533,0.022766,-0.070145,0.997269,0.90401,0,31.47562,Ground,2.630081,2.900848
882.5364,0.00394,0.002953,-0.032488,0.022873,-0.068863,0.99736,0.950818,0,32.37354,Ground,2.629791,2.902664
882.5474,0.00394,0.002953,-0.032488,0.022873,-0.068863,0.99736,0.96533,0,32.53323,Ground,2.629791,2.902664
882.5586,0.002516,0.002923,-0.032405,0.022598,-0.068253,0.997406,0.979572,0,33.05931,Ground,2.633408,2.880707
882.5696,0.001732,0.002907,-0.032328,0.022217,-0.06839,0.997406,0.982805,0,33.2647,Ground,2.638779,2.902252
882.5807,0.001732,0.002907,-0.032328,0.022217,-0.06839,0.997406,0.999041,0,33.53149,Ground,2.638779,2.902252
882.5919,0.00147,0.002902,-0.032304,0.022171,-0.067734,0.997452,1.033561,0,34.43266,Ground,2.640564,2.901291
882.6031,0.000973,0.002892,-0.032266,0.022385,-0.066971,0.997498,1.081575,0,35.3995,Ground,2.638733,2.904099
882.6142,0.000973,0.002892,-0.032266,0.022385,-0.066971,0.997498,1.094456,0,35.8069,Ground,2.638733,2.904099
882.6252,0.001585,0.002906,-0.032288,0.021957,-0.066711,0.997528,1.098584,0,36.55817,Ground,2.641922,2.902588
882.6364,-0.000111,0.002865,-0.032179,0.021317,-0.06723,0.997498,1.070962,0,36.52988,Ground,2.644012,2.900253
882.6475,-0.002469,0.002804,-0.03203,0.02063,-0.065491,0.997635,1.119223,0,38.61141,Ground,2.6427,2.895569
882.6586,-0.002469,0.002804,-0.03203,0.02063,-0.065491,0.997635,1.125923,0,39.00559,Ground,2.6427,2.895569
882.6695,-0.001603,0.002825,-0.032081,0.020264,-0.064896,0.997681,1.152452,0,40.17924,Ground,2.64241,2.90094
882.6808,-0.000534,0.002851,-0.032147,0.018951,-0.06604,0.997635,1.066228,0,39.35497,Ground,2.64476,2.902878
882.6918,-0.000534,0.002851,-0.032147,0.018951,-0.06604,0.997635,1.068036,0,39.85237,Ground,2.64476,2.902878
882.703,0.000424,0.002874,-0.032204,0.019211,-0.067902,0.997498,1.034266,0,38.64419,Ground,2.643692,2.895538
882.7139,0.002156,0.002919,-0.032308,0.019348,-0.06868,0.997437,1.022233,0,38.234,Ground,2.643448,2.887344
882.7252,0.002156,0.002919,-0.032308,0.019348,-0.06868,0.997437,1.033073,0,38.72677,Ground,2.643448,2.887344
882.7363,0.001195,0.002895,-0.032276,0.019257,-0.068542,0.997452,1.049271,0,39.45762,Ground,2.643005,2.874161
882.7474,0.003604,0.002953,-0.032447,0.019394,-0.069519,0.997391,1.044229,0,39.20157,Ground,2.642426,2.864288
882.7585,0.003604,0.002953,-0.032447,0.019394,-0.069519,0.997391,1.059274,0,39.69652,Ground,2.642426,2.864288
882.7698,0.003127,0.00294,-0.032439,0.019684,-0.069046,0.997406,1.111551,0,40.79571,Ground,2.630554,2.858276
882.7808,0.003156,0.002941,-0.032451,0.019501,-0.069077,0.997406,1.132246,0,41.43154,Ground,2.616089,2.860504
882.7919,0.003494,0.002946,-0.032477,0.019653,-0.070465,0.997315,1.104846,0,40.47573,Ground,2.615479,2.857513
882.8029,0.003494,0.002946,-0.032477,0.019653,-0.070465,0.997315,1.123415,0,40.77955,Ground,2.615479,2.857513
882.8141,0.003116,0.002934,-0.032458,0.019943,-0.07103,0.997269,1.126318,0,40.50337,Ground,2.61528,2.836365
882.8251,0.003889,0.002952,-0.032505,0.019516,-0.073044,0.997131,1.055774,0,38.63316,Ground,2.614807,2.836441
882.8362,0.003889,0.002952,-0.032505,0.019516,-0.073044,0.997131,1.067399,0,38.76085,Ground,2.614807,2.836441
882.8474,0.004203,0.002957,-0.032524,0.019226,-0.072678,0.997162,1.072485,0,39.03016,Ground,2.647537,2.851028
882.8584,0.004491,0.002964,-0.032545,0.019012,-0.072769,0.997162,1.068234,0,39.05753,Ground,2.647171,2.837051
882.8697,0.004491,0.002964,-0.032545,0.019012,-0.072769,0.997162,1.079681,0,39.20354,Ground,2.647171,2.837051
882.8807,0.003946,0.002951,-0.032521,0.017578,-0.072357,0.997223,1.038832,0,39.53468,Ground,2.647064,2.836823
882.8917,0.004199,0.002959,-0.032539,0.016891,-0.073364,0.997147,0.977877,0,38.64169,Ground,2.646729,2.832809
882.903,0.003673,0.002946,-0.032509,0.015442,-0.074066,0.997131,0.906416,0,38.21835,Ground,2.663803,2.824478
882.9139,0.003673,0.002946,-0.032509,0.015442,-0.074066,0.997131,0.906984,0,38.41867,Ground,2.663803,2.824478
882.9252,0.002752,0.002925,-0.032467,0.015732,-0.073914,0.997131,0.912389,0,38.64943,Ground,2.66301,2.814392
882.9361,0.002008,0.00291,-0.032423,0.015762,-0.074371,0.997101,0.896719,0,38.65981,Ground,2.662659,2.814575
882.9473,0.002008,0.00291,-0.032423,0.015762,-0.074371,0.997101,0.889845,0,38.83894,Ground,2.662659,2.814575
882.9585,0.002113,0.002915,-0.032432,0.015869,-0.074493,0.997086,0.891159,0,39.31418,Ground,2.662338,2.81308
882.9695,0.002631,0.002929,-0.032479,0.014694,-0.07373,0.997162,0.861664,0,40.72028,Ground,2.641632,2.813004
882.9808,0.002631,0.002929,-0.032479,0.014694,-0.07373,0.997162,0.85432,0,41.43103,Ground,2.641632,2.813004
882.9917,0.003599,0.002956,-0.032541,0.014786,-0.074173,0.997131,0.829692,0,41.5906,Ground,2.655106,2.812958
883.0029,0.003367,0.00295,-0.032541,0.013763,-0.075089,0.99707,0.742921,0,41.32061,Ground,2.640579,2.817139
883.014,0.005398,0.003001,-0.032665,0.016068,-0.074738,0.99707,0.828141,0,42.34962,Ground,2.640503,2.81279
883.0251,0.005398,0.003001,-0.032665,0.016068,-0.074738,0.99707,0.814794,0,43.06932,Ground,2.640503,2.81279
883.0361,0.00541,0.003,-0.032662,0.016586,-0.075638,0.996994,0.794891,0,42.60334,Ground,2.640457,2.812668
883.0474,0.004534,0.002975,-0.032612,0.018021,-0.074341,0.997055,0.8644,0,44.34274,Ground,2.640686,2.824036
883.0586,0.004534,0.002975,-0.032612,0.018021,-0.074341,0.997055,0.851694,0,44.94071,Ground,2.640686,2.824036
883.0695,0.007154,0.003038,-0.032768,0.018204,-0.07579,0.996948,0.797631,0,43.56181,Ground,2.640579,2.823776
883.0806,0.005486,0.002982,-0.032645,0.01944,-0.075394,0.996964,0.848157,0,44.28619,Ground,2.640945,2.824753
883.0917,0.004679,0.002952,-0.032577,0.020599,-0.076035,0.996887,0.857179,0,43.58942,Ground,2.632172,2.818405
883.1028,0.004679,0.002952,-0.032577,0.020599,-0.076035,0.996887,0.84034,0,43.5456,Ground,2.632172,2.818405
883.114,0.001712,0.002867,-0.032376,0.020187,-0.076614,0.996841,0.804245,0,43.12679,Ground,2.632935,2.816299
883.125,0.001911,0.002865,-0.032363,0.019745,-0.076599,0.996857,0.78814,0,43.25506,Ground,2.636642,2.808472
883.1362,0.001911,0.002865,-0.032363,0.019745,-0.076599,0.996857,0.810586,0,43.0768,Ground,2.636642,2.808472
883.148,0.003724,0.002858,-0.032286,0.021973,-0.075516,0.996887,0.983634,0,43.93231,Ground,2.57373,2.812668
883.1584,0.025865,0.003547,-0.033974,0.084961,-0.074844,0.993561,3.681588,0,41.98983,Ground,2.616226,2.838852
883.1694,0.025865,0.003547,-0.033974,0.084961,-0.074844,0.993561,3.75237,0,41.64063,Ground,2.616226,2.838852
883.1808,0.028031,0.0036,-0.034023,0.137604,-0.066391,0.988251,7.253993,0,48.97106,Ground,2.540176,2.821365
883.1919,0.019774,0.00344,-0.033546,0.182953,-0.071381,0.980515,7.964604,0,40.05598,Ground,2.487946,2.852737
883.203,0.019774,0.00344,-0.033546,0.182953,-0.071381,0.980515,8.078829,0,39.70844,Ground,2.487946,2.852737
883.2139,-0.023184,0.002185,-0.030767,0.223908,-0.082657,0.971085,7.502911,0,29.69002,Ground,2.562714,2.605865
883.225,-0.031461,0.002073,-0.030685,0.226395,-0.074432,0.971176,9.116497,0,34.59098,Ground,2.490952,2.606262
883.236,-0.03178,0.002011,-0.030461,0.221436,-0.075272,0.97226,9.100581,0,34.22369,Ground,2.623993,2.634857
883.2472,-0.03178,0.002011,-0.030461,0.221436,-0.075272,0.97226,9.400998,0,34.14857,Ground,2.623993,2.634857
883.2584,-0.031201,0.001855,-0.0299,0.228058,-0.074722,0.970764,10.02852,0,34.20932,Ground,2.554031,2.607407
883.2694,-0.021073,0.002064,-0.030208,0.23346,-0.076477,0.969345,10.17554,0,32.63737,Ground,2.557571,2.640381
883.2805,-0.021073,0.002064,-0.030208,0.23346,-0.076477,0.969345,10.52144,0,32.37952,Ground,2.557571,2.640381
883.2917,-0.012626,0.002137,-0.030119,0.247955,-0.064575,0.966614,14.75538,0,41.14581,Ground,2.553131,2.699158
883.3028,-0.025954,0.002122,-0.030578,0.220306,-0.064926,0.973251,14.65453,0,42.57868,Ground,2.524399,2.769562
883.3139,-0.02816,0.001734,-0.029359,0.212906,-0.072922,0.974335,12.41479,0,35.1198,Ground,2.514343,2.641251
883.3251,-0.02816,0.001734,-0.029359,0.212906,-0.072922,0.974335,12.96433,0,34.61631,Ground,2.514343,2.641251
883.3359,-0.025754,0.001893,-0.029772,0.209351,-0.048584,0.976624,-99999,-99999,-99999,,2.530258,2.904327
883.3471,-0.014435,0.002585,-0.031611,0.207596,-0.064178,0.976105,17.44349,0,41.87326,Ground,2.516953,2.810699
883.3583,-0.014435,0.002585,-0.031611,0.207596,-0.064178,0.976105,18.22423,0,41.07932,Ground,2.516953,2.810699
883.3694,-0.021006,0.002475,-0.031256,0.243515,-0.077011,0.966827,14.53927,0,27.94566,Ground,2.423553,2.4935
883.3806,-0.030689,0.00223,-0.030808,0.298065,-0.07016,0.95195,17.72992,0,28.00171,Ground,2.5849,2.338379
883.3915,-0.030689,0.00223,-0.030808,0.298065,-0.07016,0.95195,18.29114,0,27.22017,Ground,2.5849,2.338379
883.4027,-0.031712,0.002214,-0.030754,0.324829,-0.075775,0.942719,17.21372,0,22.64741,Ground,2.546829,2.423416
883.4138,-0.02938,0.002272,-0.030692,0.329437,-0.092682,0.939606,13.86589,0,16.97579,Ground,2.698776,1.995865
883.4249,0.003457,0.003575,-0.033581,0.406616,-0.029083,0.913132,-99999,-99999,-99999,,2.552124,2.867981
883.436,0.003457,0.003575,-0.033581,0.406616,-0.029083,0.913132,-99999,-99999,-99999,,2.552124,2.867981
883.4471,0.034242,0.004074,-0.034109,0.440384,-0.033997,0.897156,42.97697,0,33.98415,Ground,2.716873,2.869919
883.4584,0.034208,0.003284,-0.031588,0.482132,0.016754,0.875931,-99999,-99999,-99999,,2.874237,3.028656
883.4694,0.034208,0.003284,-0.031588,0.482132,0.016754,0.875931,-99999,-99999,-99999,,2.874237,3.028656
883.4805,0.026539,0.004896,-0.03699,0.435013,-0.039581,0.899536,33.40021,0,21.5086,Ground,2.723892,2.876526
883.4916,0.026774,0.00411,-0.034502,0.469376,-0.006912,0.882965,-99999,-99999,-99999,,2.817749,2.889359
883.5027,0.026774,0.00411,-0.034502,0.469376,-0.006912,0.882965,-99999,-99999,-99999,,2.817749,2.889359
883.5138,-0.030405,0.002306,-0.030696,0.49379,0.00737,0.869537,-99999,-99999,-99999,,2.888,2.916458
883.5248,-0.028813,0.002459,-0.031128,0.501343,0.015579,0.865097,-99999,-99999,-99999,,2.885544,2.90065
883.5359,-0.022108,0.002769,-0.031936,0.473908,0.018509,0.880371,-99999,-99999,-99999,,2.900146,2.870636
883.5472,-0.022108,0.002769,-0.031936,0.473908,0.018509,0.880371,-99999,-99999,-99999,,2.900146,2.870636
883.5582,0.026422,0.003765,-0.033472,0.429031,0.00885,0.903244,-99999,-99999,-99999,,2.75354,2.937241
883.5692,-0.009956,0.002986,-0.032083,0.358749,0.008057,0.933395,-99999,-99999,-99999,,2.291412,2.866562
883.5806,-0.009956,0.002986,-0.032083,0.358749,0.008057,0.933395,-99999,-99999,-99999,,2.291412,2.866562
883.5915,-0.013782,0.002797,-0.031495,0.289444,-0.043808,0.956177,36.39081,0,14.64039,Ground,2.596481,2.284729
883.6025,-0.005614,0.003204,-0.032632,0.257767,-0.003113,0.966187,-99999,-99999,-99999,,2.499268,2.740921
883.6137,-0.005614,0.003204,-0.032632,0.257767,-0.003113,0.966187,-99999,-99999,-99999,,2.499268,2.740921
883.6248,0.030458,0.004402,-0.035649,0.234299,-0.014206,0.972046,-99999,-99999,-99999,,2.553604,2.696487
883.6359,0.033065,0.004373,-0.035384,0.319214,-0.003448,0.947662,-99999,-99999,-99999,,2.645676,2.523026
883.647,0.033047,0.00438,-0.035338,0.352661,-0.027084,0.935349,-99999,-99999,-99999,,2.398148,2.875534
883.6583,0.033047,0.00438,-0.035338,0.352661,-0.027084,0.935349,-99999,-99999,-99999,,2.398148,2.875534
883.6693,0.032898,0.004327,-0.035184,0.409393,0.00415,0.912338,-99999,-99999,-99999,,2.735199,2.868011
883.6803,0.022464,0.004188,-0.035089,0.443237,0.006531,0.896378,-99999,-99999,-99999,,2.77504,2.83075
883.6916,0.022464,0.004188,-0.035089,0.443237,0.006531,0.896378,-99999,-99999,-99999,,2.77504,2.83075
883.7025,-0.01831,0.002843,-0.032136,0.473908,0.008423,0.880524,-99999,-99999,-99999,,2.700333,2.928436
883.7136,-0.03071,0.002641,-0.03187,0.408325,0.013977,0.91272,-99999,-99999,-99999,,2.683136,2.937469
883.7249,-0.008456,0.002805,-0.031682,0.314423,-0.017731,0.949112,-99999,-99999,-99999,,2.531326,2.379059
883.7359,-0.008456,0.002805,-0.031682,0.314423,-0.017731,0.949112,-99999,-99999,-99999,,2.531326,2.379059
883.747,0.028203,0.003929,-0.03442,0.325028,-0.008682,0.945648,-99999,-99999,-99999,,2.568207,2.702332
883.7582,0.031904,0.004138,-0.035024,0.295471,-0.011871,0.955277,-99999,-99999,-99999,,2.655289,2.814194
883.7692,0.031904,0.004138,-0.035024,0.295471,-0.011871,0.955277,-99999,-99999,-99999,,2.655289,2.814194
883.7804,-0.010109,0.00304,-0.032529,0.247498,-0.000168,0.968872,-99999,-99999,-99999,,2.468872,2.736465
883.7914,-0.028651,0.002259,-0.030438,0.237091,0.00621,0.971451,-99999,-99999,-99999,,2.486694,2.825104
883.8025,-0.028651,0.002259,-0.030438,0.237091,0.00621,0.971451,-99999,-99999,-99999,,2.486694,2.825104
883.8136,-0.03103,0.002177,-0.030236,0.233765,0.017517,0.972122,-99999,-99999,-99999,,2.536682,2.862869
883.8247,-0.026744,0.002408,-0.030809,0.183853,-0.011948,0.982864,-99999,-99999,-99999,,2.600876,2.841675
883.8359,-0.02372,0.002483,-0.030959,0.163803,-0.012802,0.986404,-99999,-99999,-99999,,2.615814,2.903091
883.8469,-0.02372,0.002483,-0.030959,0.163803,-0.012802,0.986404,-99999,-99999,-99999,,2.615814,2.903091
883.8581,-0.004375,0.002984,-0.032182,0.132004,-0.017471,0.991089,-99999,-99999,-99999,,2.626938,2.94664
883.8691,-0.008074,0.002829,-0.031733,0.113922,-0.013489,0.993393,-99999,-99999,-99999,,2.635376,2.913467
883.8803,-0.008074,0.002829,-0.031733,0.113922,-0.013489,0.993393,-99999,-99999,-99999,,2.635376,2.913467
883.8914,-0.014785,0.002681,-0.031366,0.087952,-0.011765,0.996048,-99999,-99999,-99999,,2.615204,2.868118
883.9025,-0.014502,0.002667,-0.031332,0.066849,-0.013245,0.997665,-99999,-99999,-99999,,2.711823,2.911057
883.9138,-0.014502,0.002667,-0.031332,0.066849,-0.013245,0.997665,-99999,-99999,-99999,,2.711823,2.911057
883.9247,0.001143,0.003066,-0.032366,0.049805,-0.020279,0.99855,-99999,-99999,-99999,,2.677338,2.89888
883.9359,0.012941,0.003386,-0.033241,0.042862,-0.019363,0.998886,-99999,-99999,-99999,,2.634338,2.89772
883.9469,0.016315,0.003468,-0.033449,0.03566,-0.01532,0.999237,-99999,-99999,-99999,,2.615555,2.86586
883.9581,0.016315,0.003468,-0.033449,0.03566,-0.01532,0.999237,-99999,-99999,-99999,,2.615555,2.86586
883.9693,0.008386,0.003134,-0.032524,0.015411,-0.011215,0.999817,-99999,-99999,-99999,,2.720795,3.087341
883.9802,-0.011886,0.002572,-0.031016,0.00975,-0.017639,0.999786,-99999,-99999,-99999,,2.708557,2.961151
883.9914,-0.011886,0.002572,-0.031016,0.00975,-0.017639,0.999786,-99999,-99999,-99999,,2.708557,2.961151
884.0024,-0.008043,0.0027,-0.031403,0.007156,-0.021347,0.999741,-99999,-99999,-99999,,2.60733,3.016922
884.0137,-0.001806,0.002869,-0.031856,0.007553,-0.019302,0.999771,-99999,-99999,-99999,,2.669922,3.030716
884.0246,0.003359,0.003015,-0.032278,0.007675,-0.011993,0.999893,-99999,-99999,-99999,,2.814957,3.113754
884.0359,0.003359,0.003015,-0.032278,0.007675,-0.011993,0.999893,-99999,-99999,-99999,,2.814957,3.113754
884.0471,0.006714,0.003143,-0.032659,0.025391,-0.011612,0.999603,-99999,-99999,-99999,,2.799377,3.059174
884.0583,0.008341,0.003225,-0.032928,0.0289,-0.014725,0.999466,-99999,-99999,-99999,,2.770569,3.050476
884.0692,0.008341,0.003225,-0.032928,0.0289,-0.014725,0.999466,-99999,-99999,-99999,,2.770569,3.050476
884.0802,0.013478,0.003364,-0.033306,0.039703,-0.014908,0.9991,-99999,-99999,-99999,,2.735489,2.983627
884.0919,-0.006161,0.002727,-0.031538,-0.040329,-0.012192,0.9991,-99999,-99999,-99999,,2.780624,3.100861
884.1023,-0.006161,0.002727,-0.031538,-0.040329,-0.012192,0.9991,-99999,-99999,-99999,,2.780624,3.100861
884.1135,-0.017916,0.002369,-0.030462,-0.072113,0.003113,0.997391,-99999,-99999,-99999,,2.910309,3.145782
884.1246,-0.009523,0.002543,-0.030929,-0.112213,0.006989,0.993652,-99999,-99999,-99999,,2.966156,3.05249
884.1358,0.016025,0.003173,-0.032614,-0.15332,-0.002457,0.988159,-99999,-99999,-99999,,2.845001,3.159088
884.147,0.016025,0.003173,-0.032614,-0.15332,-0.002457,0.988159,-99999,-99999,-99999,,2.845001,3.159088
884.1579,0.024705,0.003446,-0.033361,-0.19838,0.001923,0.980118,-99999,-99999,-99999,,2.951035,3.149796
884.1691,0.018299,0.003148,-0.032489,-0.221222,0.011551,0.975143,-99999,-99999,-99999,,2.979736,3.195526
884.1802,0.018299,0.003148,-0.032489,-0.221222,0.011551,0.975143,-99999,-99999,-99999,,2.979736,3.195526
884.1912,0.009201,0.002269,-0.029704,-0.268982,0.026459,0.962769,-99999,-99999,-99999,,3.072632,3.247009
884.2025,-0.011289,0.002125,-0.029791,-0.252365,0.020782,0.967392,-99999,-99999,-99999,,3.001373,3.373245
884.2135,-0.016815,0.001903,-0.029254,-0.261963,0.009949,0.965012,-99999,-99999,-99999,,2.814926,3.343491
884.2245,-0.016815,0.001903,-0.029254,-0.261963,0.009949,0.965012,-99999,-99999,-99999,,2.814926,3.343491
884.2357,-0.026836,0.001508,-0.028241,-0.247971,0.027725,0.968353,-99999,-99999,-99999,,2.961731,3.32843
884.2467,-0.028318,0.001438,-0.028049,-0.252152,0.015274,0.96756,-99999,-99999,-99999,,2.811203,3.21962
884.2579,-0.028318,0.001438,-0.028049,-0.252152,0.015274,0.96756,-99999,-99999,-99999,,2.811203,3.21962
884.269,-0.026881,0.001462,-0.028111,-0.248474,0.028076,0.968216,-99999,-99999,-99999,,2.811172,3.203796
884.2802,-0.008519,0.002411,-0.030768,-0.266876,0.010757,0.963669,-99999,-99999,-99999,,2.794403,3.188751
884.2911,-0.008519,0.002411,-0.030768,-0.266876,0.010757,0.963669,-99999,-99999,-99999,,2.794403,3.188751
884.3024,-0.006737,0.002397,-0.030618,-0.285873,0.023315,0.957977,-99999,-99999,-99999,,2.659851,3.271881
884.3134,-0.00774,0.002046,-0.029521,-0.334946,0.026901,0.941849,-99999,-99999,-99999,,2.805786,3.324142
884.3247,-0.013353,0.001999,-0.029373,-0.33429,0.038467,0.941681,-99999,-99999,-99999,,3.051041,3.489471
884.3357,-0.013353,0.001999,-0.029373,-0.33429,0.038467,0.941681,-99999,-99999,-99999,,3.051041,3.489471
884.3468,-0.016786,0.001767,-0.028704,-0.358414,0.040695,0.932663,-99999,-99999,-99999,,2.707458,3.429199
884.3578,-0.023042,0.00155,-0.027973,-0.347305,0.023499,0.937439,-99999,-99999,-99999,,2.904099,3.186478
884.3689,-0.023042,0.00155,-0.027973,-0.347305,0.023499,0.937439,-99999,-99999,-99999,,2.904099,3.186478
884.3801,-0.023034,0.001686,-0.028352,-0.343887,0.042328,0.938049,-99999,-99999,-99999,,2.837509,3.338989
884.3911,-0.024803,0.001684,-0.028391,-0.35199,0.034454,0.935364,-99999,-99999,-99999,,2.70842,3.262283
884.4023,-0.024803,0.001684,-0.028391,-0.35199,0.034454,0.935364,-99999,-99999,-99999,,2.70842,3.262283
884.4134,-0.0222,0.001866,-0.029001,-0.35791,0.011307,0.93367,-99999,-99999,-99999,,2.905884,3.042633
884.4245,-0.019212,0.001735,-0.028622,-0.399612,0.046265,0.915512,-99999,-99999,-99999,,3.059784,3.1521
884.4356,-0.019212,0.001735,-0.028622,-0.399612,0.046265,0.915512,-99999,-99999,-99999,,3.059784,3.1521
884.4468,0.000138,0.002914,-0.031858,-0.423554,0.026245,0.905487,-99999,-99999,-99999,,3.128998,3.412842
884.4578,0.031256,0.004519,-0.036161,-0.447708,0.017502,0.893997,-99999,-99999,-99999,,3.127426,3.527359
884.4689,0.035341,0.005106,-0.037953,-0.469177,0.003922,0.883087,-99999,-99999,-99999,,3.034927,2.580627
884.48,0.035341,0.005106,-0.037953,-0.469177,0.003922,0.883087,-99999,-99999,-99999,,3.034927,2.580627
884.4911,0.03718,0.005073,-0.037875,-0.496658,-0.013184,0.867844,-99999,-99999,-99999,,3.10556,3.447205
884.5021,0.038505,0.005048,-0.037752,-0.503449,-0.007446,0.863983,-99999,-99999,-99999,,3.086517,3.377762
884.5134,0.038505,0.005048,-0.037752,-0.503449,-0.007446,0.863983,-99999,-99999,-99999,,3.086517,3.377762
884.5246,0.03904,0.005017,-0.037661,-0.516708,-0.007813,0.85611,-99999,-99999,-99999,,3.113953,3.380188
884.5356,0.037987,0.005286,-0.03862,-0.426849,-0.009491,0.904266,-99999,-99999,-99999,,3.121765,3.378067
884.5467,0.037017,0.004862,-0.03715,-0.435165,-0.004974,0.90033,-99999,-99999,-99999,,3.04866,3.572006
884.5577,0.037017,0.004862,-0.03715,-0.435165,-0.004974,0.90033,-99999,-99999,-99999,,3.04866,3.572006
884.569,0.027504,0.006375,-0.042769,-0.305924,-0.05072,0.950699,-99999,-99999,-99999,,2.822754,3.497299
884.58,0.034922,0.004767,-0.036754,-0.27739,0.016678,0.960602,-99999,-99999,-99999,,3.156433,3.401917
884.5911,0.034922,0.004767,-0.036754,-0.27739,0.016678,0.960602,-99999,-99999,-99999,,3.156433,3.401917
884.6022,0.00434,0.002879,-0.031346,-0.229279,-0.000122,0.973358,-99999,-99999,-99999,,3.155106,3.489349
884.6134,0.004046,0.00303,-0.031893,-0.162384,-0.004059,0.98671,-99999,-99999,-99999,,3.145294,3.433365
884.6245,0.004046,0.00303,-0.031893,-0.162384,-0.004059,0.98671,-99999,-99999,-99999,,3.145294,3.433365
884.6356,-0.026713,0.00221,-0.030166,-0.121155,-0.023727,0.99234,-99999,-99999,-99999,,3.142883,3.316956
884.6466,-0.027014,0.002311,-0.030438,-0.060883,-0.025146,0.997818,-99999,-99999,-99999,,3.006607,3.459457
884.6577,-0.001568,0.003001,-0.032066,-0.123734,-0.018982,0.992127,-99999,-99999,-99999,,3.120407,3.322891
884.6689,-0.001568,0.003001,-0.032066,-0.123734,-0.018982,0.992127,-99999,-99999,-99999,,3.120407,3.322891
884.6801,-0.002366,0.002711,-0.031158,-0.25528,-0.000183,0.966858,-99999,-99999,-99999,,3.203537,3.563141
884.691,-0.026137,0.001881,-0.029088,-0.2612,-0.001953,0.965271,-99999,-99999,-99999,,3.21106,3.429352
884.7021,-0.026137,0.001881,-0.029088,-0.2612,-0.001953,0.965271,-99999,-99999,-99999,,3.21106,3.429352
884.7133,-0.023661,0.001953,-0.029241,-0.254135,0.009933,0.967102,-99999,-99999,-99999,,3.295883,3.56604
884.7244,-0.022932,0.002029,-0.029403,-0.2146,-0.008224,0.976654,-99999,-99999,-99999,,3.059967,3.413361
884.7355,-0.022932,0.002029,-0.029403,-0.2146,-0.008224,0.976654,-99999,-99999,-99999,,3.059967,3.413361
884.7466,-0.027437,0.001938,-0.029345,-0.176224,0.009811,0.984299,-99999,-99999,-99999,,3.168747,3.575912
884.7578,-0.027016,0.002103,-0.029962,-0.13971,-0.001373,0.990189,-99999,-99999,-99999,,3.171631,3.524155
884.7687,-0.021642,0.002425,-0.030624,-0.095947,-0.005295,0.995361,-99999,-99999,-99999,,3.209686,3.444595
884.78,-0.021642,0.002425,-0.030624,-0.095947,-0.005295,0.995361,-99999,-99999,-99999,,3.209686,3.444595
884.7911,-0.019718,0.002555,-0.030841,-0.059998,-0.00029,0.998184,-99999,-99999,-99999,,3.056259,3.516815
884.8021,-0.015302,0.002701,-0.031112,-0.030441,0.00032,0.999527,-99999,-99999,-99999,,3.238297,3.541428
884.8134,-0.015302,0.002701,-0.031112,-0.030441,0.00032,0.999527,-99999,-99999,-99999,,3.238297,3.541428
884.8245,-0.007362,0.003017,-0.031781,-0.001541,-0.000504,0.999985,-99999,-99999,-99999,,3.154663,3.559509
884.8357,0.016473,0.003815,-0.033291,0.036682,-0.004257,0.999313,-99999,-99999,-99999,,3.025742,3.509949
884.8466,0.016473,0.003815,-0.033291,0.036682,-0.004257,0.999313,-99999,-99999,-99999,,3.025742,3.509949
884.8577,0.007954,0.003657,-0.033201,0.053635,-0.009781,0.998505,-99999,-99999,-99999,,3.113678,3.471207
884.8688,0.005134,0.003303,-0.032622,0.061554,-0.038956,0.99733,-99999,-99999,-99999,,3.111664,3.330307
884.8798,0.001702,0.003221,-0.032543,0.06282,-0.044479,0.997025,-99999,-99999,-99999,,3.137604,3.371979
884.8909,0.001702,0.003221,-0.032543,0.06282,-0.044479,0.997025,-99999,-99999,-99999,,3.137604,3.371979
884.9021,0.012572,0.003614,-0.033402,0.11113,-0.031525,0.993301,-99999,-99999,-99999,,3.160767,3.529175
884.9133,0.014388,0.003623,-0.033393,0.150421,-0.03923,0.987839,-99999,-99999,-99999,,3.037598,3.320923
884.9243,0.014388,0.003623,-0.033393,0.150421,-0.03923,0.987839,-99999,-99999,-99999,,3.037598,3.320923
884.9355,0.005767,0.003311,-0.032736,0.141983,-0.044952,0.988846,-99999,-99999,-99999,,3.129395,3.144257
884.9465,-0.006979,0.002961,-0.032174,0.155899,-0.044449,0.986771,-99999,-99999,-99999,,2.986237,3.274841
884.9576,-0.006979,0.002961,-0.032174,0.155899,-0.044449,0.986771,-99999,-99999,-99999,,2.986237,3.274841
884.9688,-0.006632,0.002904,-0.031948,0.165299,-0.051636,0.984879,-99999,-99999,-99999,,3.075974,3.220551
884.9798,0.014795,0.003727,-0.033578,0.164581,-0.039581,0.985565,-99999,-99999,-99999,,3.035858,3.152863
884.9909,0.018625,0.003843,-0.033751,0.168427,-0.033936,0.985123,-99999,-99999,-99999,,3.084717,3.252426
885.002,0.018625,0.003843,-0.033751,0.168427,-0.033936,0.985123,-99999,-99999,-99999,,3.084717,3.252426
885.0132,0.009024,0.003479,-0.03292,0.177002,-0.033066,0.983643,-99999,-99999,-99999,,3.066788,3.267822
885.0242,0.004782,0.003351,-0.032631,0.178925,-0.044083,0.982864,-99999,-99999,-99999,,3.055161,3.077209
885.0354,0.004782,0.003351,-0.032631,0.178925,-0.044083,0.982864,-99999,-99999,-99999,,3.055161,3.077209
885.0465,0.016595,0.003819,-0.033603,0.186203,-0.031281,0.98201,-99999,-99999,-99999,,3.045883,3.398026
885.0575,0.025498,0.004248,-0.03447,0.184647,-0.033768,0.982208,-99999,-99999,-99999,,2.980209,3.377701
885.0688,0.025498,0.004248,-0.03447,0.184647,-0.033768,0.982208,-99999,-99999,-99999,,2.980209,3.377701
885.0798,0.025606,0.004254,-0.034416,0.186707,-0.026672,0.98204,-99999,-99999,-99999,,3.005447,3.332413
885.091,0.02557,0.004246,-0.034357,0.188522,-0.024384,0.981751,-99999,-99999,-99999,,3.046509,3.336197
885.1019,0.018091,0.003961,-0.033715,0.189377,-0.026382,0.981537,-99999,-99999,-99999,,2.988358,3.363358
885.1132,0.018091,0.003961,-0.033715,0.189377,-0.026382,0.981537,-99999,-99999,-99999,,2.988358,3.363358
885.1242,0.012178,0.003729,-0.033167,0.192886,-0.026749,0.98085,-99999,-99999,-99999,,2.992035,3.303024
885.1353,0.005563,0.003546,-0.032791,0.143967,-0.001511,0.989578,-99999,-99999,-99999,,2.99913,3.289948
885.1465,0.005563,0.003546,-0.032791,0.143967,-0.001511,0.989578,-99999,-99999,-99999,,2.99913,3.289948
885.1575,0.026985,0.004363,-0.034486,0.107269,-0.007477,0.994186,-99999,-99999,-99999,,3.003616,3.29689
885.1687,0.031321,0.004577,-0.034967,0.109222,0.002197,0.994003,-99999,-99999,-99999,,2.928101,3.329498
885.1798,0.031321,0.004577,-0.034967,0.109222,0.002197,0.994003,-99999,-99999,-99999,,2.928101,3.329498
885.1908,0.033013,0.004671,-0.035154,0.116425,-0.001526,0.993195,-99999,-99999,-99999,,2.936539,3.190033
885.2019,0.029118,0.004535,-0.034836,0.114914,-0.002579,0.993362,-99999,-99999,-99999,,2.927353,3.264587
885.2132,0.016438,0.004078,-0.033905,0.114563,-0.001022,0.993408,-99999,-99999,-99999,,2.927002,3.257355
885.2242,0.016438,0.004078,-0.033905,0.114563,-0.001022,0.993408,-99999,-99999,-99999,,2.927002,3.257355
885.2356,0.011819,0.003911,-0.033556,0.116928,0.00058,0.993134,-99999,-99999,-99999,,2.928436,3.086548
885.2465,0.009068,0.003823,-0.033353,0.118652,0.002518,0.99292,-99999,-99999,-99999,,2.929916,3.231491
885.2575,0.009068,0.003823,-0.033353,0.118652,0.002518,0.99292,-99999,-99999,-99999,,2.929916,3.231491
885.2687,0.007458,0.00375,-0.033124,0.123459,0.010925,0.992279,-99999,-99999,-99999,,2.820724,3.206039
885.2797,0.002786,0.003582,-0.032694,0.122345,0.010681,0.992416,-99999,-99999,-99999,,2.865097,3.177216
885.2908,0.002786,0.003582,-0.032694,0.122345,0.010681,0.992416,-99999,-99999,-99999,,2.865097,3.177216
885.3019,-0.00036,0.003475,-0.032465,0.125046,0.013916,0.99205,-99999,-99999,-99999,,2.885605,3.180435
885.313,0.001789,0.003549,-0.032624,0.126434,0.014694,0.991852,-99999,-99999,-99999,,2.885864,3.181442
885.3242,0.005957,0.003689,-0.03292,0.125992,0.017395,0.991867,-99999,-99999,-99999,,2.870361,3.177124
885.3353,0.005957,0.003689,-0.03292,0.125992,0.017395,0.991867,-99999,-99999,-99999,,2.870361,3.177124
885.3465,0.007065,0.003725,-0.032982,0.130203,0.019241,0.991287,-99999,-99999,-99999,,2.872131,3.184784
885.3574,0.005332,0.00366,-0.032842,0.132721,0.022018,0.990906,-99999,-99999,-99999,,2.871078,3.181503
885.3685,0.005332,0.00366,-0.032842,0.132721,0.022018,0.990906,-99999,-99999,-99999,,2.871078,3.181503
885.3799,0.003394,0.003591,-0.032672,0.13414,0.022842,0.990692,-99999,-99999,-99999,,2.873169,3.182541
885.3909,0.003022,0.003612,-0.032655,0.141129,0.026093,0.989639,-99999,-99999,-99999,,2.868149,3.214188
885.4019,0.003022,0.003612,-0.032655,0.141129,0.026093,0.989639,-99999,-99999,-99999,,2.868149,3.214188
885.4134,0.011285,0.003883,-0.033197,0.146683,0.031296,0.988678,-99999,-99999,-99999,,2.836197,3.133362
885.4241,0.01192,0.003898,-0.033216,0.143524,0.034271,0.989044,-99999,-99999,-99999,,2.836578,3.132263
885.4357,0.014263,0.0041,-0.033728,0.153549,0.03746,0.987427,-99999,-99999,-99999,,2.77916,3.265869
885.4465,0.014263,0.0041,-0.033728,0.153549,0.03746,0.987427,-99999,-99999,-99999,,2.77916,3.265869
885.4575,0.015596,0.004132,-0.033904,0.155945,0.027695,0.987366,-40.41534,0,2.597366,Ground,2.703888,3.190125
885.4686,0.014926,0.003723,-0.033177,0.15686,-0.005127,0.987595,-20.08231,0,1.084205,Ground,2.806671,3.127502
885.4798,0.014926,0.003723,-0.033177,0.15686,-0.005127,0.987595,-17.03593,0,0.869623,Ground,2.806671,3.127502
885.4908,0.024919,0.004074,-0.034428,0.152206,-0.039154,0.987564,-11.35487,0,0.391535,Ground,2.761765,3.160538
885.5018,0.01682,0.003542,-0.033586,0.143738,-0.068909,0.987198,-8.542341,0,0.13393,Ground,2.861191,2.970856
885.513,0.01682,0.003542,-0.033586,0.143738,-0.068909,0.987198,-7.697173,0,0.102283,Ground,2.861191,2.970856
885.524,-0.002532,0.00227,-0.030768,0.152283,-0.11734,0.981339,-5.811279,0,0.046695,Ground,2.815018,3.021927
885.5353,-0.008091,0.002086,-0.03125,0.145187,-0.188217,0.971329,-4.315465,0,-0.07784,Ground,2.852753,3.130722
885.5463,-0.001699,0.002183,-0.031797,0.124939,-0.229446,0.965256,-3.633636,0,-0.184878,Ground,2.829651,3.018753
885.5574,-0.001699,0.002183,-0.031797,0.124939,-0.229446,0.965256,-3.385643,0,-0.182978,Ground,2.829651,3.018753
885.5686,0.006788,0.002177,-0.032393,0.12117,-0.282349,0.951614,-2.817489,0,-0.206889,Ground,2.84697,3.093185
885.5797,0.022828,0.00247,-0.033538,0.131821,-0.319107,0.938492,-2.448627,0,-0.178268,Ground,2.814682,3.085831
885.5906,0.022828,0.00247,-0.033538,0.131821,-0.319107,0.938492,-2.295878,0,-0.173576,Ground,2.814682,3.085831
885.6018,-0.030816,0.000864,-0.03119,0.10054,-0.376068,0.921112,-1.924499,0,-0.248381,Ground,-1,2.997543
885.6131,-0.030762,0.000881,-0.031575,0.08403,-0.367096,0.926361,-1.821105,0,-0.278801,Ground,-1,3.042572
885.624,-0.030716,0.000767,-0.031544,0.084686,-0.386887,0.918213,-1.635646,0,-0.267222,Ground,-1,3.093887
885.6352,-0.030716,0.000767,-0.031544,0.084686,-0.386887,0.918213,-1.516308,0,-0.257431,Ground,-1,3.093887
885.6461,-0.030674,0.000706,-0.031462,0.068512,-0.392716,0.917099,-1.390275,0,-0.280436,Ground,-1,3.119293
885.6573,-0.030597,0.000564,-0.030868,0.098053,-0.374191,0.922134,-1.335567,0,-0.213386,Ground,-1,3.208374
885.6685,-0.030597,0.000564,-0.030868,0.098053,-0.374191,0.922134,-1.23782,0,-0.204457,Ground,-1,3.208374
885.6797,-0.030497,0.000428,-0.029994,0.079971,-0.376343,0.923019,-1.145014,0,-0.229003,Ground,-1,3.128998
885.6918,-0.030472,0.000493,-0.029617,0.085419,-0.379135,0.921372,-1.0648,0,-0.209141,Ground,-1,3.155487
885.7017,-0.030472,0.000493,-0.029617,0.085419,-0.379135,0.921372,-0.998109,0,-0.200957,Ground,-1,3.155487
885.7128,-0.030455,0.000507,-0.029302,0.08223,-0.374374,0.923615,-0.948877,0,-0.199989,Ground,2.949783,3.017776
885.7239,-0.030547,0.001224,-0.031287,0.072708,-0.350586,0.933701,-0.939403,0,-0.210682,Ground,-1,2.946381
885.7351,-0.030547,0.001224,-0.031287,0.072708,-0.350586,0.933701,-0.884679,0,-0.202823,Ground,-1,2.946381
885.7462,-0.030499,0.001235,-0.03117,0.048767,-0.334503,0.941116,-0.86009,0,-0.237409,Ground,2.784744,3.066696
885.7572,-0.030457,0.001202,-0.031237,0.067398,-0.341629,0.937408,-0.794347,0,-0.195734,Ground,2.92569,3.040329
885.7685,-0.030392,0.001132,-0.031317,0.054871,-0.340042,0.938797,-0.744046,0,-0.208003,Ground,2.909927,2.965027
885.7795,-0.030392,0.001132,-0.031317,0.054871,-0.340042,0.938797,-0.692756,0,-0.199366,Ground,2.909927,2.965027
885.7906,-0.030317,0.001129,-0.031723,0.051163,-0.368576,0.928177,-0.591344,0,-0.194812,Ground,3.641159,3.047836
885.8017,-0.030274,0.001101,-0.031945,0.051376,-0.363037,0.930344,-0.55608,0,-0.187169,Ground,3.604141,3.071869
885.8129,-0.030274,0.001101,-0.031945,0.051376,-0.363037,0.930344,-0.516117,0,-0.180215,Ground,3.604141,3.071869
885.8239,-0.030229,0.001051,-0.031886,0.056915,-0.374283,0.925552,-0.461832,0,-0.163862,Ground,3.537903,3.083572
885.835,-0.030188,0.001,-0.03178,0.043777,-0.380936,0.923554,-0.415613,0,-0.177446,Ground,3.520721,3.09903
885.8463,-0.030188,0.001,-0.03178,0.043777,-0.380936,0.923554,-0.385984,0,-0.170756,Ground,3.520721,3.09903
885.8572,-0.0302,0.000987,-0.031957,0.044571,-0.367554,0.928925,-0.378524,0,-0.16461,Ground,3.682114,3.137787
885.8683,-0.030226,0.001026,-0.032493,0.036865,-0.418533,0.90744,-0.264323,0,-0.166786,Ground,-1,3.068604
885.8795,-0.030197,0.000764,-0.031918,0.039627,-0.418579,0.907303,-0.237594,0,-0.157471,Ground,-1,3.128448
885.8906,-0.030197,0.000764,-0.031918,0.039627,-0.418579,0.907303,-0.208874,0,-0.151934,Ground,-1,3.128448
885.9017,-0.030135,0.00071,-0.032414,0.028641,-0.464294,0.885208,-0.101853,0,-0.160589,Ground,1.876724,3.06691
885.9128,-0.030124,0.000651,-0.032924,0.014725,-0.476608,0.878983,-0.053278,0,-0.176885,Ground,1.85231,3.001923
885.9238,-0.030124,0.000651,-0.032924,0.014725,-0.476608,0.878983,-0.028702,0,-0.173967,Ground,1.85231,3.001923
885.935,-0.030061,0.000121,-0.031728,0.011581,-0.532318,0.846451,0.093149,0,-0.173283,Ground,1.839554,3.040146
885.946,-0.030057,-0.000017,-0.03165,0.024796,-0.562576,0.82637,0.166369,0,-0.14958,Ground,-1,2.859375
885.9573,-0.030057,-0.000017,-0.03165,0.024796,-0.562576,0.82637,0.181415,0,-0.149035,Ground,-1,2.859375
885.9683,-0.030095,0.000082,-0.031525,0.010818,-0.528549,0.848816,0.127122,0,-0.171431,Ground,-1,3.040192
885.9795,-0.030221,0.000588,-0.032949,0.011124,-0.48494,0.874466,0.058044,0,-0.171193,Ground,1.962997,2.918045
885.9905,-0.030202,0.00046,-0.032435,-0.023071,-0.520157,0.853745,0.129654,0,-0.223085,Ground,1.923065,2.718613
886.0016,-0.030202,0.00046,-0.032435,-0.023071,-0.520157,0.853745,0.133643,0,-0.223749,Ground,1.923065,2.718613
886.0128,-0.030182,0.000329,-0.031954,0.002106,-0.488663,0.872452,0.078642,0,-0.184653,Ground,1.938126,2.940414
886.0238,-0.030126,-0.000059,-0.030313,0.022247,-0.457596,0.88887,0.022289,0,-0.153986,Ground,-1,3.155167
886.035,-0.030126,-0.000059,-0.030313,0.022247,-0.457596,0.88887,0.017154,0,-0.154341,Ground,-1,3.155167
886.0461,-0.03016,0.000068,-0.030605,0.026184,-0.457794,0.888657,0.01232,0,-0.148326,Ground,1.97728,3.096817
886.0571,-0.030198,0.000234,-0.031113,0.01857,-0.445831,0.894913,-0.017011,0,-0.159198,Ground,-1,3.13179
886.0684,-0.030198,0.000234,-0.031113,0.01857,-0.445831,0.894913,-0.025697,0,-0.158578,Ground,-1,3.13179
886.0794,-0.030198,0.000228,-0.031095,0.017639,-0.446167,0.89476,-0.036944,0,-0.159203,Ground,2.012573,3.121979
886.0905,-0.030175,0.000109,-0.030917,0.017639,-0.443497,0.896088,-0.053519,0,-0.157507,Ground,2.491791,3.08963
886.1016,-0.030185,0.000045,-0.030964,0.013138,-0.445786,0.895035,-0.063607,0,-0.163287,Ground,1.98465,3.115524
886.1127,-0.030185,0.000045,-0.030964,0.013138,-0.445786,0.895035,-0.077957,0,-0.162405,Ground,1.98465,3.115524
886.1238,-0.030264,0.000428,-0.032553,0.002411,-0.434448,0.900681,-0.11312,0,-0.176491,Ground,1.944809,3.145325
886.1349,-0.029962,-0.000688,-0.027915,0.057953,-0.496628,0.866013,-0.016057,0,-0.094949,Ground,-1,3.157227
886.1461,-0.029962,-0.000688,-0.027915,0.057953,-0.496628,0.866013,-0.033806,0,-0.093492,Ground,-1,3.157227
886.1571,-0.030261,0.000447,-0.0327,0.002319,-0.440659,0.897659,-0.159546,0,-0.171763,Ground,-1,3.104126
886.1683,-0.030144,-0.000305,-0.030096,0.023239,-0.470047,0.882324,-0.130517,0,-0.140002,Ground,-1,2.96553
886.1794,-0.030215,0.000059,-0.031048,0.00882,-0.475128,0.879868,-0.14861,0,-0.159716,Ground,-1,3.094254
886.1905,-0.030215,0.000059,-0.031048,0.00882,-0.475128,0.879868,-0.176244,0,-0.155249,Ground,-1,3.094254
886.2016,-0.030292,0.000359,-0.031288,0.006561,-0.451233,0.892365,-0.247881,0,-0.149667,Ground,-1,3.084167
886.2126,-0.030295,0.000861,-0.031278,0.008743,-0.351227,0.936249,-0.453006,0,-0.122501,Ground,-1,2.931732
886.2237,-0.030295,0.000861,-0.031278,0.008743,-0.351227,0.936249,-0.489149,0,-0.1148,Ground,-1,2.931732
886.2349,0,0,0,0,0,1,-99999,-99999,-99999,,-1,2.471863
886.246,0,0,0,0,0,1,-99999,-99999,-99999,,-1,2.017365
886.2571,0,0,0,0,0,1,-99999,-99999,-99999,,-1,2.017365
886.2683,0,0,0,0,0,1,-99999,-99999,-99999,,-1,-1
886.2794,0,0,0,0,0,1,-99999,-99999,-99999,,-1,-1
886.2905,0,0,0,0,0,1,-99999,-99999,-99999,,-1,3.545441
886.3015,0,0,0,0,0,1,-99999,-99999,-99999,,-1,3.545441
886.3127,0,0,0,0,0,1,-99999,-99999,-99999,,-1,-1
886.3238,0,0,0,0,0,1,-99999,-99999,-99999,,-1,2.955414
886.3349,0,0,0,0,0,1,-99999,-99999,-99999,,-1,2.955414
886.3459,0,0,0,0,0,1,-99999,-99999,-99999,,-1,-1
886.3571,0,0,0,0,0,1,-99999,-99999,-99999,,-1,-1
886.3682,0,0,0,0,0,1,-99999,-99999,-99999,,-1,-1
886.3794,0,0,0,0,0,1,-99999,-99999,-99999,,-1,-1
886.3903,0,0,0,0,0,1,-99999,-99999,-99999,,-1,-1
886.4017,0,0,0,0,0,1,-99999,-99999,-99999,,-1,-1
886.4125,0,0,0,0,0,1,-99999,-99999,-99999,,-1,-1
886.4236,0,0,0,0,0,1,-99999,-99999,-99999,,-1,-1
886.4349,0,0,0,0,0,1,-99999,-99999,-99999,,-1,-1
886.4459,0,0,0,0,0,1,-99999,-99999,-99999,,-1,-1
886.457,0,0,0,0,0,1,-99999,-99999,-99999,,-1,-1
886.4682,0,0,0,0,0,1,-99999,-99999,-99999,,-1,-1
886.4791,0,0,0,0,0,1,-99999,-99999,-99999,,-1,-1
886.4904,0,0,0,0,0,1,-99999,-99999,-99999,,-1,-1
886.5015,0,0,0,0,0,1,-99999,-99999,-99999,,-1,-1
886.5125,0,0,0,0,0,1,-99999,-99999,-99999,,-1,-1
886.5236,0,0,0,0,0,1,-99999,-99999,-99999,,-1,-1
886.5347,0,0,0,0,0,1,-99999,-99999,-99999,,3.159561,3.219925
886.5458,0,0,0,0,0,1,-99999,-99999,-99999,,3.036438,3.138275
886.5571,-0.029943,0.003183,-0.030203,-0.083618,0.297592,0.951019,-99999,-99999,-99999,,2.987411,3.196518
886.5681,-0.029943,0.003183,-0.030203,-0.083618,0.297592,0.951019,-99999,-99999,-99999,,2.987411,3.196518
886.5792,0.003683,0.003624,-0.031425,-0.094421,0.271057,0.957916,-99999,-99999,-99999,,2.992508,3.097641
886.5903,0.034399,0.004079,-0.032635,-0.094452,0.240311,0.96608,-99999,-99999,-99999,,3.020386,3.079758
886.6014,0.034399,0.004079,-0.032635,-0.094452,0.240311,0.96608,-99999,-99999,-99999,,3.020386,3.079758
886.6125,0.03565,0.004135,-0.032967,-0.089554,0.220581,0.971237,-99999,-99999,-99999,,2.965134,3.071915
886.6236,0.030941,0.003996,-0.033057,-0.078201,0.186691,0.979294,-99999,-99999,-99999,,2.928223,3.046066
886.6348,0.030941,0.003996,-0.033057,-0.078201,0.186691,0.979294,-99999,-99999,-99999,,2.928223,3.046066
886.6459,0.011214,0.003478,-0.032109,-0.06987,0.156647,0.985169,-99999,-99999,-99999,,2.833771,3.122498
886.657,-0.013187,0.002867,-0.031025,-0.059662,0.127182,0.990082,-99999,-99999,-99999,,2.771362,3.033463
886.6682,0.000008,0.003138,-0.031866,-0.050629,0.107651,0.992889,-99999,-99999,-99999,,2.830704,3.105988
886.6791,0.000008,0.003138,-0.031866,-0.050629,0.107651,0.992889,-99999,-99999,-99999,,2.830704,3.105988
886.6901,0.005374,0.003284,-0.032316,-0.048004,0.081955,0.995468,-99999,-99999,-99999,,2.829086,3.169937
886.7014,0.008167,0.00337,-0.03263,-0.039063,0.060028,0.997421,-99999,-99999,-99999,,2.788879,3.112534
886.7124,0.008167,0.00337,-0.03263,-0.039063,0.060028,0.997421,-99999,-99999,-99999,,2.788879,3.112534
886.7236,0.010925,0.003389,-0.032647,-0.032715,0.04097,0.998612,-99999,-99999,-99999,,2.921097,3.060226
886.7346,0.002866,0.003431,-0.032587,-0.002411,0.086502,0.996246,-99999,-99999,-99999,,2.852371,3.068054
886.7458,0.002866,0.003431,-0.032587,-0.002411,0.086502,0.996246,-99999,-99999,-99999,,2.852371,3.068054
886.757,-0.024649,0.002746,-0.031101,0.011597,0.084412,0.996353,-99999,-99999,-99999,,2.69635,3.229523
886.768,-0.028664,0.002549,-0.030699,0.015121,0.05809,0.998184,-99999,-99999,-99999,,2.895462,3.163177
886.7792,-0.028581,0.002538,-0.03072,0.023026,0.063705,0.997696,-99999,-99999,-99999,,2.867844,3.237671
886.7903,-0.028581,0.002538,-0.03072,0.023026,0.063705,0.997696,-99999,-99999,-99999,,2.867844,3.237671
886.8014,-0.015301,0.002906,-0.031552,0.032059,0.043961,0.998505,-99999,-99999,-99999,,2.881027,3.173904
886.8124,0.024879,0.004039,-0.034028,0.046005,0.034134,0.998352,-99999,-99999,-99999,,2.820099,3.175217
886.8235,0.024879,0.004039,-0.034028,0.046005,0.034134,0.998352,-99999,-99999,-99999,,2.820099,3.175217
886.8346,0.028657,0.004299,-0.034857,0.061646,0.022278,0.997849,-99999,-99999,-99999,,2.786072,3.092712
886.8458,0.020402,0.00381,-0.033574,0.067688,0.021744,0.997467,-99999,-99999,-99999,,2.808533,3.112381
886.8569,0.020402,0.00381,-0.033574,0.067688,0.021744,0.997467,-99999,-99999,-99999,,2.808533,3.112381
886.8681,0.017262,0.003711,-0.033413,0.071411,0.012802,0.99736,-99999,-99999,-99999,,2.738449,3.108078
886.8791,0.021121,0.003808,-0.033684,0.074539,0.001831,0.997208,-99999,-99999,-99999,,2.77005,3.103958
886.8901,0.014312,0.003564,-0.033164,0.074112,0.002319,0.997238,-99999,-99999,-99999,,2.793671,2.940933
886.9012,0.014312,0.003564,-0.033164,0.074112,0.002319,0.997238,-99999,-99999,-99999,,2.793671,2.940933
886.9125,0.006446,0.003311,-0.032717,0.077927,-0.00856,0.996918,-99999,-99999,-99999,,2.851639,2.993576
886.9235,-0.006475,0.002941,-0.032052,0.079391,-0.020355,0.996628,-99999,-99999,-99999,,2.770035,2.979019
886.9346,-0.006475,0.002941,-0.032052,0.079391,-0.020355,0.996628,-99999,-99999,-99999,,2.770035,2.979019
886.9457,-0.003298,0.002971,-0.032117,0.085022,-0.03157,0.995865,-99999,-99999,-99999,,2.691574,2.91272
886.9568,0.001481,0.003103,-0.03242,0.086426,-0.035645,0.995606,-99999,-99999,-99999,,2.632065,2.9673
886.968,0.001481,0.003103,-0.03242,0.086426,-0.035645,0.995606,-99999,-99999,-99999,,2.632065,2.9673
886.9791,0.004823,0.003213,-0.032599,0.089325,-0.036835,0.995316,-99999,-99999,-99999,,2.724106,2.892654
886.9902,0.000695,0.003108,-0.032375,0.096603,-0.047272,0.994186,-99999,-99999,-99999,,2.636703,2.896988
887.0012,0.000695,0.003108,-0.032375,0.096603,-0.047272,0.994186,-99999,-99999,-99999,,2.636703,2.896988
887.0123,-0.000654,0.002982,-0.032208,0.098312,-0.049789,0.993897,-99999,-99999,-99999,,2.680267,2.901855
887.0233,0.014548,0.003258,-0.032759,0.113953,-0.053741,0.99202,-99999,-99999,-99999,,2.673477,2.963898
887.0346,0.025077,0.003506,-0.03324,0.114395,-0.05867,0.991684,-99999,-99999,-99999,,2.668762,2.842148
887.0457,0.025077,0.003506,-0.03324,0.114395,-0.05867,0.991684,-99999,-99999,-99999,,2.668762,2.842148
887.0568,0.021946,0.003412,-0.033027,0.120346,-0.059677,0.990921,-99999,-99999,-99999,,2.661453,2.840454
887.0677,0.013277,0.003155,-0.032518,0.121552,-0.065369,0.990418,-99999,-99999,-99999,,2.661179,2.809204
887.0789,0.013277,0.003155,-0.032518,0.121552,-0.065369,0.990418,-99999,-99999,-99999,,2.661179,2.809204
887.09,0.006918,0.002972,-0.032177,0.124985,-0.068573,0.989777,-99999,-99999,-99999,,2.651306,2.859314
887.1011,0.009252,0.002969,-0.032122,0.128418,-0.065247,0.989563,-99999,-99999,-99999,,2.653549,2.838806
887.1122,0.009252,0.002969,-0.032122,0.128418,-0.065247,0.989563,-99999,-99999,-99999,,2.653549,2.838806
887.1233,0.01458,0.003112,-0.032413,0.129746,-0.064667,0.989426,-99999,-99999,-99999,,2.654266,2.836304
887.1347,0.009528,0.002968,-0.032126,0.135117,-0.064819,0.988693,-99999,-99999,-99999,,2.650833,2.837112
887.1458,0.004127,0.002809,-0.031803,0.136322,-0.066406,0.988434,-99999,-99999,-99999,,2.647003,2.837555
887.1569,0.004127,0.002809,-0.031803,0.136322,-0.066406,0.988434,-99999,-99999,-99999,,2.647003,2.837555
887.1681,0.003687,0.00277,-0.031693,0.140732,-0.068817,0.98764,-99999,-99999,-99999,,2.640533,2.8591
887.1789,0.002633,0.00271,-0.031535,0.147095,-0.07019,0.986618,-99999,-99999,-99999,,2.644775,2.864609
887.1901,0.002633,0.00271,-0.031535,0.147095,-0.07019,0.986618,-99999,-99999,-99999,,2.644775,2.864609
887.201,0.003439,0.00269,-0.031467,0.154572,-0.076859,0.98497,-99999,-99999,-99999,,2.644333,2.824509
887.2124,0.005001,0.002734,-0.031611,0.156281,-0.075333,0.984833,-99999,-99999,-99999,,2.632294,2.886734
887.2235,0.005001,0.002734,-0.031611,0.156281,-0.075333,0.984833,-99999,-99999,-99999,,2.632294,2.886734
887.2346,0.003413,0.002838,-0.032084,0.154221,-0.079941,0.984787,-99999,-99999,-99999,,2.604187,2.944595
887.2458,0.001611,0.002742,-0.031934,0.160919,-0.076767,0.983963,-99999,-99999,-99999,,2.598389,2.76564
887.2565,0.002972,0.002743,-0.031935,0.162033,-0.07872,0.983627,-99999,-99999,-99999,,2.60231,2.769592
887.2678,0.002972,0.002743,-0.031935,0.162033,-0.07872,0.983627,-99999,-99999,-99999,,2.60231,2.769592
887.2789,0.003909,0.002779,-0.032027,0.166275,-0.084686,0.982422,-99999,-99999,-99999,,2.596451,2.770813
887.2899,0.007041,0.002893,-0.032313,0.167831,-0.084991,0.982132,-99999,-99999,-99999,,2.594788,2.797485
887.301,0.007041,0.002893,-0.032313,0.167831,-0.084991,0.982132,-99999,-99999,-99999,,2.594788,2.797485
887.3122,0.004298,0.002784,-0.032064,0.172897,-0.083954,0.981354,-99999,-99999,-99999,,2.592102,2.783646
887.3232,0.004934,0.002776,-0.032036,0.174637,-0.083115,0.98111,-99999,-99999,-99999,,2.567001,2.77301
887.3343,0.004934,0.002776,-0.032036,0.174637,-0.083115,0.98111,-99999,-99999,-99999,,2.567001,2.77301
887.3455,-0.000861,0.002552,-0.031514,0.181686,-0.082809,0.979858,-99999,-99999,-99999,,2.598877,2.772949
887.3566,0.001201,0.002657,-0.031771,0.184433,-0.083664,0.979263,-99999,-99999,-99999,,2.594452,2.770676
887.3678,0.00178,0.00267,-0.031777,0.186874,-0.084915,0.978699,-99999,-99999,-99999,,2.59671,2.753967
887.3788,0.00178,0.00267,-0.031777,0.186874,-0.084915,0.978699,-99999,-99999,-99999,,2.59671,2.753967
887.3899,0.002464,0.002706,-0.031856,0.190109,-0.085281,0.978043,-99999,-99999,-99999,,2.590317,2.703232
887.401,-0.019943,0.002126,-0.03081,0.0979,-0.089218,0.99118,-99999,-99999,-99999,,2.697739,2.904083
887.4123,-0.019943,0.002126,-0.03081,0.0979,-0.089218,0.99118,-99999,-99999,-99999,,2.697739,2.904083
887.4232,-0.019723,0.002179,-0.030947,0.059906,-0.101471,0.993027,-99999,-99999,-99999,,2.543137,2.892044
887.4344,-0.005779,0.002511,-0.031614,0.038589,-0.098373,0.9944,-99999,-99999,-99999,,2.733932,2.997009
887.4456,-0.005779,0.002511,-0.031614,0.038589,-0.098373,0.9944,-99999,-99999,-99999,,2.733932,2.997009
887.4566,0.01885,0.003297,-0.033364,0.054474,-0.110169,0.992416,-99999,-99999,-99999,,2.574524,2.922729
887.4676,0.021254,0.003432,-0.033679,0.061646,-0.090851,0.993942,-99999,-99999,-99999,,2.649246,2.865585
887.4788,0.010524,0.003117,-0.032948,0.058167,-0.088898,0.994339,-99999,-99999,-99999,,2.645081,2.880814
887.4899,0.010524,0.003117,-0.032948,0.058167,-0.088898,0.994339,-99999,-99999,-99999,,2.645081,2.880814
887.5016,-0.004522,0.002709,-0.032009,0.059586,-0.088379,0.994293,-99999,-99999,-99999,,2.675308,2.898117
887.5121,-0.010941,0.002534,-0.031539,0.068146,-0.083725,0.994141,-99999,-99999,-99999,,2.699722,2.955566
887.5231,-0.010941,0.002534,-0.031539,0.068146,-0.083725,0.994141,-99999,-99999,-99999,,2.699722,2.955566
887.5345,-0.014881,0.002464,-0.031323,0.070419,-0.073929,0.994766,-99999,-99999,-99999,,2.677689,2.960373
887.5455,-0.018387,0.00233,-0.030978,0.074005,-0.072113,0.994644,-99999,-99999,-99999,,2.73381,2.926559
887.5565,-0.018387,0.00233,-0.030978,0.074005,-0.072113,0.994644,-99999,-99999,-99999,,2.73381,2.926559
887.5677,-0.014338,0.002435,-0.03121,0.072342,-0.073532,0.994659,-1.968039,1.669678,-0.05285,K01_EastWall_03,2.706345,3.008804
887.5789,-0.007477,0.002696,-0.031795,0.079575,-0.07048,0.994324,-1.968039,1.666592,-0.045489,K01_EastWall_03,2.701813,3.0495
887.59,-0.002233,0.002788,-0.031992,0.07988,-0.070633,0.994293,-1.968039,1.657032,-0.051584,K01_EastWall_03,2.712494,3.02269
887.6011,-0.002233,0.002788,-0.031992,0.07988,-0.070633,0.994293,-1.968039,1.647438,-0.058525,K01_EastWall_03,2.712494,3.02269
887.6121,0.01269,0.003058,-0.03298,0.018005,-0.130234,0.991318,-1.968039,1.523651,-0.184793,K01_EastWall_03,2.709625,2.969543
887.6232,0.028842,0.003356,-0.034211,-0.010178,-0.184616,0.982742,-1.964404,1.405212,-0.247121,K01_EastWall_01,2.670013,3.05101
887.6343,0.028842,0.003356,-0.034211,-0.010178,-0.184616,0.982742,-1.964404,1.392485,-0.254058,K01_EastWall_01,2.670013,3.05101
887.6455,0.033502,0.00309,-0.033725,-0.041885,-0.226807,0.973023,-1.964404,1.292101,-0.326406,K01_EastWall_01,2.739426,3.075272
887.6566,-0.03014,0.001438,-0.03056,-0.0625,-0.229218,0.971359,-1.964404,1.273064,-0.375401,K01_EastWall_01,-1,2.973434
887.6678,-0.03014,0.001438,-0.03056,-0.0625,-0.229218,0.971359,-1.964404,1.261908,-0.382272,K01_EastWall_01,-1,2.973434
887.6786,-0.030155,0.001446,-0.030538,-0.073044,-0.224289,0.971771,-1.964404,1.26018,-0.41083,K01_EastWall_01,2.744537,3.054077
887.6899,-0.030203,0.001406,-0.030296,-0.056244,-0.205368,0.977051,-1.964404,1.291177,-0.381547,K01_EastWall_01,-1,2.91774
887.7009,-0.030242,0.001396,-0.030143,-0.063965,-0.193115,0.97908,-1.964404,1.306154,-0.403333,K01_EastWall_01,2.799713,2.805328
887.7121,-0.030242,0.001396,-0.030143,-0.063965,-0.193115,0.97908,-1.964404,1.297029,-0.409136,K01_EastWall_01,2.799713,2.805328
887.7232,-0.030284,0.001447,-0.030179,-0.060028,-0.192886,0.97937,-1.964404,1.289372,-0.40639,K01_EastWall_01,2.860809,2.824112
887.7343,-0.030316,0.001493,-0.030228,-0.061829,-0.184006,0.980972,-1.964404,1.298921,-0.415558,K01_EastWall_01,2.844238,2.904587
887.7454,-0.030316,0.001493,-0.030228,-0.061829,-0.184006,0.980972,-1.964404,1.291573,-0.420454,K01_EastWall_01,2.844238,2.904587
887.7565,-0.030349,0.00157,-0.030374,-0.051422,-0.174042,0.983383,-1.964404,1.306055,-0.402848,K01_EastWall_01,2.77652,2.981232
887.7678,-0.030383,0.001628,-0.030446,-0.048309,-0.182083,0.982086,-1.964404,1.283634,-0.400488,K01_EastWall_01,2.732788,3.01915
887.7787,0.000384,0.002518,-0.032284,-0.03595,-0.178894,0.9832,-1.964404,1.285739,-0.378531,K01_EastWall_01,2.731415,3.057114
887.7899,0.000384,0.002518,-0.032284,-0.03595,-0.178894,0.9832,-1.964404,1.279619,-0.381826,K01_EastWall_01,2.731415,3.057114
887.8011,-0.005957,0.002344,-0.031861,-0.033051,-0.174271,0.984131,-1.964404,1.284196,-0.379041,K01_EastWall_01,2.770416,3.076935
887.8121,-0.00666,0.002326,-0.031791,-0.030731,-0.165756,0.985672,-1.964404,1.296251,-0.377289,K01_EastWall_01,2.685699,3.113205
887.8231,-0.00666,0.002326,-0.031791,-0.030731,-0.165756,0.985672,-1.964404,1.29072,-0.380767,K01_EastWall_01,2.685699,3.113205
887.8344,-0.011822,0.001976,-0.031325,-0.110901,-0.200684,0.973343,-1.693417,1.275478,-0.455394,K01_L10_06,2.78894,2.985809
887.8455,-0.029682,0.001211,-0.029597,-0.174332,-0.209305,0.962174,-1.692218,1.245099,-0.583505,K01_L10_06,-1,3.038635
887.8566,-0.029641,0.001257,-0.029709,-0.171036,-0.205246,0.963638,-1.692451,1.248432,-0.580011,K01_L10_06,-1,3.06366
887.8676,-0.029641,0.001257,-0.029709,-0.171036,-0.205246,0.963638,-1.692117,1.243903,-0.583005,K01_L10_06,-1,3.06366
887.8787,-0.029665,0.001258,-0.029615,-0.175613,-0.206421,0.962555,-1.964404,1.157473,-0.723081,K01_EastWall_01,2.588959,3.040527
887.8898,-0.029687,0.001315,-0.029713,-0.175354,-0.200684,0.963821,-1.964404,1.166826,-0.724631,K01_EastWall_01,-1,2.948029
887.9009,-0.029687,0.001315,-0.029713,-0.175354,-0.200684,0.963821,-1.964404,1.163869,-0.72759,K01_EastWall_01,-1,2.948029
887.9121,-0.029694,0.001347,-0.029773,-0.175522,-0.200073,0.963913,-1.964404,1.162334,-0.73067,K01_EastWall_01,2.627869,2.955719
887.9232,-0.029696,0.001405,-0.029873,-0.174362,-0.20932,0.962158,-1.964404,1.139051,-0.732474,K01_EastWall_01,-1,2.951767
887.9343,-0.029703,0.001405,-0.029832,-0.174393,-0.208542,0.962326,-1.964404,1.138853,-0.73581,K01_EastWall_01,2.647964,2.95285
887.9454,-0.029703,0.001405,-0.029832,-0.174393,-0.208542,0.962326,-1.964404,1.138042,-0.738773,K01_EastWall_01,2.647964,2.95285
887.9565,-0.029708,0.001407,-0.029818,-0.175552,-0.205994,0.962662,-1.964404,1.141316,-0.743649,K01_EastWall_01,-1,2.963409
887.9675,-0.029713,0.001413,-0.029819,-0.172958,-0.206741,0.962982,-1.964404,1.138,-0.740793,K01_EastWall_01,2.657837,2.967484
887.9787,-0.029713,0.001413,-0.029819,-0.172958,-0.206741,0.962982,-1.964404,1.135896,-0.743486,K01_EastWall_01,2.657837,2.967484
887.9898,-0.029642,0.001403,-0.029864,-0.179535,-0.205154,0.962112,-1.897691,1.156822,-0.729087,K01_L07_07,2.585098,2.917221
888.0008,-0.029336,0.001208,-0.02958,-0.241821,-0.233444,0.941803,-1.685376,1.150885,-0.768907,K01_L07_07,-1,2.937363
888.012,-0.029336,0.001208,-0.02958,-0.241821,-0.233444,0.941803,-1.685343,1.148957,-0.771897,K01_L07_07,-1,2.937363
888.0241,-0.029242,0.00117,-0.029542,-0.252777,-0.218155,0.942596,-1.686447,1.175319,-0.796476,K01_L07_07,2.404541,2.900101
888.0342,-0.029264,0.001133,-0.029385,-0.242874,-0.225433,0.943497,-1.685816,1.161506,-0.778271,K01_L07_07,-1,2.830734
888.0453,-0.029272,0.001125,-0.029355,-0.239319,-0.237305,0.941483,-1.684972,1.136665,-0.775074,K01_L07_07,2.097809,2.799988
888.0565,-0.029272,0.001125,-0.029355,-0.239319,-0.237305,0.941483,-1.684942,1.134847,-0.777986,K01_L07_07,2.097809,2.799988
888.0676,-0.029275,0.001127,-0.029362,-0.242966,-0.232452,0.941757,-1.685285,1.142033,-0.788977,K01_L07_07,2.400604,2.818573
888.0788,-0.029281,0.001143,-0.029398,-0.24469,-0.22348,0.943481,-1.685862,1.157848,-0.795031,K01_L07_07,2.411118,2.877335
888.0898,-0.029281,0.001143,-0.029398,-0.24469,-0.22348,0.943481,-1.685839,1.15597,-0.79893,K01_L07_07,2.411118,2.877335
888.1008,-0.029287,0.001146,-0.029397,-0.242416,-0.224258,0.943878,-1.685718,1.152324,-0.798689,K01_L07_07,2.420395,2.877197
888.1119,-0.02929,0.001156,-0.029398,-0.243362,-0.222199,0.944122,-1.685804,1.153103,-0.804834,K01_L07_07,-1,2.889465
888.123,-0.02929,0.001156,-0.029398,-0.243362,-0.222199,0.944122,-1.685744,1.149652,-0.810176,K01_L07_07,-1,2.889465
888.1341,-0.029293,0.001163,-0.029409,-0.242493,-0.222305,0.944336,-1.685689,1.147097,-0.813094,K01_L07_07,2.607712,2.888977
888.1453,-0.029299,0.001165,-0.029418,-0.243683,-0.222183,0.944046,-1.685684,1.144319,-0.821726,K01_L07_07,2.264511,2.889099
888.1563,-0.029305,0.001149,-0.029563,-0.250717,-0.256531,0.933441,-1.683453,1.067254,-0.850723,K01_L07_07,-1,2.892471
888.1674,-0.029305,0.001149,-0.029563,-0.250717,-0.256531,0.933441,-1.683413,1.064279,-0.856498,K01_L07_07,-1,2.892471
888.1786,-0.029129,0.001093,-0.03,-0.273026,-0.302673,0.913132,-1.680341,0.948327,-0.929022,K01_L07_07,-1,3.145309
888.1896,-0.029161,0.000986,-0.029905,-0.241653,-0.332581,0.911575,-1.684644,0.886198,-0.869207,K01_G01_05,-1,2.926682
888.2007,-0.029161,0.000986,-0.029905,-0.241653,-0.332581,0.911575,-1.677301,0.886198,-0.870352,K01_G01_05,-1,2.926682
888.2119,-0.029201,0.000982,-0.029844,-0.241318,-0.323303,0.914993,-1.678345,0.904117,-0.873336,K01_L07_07,-1,2.986023
888.2232,-0.029251,0.000882,-0.029335,-0.243607,-0.31839,0.916107,-1.678667,0.910513,-0.884744,K01_L07_07,-1,3.117813
888.2341,-0.029251,0.000882,-0.029335,-0.243607,-0.31839,0.916107,-1.678609,0.90691,-0.890808,K01_L07_07,-1,3.117813
888.2452,-0.029265,0.000909,-0.029417,-0.248428,-0.333145,0.909546,-1.641674,0.886198,-0.889548,K01_G01_05,-1,3.083511
888.2563,-0.029279,0.000929,-0.02947,-0.246216,-0.330307,0.911179,-1.651829,0.886198,-0.895134,K01_G01_05,-1,3.004501
888.2675,-0.02929,0.000991,-0.029678,-0.237701,-0.32634,0.914871,-1.673582,0.886198,-0.892182,K01_G01_05,3.197906,2.998672
888.2786,-0.02929,0.000991,-0.029678,-0.237701,-0.32634,0.914871,-1.669691,0.886198,-0.894439,K01_G01_05,3.197906,2.998672
888.2897,-0.029302,0.00099,-0.029645,-0.235046,-0.327988,0.914963,-1.660766,0.886198,-0.88795,K01_G01_05,-1,2.999451
888.3008,-0.029317,0.00099,-0.029645,-0.232727,-0.327942,0.915573,-1.658609,0.886198,-0.886,K01_G01_05,-1,2.964432
888.3118,-0.029317,0.00099,-0.029645,-0.232727,-0.327942,0.915573,-1.655373,0.886198,-0.888762,K01_G01_05,-1,2.964432
888.323,-0.029333,0.000991,-0.029647,-0.228378,-0.328293,0.916534,-1.654992,0.886198,-0.882628,K01_G01_05,-1,2.964035
888.3341,-0.029348,0.000994,-0.029658,-0.22847,-0.326141,0.917282,-1.660896,0.886198,-0.890647,K01_G01_05,3.108215,2.999008
888.3452,-0.029348,0.000994,-0.029658,-0.22847,-0.326141,0.917282,-1.657254,0.886198,-0.892488,K01_G01_05,3.108215,2.999008
888.3563,-0.029194,0.000967,-0.029481,-0.29361,-0.299683,0.90773,-1.709197,0.886198,-1.09372,K01_G01_05,-1,3.262024
888.3674,-0.029138,0.000863,-0.029101,-0.292267,-0.286469,0.912415,-1.763451,0.891336,-1.128983,K01_L19_21,-1,3.145981
888.3786,-0.029138,0.000863,-0.029101,-0.292267,-0.286469,0.912415,-1.761668,0.890348,-1.131185,K01_L19_21,-1,3.145981
888.3896,-0.029145,0.000863,-0.029101,-0.288864,-0.287476,0.913178,-1.763095,0.886198,-1.125688,K01_G01_05,-1,3.243744
888.4008,-0.029151,0.000864,-0.029123,-0.289398,-0.287338,0.913055,-1.759868,0.886198,-1.126486,K01_G01_05,1.804199,3.242981
888.4117,-0.029153,0.000871,-0.02915,-0.287628,-0.287598,0.913528,-1.754313,0.886198,-1.120045,K01_G01_05,3.824493,3.232025
888.423,-0.029153,0.000871,-0.02915,-0.287628,-0.287598,0.913528,-1.7485,0.886198,-1.117192,K01_G01_05,3.824493,3.232025
888.4341,-0.029161,0.000891,-0.029221,-0.284515,-0.288284,0.914276,-1.744691,0.886198,-1.107309,K01_G01_05,3.880402,3.229767
888.4451,-0.029167,0.000909,-0.029277,-0.282242,-0.289002,0.914764,-1.739692,0.886198,-1.098792,K01_G01_05,1.888214,3.251907
888.4562,-0.029167,0.000909,-0.029277,-0.282242,-0.289002,0.914764,-1.735883,0.886198,-1.096101,K01_G01_05,1.888214,3.251907
888.4675,-0.029174,0.000914,-0.029299,-0.2836,-0.288437,0.91452,-1.734119,0.886198,-1.09879,K01_G01_05,-1,3.264938
888.4785,-0.029181,0.000919,-0.029311,-0.283264,-0.288773,0.91452,-1.728733,0.886198,-1.09302,K01_G01_05,1.917679,3.264679
888.4896,-0.029181,0.000919,-0.029311,-0.283264,-0.288773,0.91452,-1.725316,0.886198,-1.090525,K01_G01_05,1.917679,3.264679
888.5006,-0.029188,0.000928,-0.029341,-0.28363,-0.288757,0.914414,-1.720424,0.886198,-1.086549,K01_G01_05,-1,3.284729
888.5118,-0.029197,0.000944,-0.029355,-0.283691,-0.291473,0.913528,-1.703236,0.886198,-1.073469,K01_G01_05,-1,3.298859
888.5229,-0.029201,0.000954,-0.029384,-0.283844,-0.291382,0.913513,-1.699361,0.886198,-1.069909,K01_G01_05,-1,3.313919
888.5339,-0.029201,0.000954,-0.029384,-0.283844,-0.291382,0.913513,-1.696838,0.886198,-1.066,K01_G01_05,-1,3.313919
888.5452,-0.029211,0.000969,-0.029419,-0.285629,-0.292145,0.91272,-1.688419,0.886198,-1.063295,K01_G01_05,-1,3.333511
888.5563,-0.029218,0.000993,-0.029419,-0.286758,-0.296448,0.910965,-1.66425,0.886198,-1.048249,K01_G01_05,-1,3.313278
888.5674,-0.029218,0.000993,-0.029419,-0.286758,-0.296448,0.910965,-1.660789,0.886198,-1.04365,K01_G01_05,-1,3.313278
888.5785,-0.029218,0.001,-0.02942,-0.28685,-0.294693,0.911514,-1.665931,0.886198,-1.044988,K01_G01_05,-1,3.333786
888.5895,-0.029275,0.00109,-0.029688,-0.27655,-0.306061,0.91095,-1.622333,0.886198,-0.989021,K01_G01_05,-1,3.289352
888.6018,-0.029703,0.001156,-0.030117,-0.138214,-0.28656,0.948029,-1.740403,0.931883,-0.726152,K01_L07_07,-1,3.345901
888.6118,-0.029703,0.001156,-0.030117,-0.138214,-0.28656,0.948029,-1.744294,0.928381,-0.726048,K01_L07_07,-1,3.345901
888.6228,-0.030029,0.00129,-0.030463,-0.096741,-0.326065,0.940369,-1.67798,0.886198,-0.611214,K01_G01_05,-1,3.153549
888.634,-0.030036,0.001338,-0.030536,-0.124359,-0.305832,0.943924,-1.745561,0.886198,-0.694671,K01_G01_05,3.164337,3.242813
888.645,-0.030036,0.001338,-0.030536,-0.124359,-0.305832,0.943924,-1.743936,0.886198,-0.691375,K01_G01_05,3.164337,3.242813
888.6562,-0.030022,0.001328,-0.030466,-0.114685,-0.313217,0.942719,-1.716294,0.886198,-0.656428,K01_G01_05,-1,3.227646
888.6672,-0.030022,0.001337,-0.030481,-0.114716,-0.308823,0.944168,-1.734892,0.886198,-0.66089,K01_G01_05,-1,3.276505
888.6784,-0.030021,0.001345,-0.030481,-0.114563,-0.309525,0.943955,-1.730169,0.886198,-0.655772,K01_G01_05,-1,3.276825
888.6895,-0.030021,0.001345,-0.030481,-0.114563,-0.309525,0.943955,-1.72913,0.886198,-0.651967,K01_G01_05,-1,3.276825
888.7006,-0.030021,0.001345,-0.030471,-0.114349,-0.31015,0.943771,-1.724858,0.886198,-0.647053,K01_G01_05,2.949142,3.2724
888.7116,-0.030021,0.001345,-0.030461,-0.114807,-0.31044,0.943619,-1.722306,0.886198,-0.643781,K01_G01_05,3.134674,3.270279
888.7228,-0.030021,0.001345,-0.030461,-0.114807,-0.31044,0.943619,-1.720634,0.886198,-0.640259,K01_G01_05,3.134674,3.270279
888.7339,-0.030019,0.001348,-0.030461,-0.116348,-0.310928,0.943268,-1.718044,0.886198,-0.639618,K01_G01_05,-1,3.270004
888.7449,-0.030019,0.001351,-0.030461,-0.116348,-0.308807,0.94397,-1.727629,0.886198,-0.640183,K01_G01_05,1.496399,3.275604
888.7561,-0.030019,0.001351,-0.030461,-0.116348,-0.308807,0.94397,-1.727103,0.886198,-0.637152,K01_G01_05,1.496399,3.275604
888.7672,-0.030017,0.001352,-0.03046,-0.116058,-0.307632,0.944397,-1.732051,0.886198,-0.63587,K01_G01_05,1.459,3.279648
888.7783,-0.030013,0.00136,-0.030459,-0.117554,-0.306107,0.944702,-1.737807,0.886198,-0.638732,K01_G01_05,-1,3.298355
888.7894,-0.030006,0.001364,-0.030452,-0.117294,-0.303726,0.945496,-1.746084,0.886198,-0.638949,K01_G01_05,3.036285,3.298874
888.8005,-0.030006,0.001364,-0.030452,-0.117294,-0.303726,0.945496,-1.742814,0.886198,-0.635364,K01_G01_05,3.036285,3.298874
888.8118,-0.029997,0.001364,-0.030422,-0.124512,-0.304779,0.944244,-1.730479,0.886198,-0.64332,K01_G01_05,3.154877,3.310486
888.8227,-0.029992,0.001364,-0.030421,-0.128311,-0.302597,0.944428,-1.735114,0.886198,-0.650491,K01_G01_05,-1,3.311722
888.8339,-0.029992,0.001364,-0.030421,-0.128311,-0.302597,0.944428,-1.732209,0.886198,-0.647095,K01_G01_05,-1,3.311722
888.845,-0.029984,0.001364,-0.030389,-0.12822,-0.303253,0.944229,-1.726284,0.886198,-0.64198,K01_G01_05,3.132782,3.338394
888.8561,-0.029976,0.001356,-0.030374,-0.128464,-0.298645,0.945664,-1.743515,0.886198,-0.647703,K01_G01_05,-1,3.312881
888.8673,-0.029976,0.001356,-0.030374,-0.128464,-0.298645,0.945664,-1.742007,0.886198,-0.644002,K01_G01_05,-1,3.312881
888.8785,-0.02997,0.001349,-0.030359,-0.130524,-0.297791,0.945648,-1.742438,0.886198,-0.646151,K01_G01_05,2.787949,3.313568
888.8894,-0.029964,0.001342,-0.030333,-0.136093,-0.296845,0.945175,-1.741423,0.886198,-0.656281,K01_G01_05,3.210846,3.278961
888.9006,-0.029964,0.001342,-0.030333,-0.136093,-0.296845,0.945175,-1.741648,0.886198,-0.654713,K01_G01_05,3.210846,3.278961
888.9116,-0.02996,0.00134,-0.03027,-0.137558,-0.29895,0.94429,-1.730373,0.886198,-0.651511,K01_G01_05,3.231491,3.278625
888.9229,-0.029953,0.001335,-0.030238,-0.137268,-0.298782,0.944382,-1.732264,0.886198,-0.650344,K01_G01_05,3.237198,3.279144
888.9338,-0.029948,0.001334,-0.030194,-0.138809,-0.298569,0.944229,-1.732108,0.886198,-0.652471,K01_G01_05,-1,3.281082
888.9449,-0.029948,0.001334,-0.030194,-0.138809,-0.298569,0.944229,-1.73161,0.886198,-0.650963,K01_G01_05,-1,3.281082
888.956,-0.029716,0.001498,-0.03004,-0.1707,-0.228745,0.958389,-1.772797,1.01043,-0.727385,K01_L07_07,3.212616,3.422546
888.9672,-0.029615,0.00169,-0.03005,-0.18364,-0.187103,0.965012,-1.73229,1.109958,-0.729703,K01_L07_07,2.371048,3.306274
888.9782,-0.029615,0.00169,-0.03005,-0.18364,-0.187103,0.965012,-1.733979,1.109027,-0.729669,K01_L07_07,2.371048,3.306274
888.9894,-0.029573,0.001685,-0.030015,-0.191544,-0.173233,0.966065,-1.706229,1.144634,-0.730621,K01_L07_07,-1,3.502106
889.0004,-0.029582,0.00167,-0.030004,-0.187943,-0.167923,0.967712,-1.723713,1.148781,-0.73054,K01_L07_07,3.197449,3.590271
889.0115,-0.029584,0.001687,-0.030063,-0.199951,-0.185913,0.96199,-1.68416,1.122852,-0.738611,K01_L07_07,3.112366,3.467209
889.0227,-0.029584,0.001687,-0.030063,-0.199951,-0.185913,0.96199,-1.684124,1.121653,-0.738892,K01_L07_07,3.112366,3.467209
889.0339,-0.029588,0.001689,-0.030056,-0.198105,-0.167603,0.965744,-1.685208,1.156352,-0.733879,K01_L07_07,2.241425,3.579605
889.0449,-0.02959,0.001689,-0.030058,-0.193054,-0.169739,0.966385,-1.699129,1.147589,-0.730745,K01_L07_07,2.231949,3.553329
889.056,-0.02959,0.001689,-0.030058,-0.193054,-0.169739,0.966385,-1.69783,1.147392,-0.730753,K01_L07_07,2.231949,3.553329
889.067,-0.029592,0.001688,-0.030053,-0.190506,-0.170776,0.966705,-1.70679,1.141691,-0.730559,K01_L07_07,2.576614,3.553116
889.0783,-0.029595,0.001684,-0.030033,-0.191299,-0.170929,0.966522,-1.70172,1.142686,-0.730625,K01_L07_07,2.933456,3.578751
889.0894,-0.029595,0.001684,-0.030033,-0.191299,-0.170929,0.966522,-1.700154,1.143315,-0.730652,K01_L07_07,2.933456,3.578751
889.1003,-0.029597,0.001687,-0.030015,-0.193253,-0.17128,0.96608,-1.690271,1.14608,-0.730797,K01_L07_07,3.154602,3.579727
889.1115,-0.029601,0.001687,-0.030012,-0.193176,-0.171295,0.96608,-1.688942,1.14692,-0.730826,K01_L07_07,3.207138,3.579849
889.1227,0.0042,0.002508,-0.031695,-0.183014,-0.168518,0.968552,-1.73159,1.140392,-0.730304,K01_L07_07,3.202911,3.580429
889.1339,0.0042,0.002508,-0.031695,-0.183014,-0.168518,0.968552,-1.72882,1.141338,-0.730348,K01_L07_07,3.202911,3.580429
889.1448,0.000863,0.002418,-0.031506,-0.184464,-0.166596,0.968613,-1.720973,1.147107,-0.730533,K01_L07_07,3.204056,3.581207
889.1559,0.000764,0.002409,-0.031481,-0.184815,-0.163315,0.969101,-1.717069,1.155215,-0.730727,K01_L07_07,3.214005,3.585678
889.1671,0.000764,0.002409,-0.031481,-0.184815,-0.163315,0.969101,-1.714737,1.15572,-0.730759,K01_L07_07,3.214005,3.585678
889.1781,0.004993,0.002507,-0.031651,-0.184357,-0.162994,0.969238,-1.714896,1.156438,-0.730771,K01_L07_07,3.229599,3.591553
889.1893,-0.029628,0.001677,-0.029944,-0.201141,-0.167038,0.96521,-1.685333,1.154429,-0.752862,K01_L07_07,-1,3.591614
889.2005,-0.029628,0.001677,-0.029944,-0.201141,-0.167038,0.96521,-1.685343,1.154532,-0.753484,K01_L07_07,-1,3.591614
889.2114,-0.029629,0.001677,-0.029944,-0.201508,-0.165817,0.965332,-1.685456,1.157641,-0.754704,K01_L07_07,3.151428,3.596451
889.2227,-0.029635,0.001677,-0.029944,-0.200256,-0.167053,0.965393,-1.685428,1.157282,-0.753061,K01_L07_07,3.067917,3.586792
889.2337,-0.029641,0.001677,-0.029944,-0.201325,-0.164002,0.965683,-1.685716,1.165128,-0.756195,K01_L07_07,3.075348,3.597565
889.2448,-0.029641,0.001677,-0.029944,-0.201325,-0.164002,0.965683,-1.685801,1.167576,-0.756727,K01_L07_07,3.075348,3.597565
889.2559,-0.029648,0.001682,-0.029945,-0.20076,-0.167893,0.965134,-1.685649,1.162959,-0.756576,K01_L07_07,3.092438,3.595306
889.267,-0.029655,0.001707,-0.030028,-0.19841,-0.170059,0.965241,-1.685578,1.16214,-0.752166,K01_L07_07,3.093918,3.592224
889.2781,-0.029655,0.001707,-0.030028,-0.19841,-0.170059,0.965241,-1.68563,1.163528,-0.752819,K01_L07_07,3.093918,3.592224
889.2892,-0.029665,0.001723,-0.030066,-0.199463,-0.173721,0.964371,-1.685423,1.156278,-0.755848,K01_L07_07,3.089005,3.568375
889.3004,-0.010604,0.002156,-0.030916,-0.185486,-0.174011,0.967102,-1.69272,1.156007,-0.730968,K01_L07_07,3.086395,3.564651
889.3114,-0.010604,0.002156,-0.030916,-0.185486,-0.174011,0.967102,-1.691313,1.155941,-0.73098,K01_L07_07,3.086395,3.564651
889.3228,-0.005228,0.002276,-0.031144,-0.182266,-0.173615,0.967789,-1.703433,1.153,-0.73081,K01_L07_07,3.084976,3.53952
889.3338,-0.029683,0.001734,-0.030163,-0.196365,-0.174286,0.964905,-1.685353,1.15502,-0.752884,K01_L07_07,-1,3.530029
889.3447,-0.029683,0.001734,-0.030163,-0.196365,-0.174286,0.964905,-1.685442,1.15737,-0.75412,K01_L07_07,-1,3.530029
889.3558,-0.029688,0.001731,-0.03021,-0.194901,-0.171036,0.96579,-1.685735,1.167265,-0.751124,K01_L07_07,-1,3.515244
889.3669,-0.029688,0.001731,-0.030241,-0.19484,-0.170242,0.965942,-1.685909,1.172247,-0.752175,K01_L07_07,-1,3.511459
889.3781,-0.02969,0.00173,-0.030241,-0.192841,-0.173966,0.965683,-1.685731,1.167789,-0.748963,K01_L07_07,3.287613,3.506577
889.3892,-0.02969,0.00173,-0.030241,-0.192841,-0.173966,0.965683,-1.685725,1.167463,-0.749475,K01_L07_07,3.287613,3.506577
889.4004,-0.02969,0.00173,-0.030241,-0.191834,-0.177155,0.965302,-1.685472,1.159911,-0.748809,K01_L07_07,2.483032,3.492355
889.4114,-0.029691,0.001724,-0.030241,-0.191071,-0.176651,0.965546,-1.685414,1.157968,-0.749331,K01_L07_07,2.463196,3.488739
889.4225,-0.029691,0.001724,-0.030241,-0.191071,-0.176651,0.965546,-1.685326,1.154921,-0.750579,K01_L07_07,2.463196,3.488739
889.4335,-0.029691,0.001597,-0.030001,-0.186066,-0.176697,0.966507,-1.685166,1.15254,-0.742168,K01_L07_07,2.531799,3.48082
889.4447,-0.029536,0.001479,-0.029759,-0.205521,-0.180283,0.961899,-1.68508,1.136825,-0.785384,K01_L07_07,3.102112,3.369766
889.4558,-0.029536,0.001479,-0.029759,-0.205521,-0.180283,0.961899,-1.684949,1.132529,-0.786386,K01_L07_07,3.102112,3.369766
889.4671,-0.029381,0.001445,-0.029634,-0.250732,-0.194748,0.948257,-1.684459,1.08593,-0.890794,K01_L07_07,-1,3.559723
889.4782,-0.029374,0.001448,-0.029602,-0.246948,-0.190933,0.950028,-1.684611,1.092755,-0.883564,K01_L07_07,0.923355,3.52272
889.4893,-0.029382,0.001466,-0.029609,-0.23941,-0.180817,0.953919,-1.685147,1.114344,-0.866446,K01_L07_07,3.00824,3.499207
889.5005,-0.029382,0.001466,-0.029609,-0.23941,-0.180817,0.953919,-1.685159,1.114203,-0.86814,K01_L07_07,3.00824,3.499207
889.5113,-0.029389,0.00149,-0.029637,-0.238373,-0.17984,0.954361,-1.685204,1.115606,-0.868013,K01_L07_07,3.02565,3.498474
889.5224,-0.029395,0.001514,-0.029673,-0.238709,-0.180496,0.954163,-1.68515,1.113231,-0.870442,K01_L07_07,3.023743,3.486877
889.5336,-0.029395,0.001514,-0.029673,-0.238709,-0.180496,0.954163,-1.685152,1.112652,-0.872516,K01_L07_07,3.023743,3.486877
889.5446,-0.029398,0.001521,-0.029684,-0.238968,-0.181274,0.953949,-1.685114,1.110494,-0.875823,K01_L07_07,3.015259,3.485504
889.5557,-0.029398,0.001536,-0.029685,-0.238876,-0.178406,0.954514,-1.685328,1.116598,-0.877235,K01_L07_07,3.024063,3.486298
889.567,-0.029398,0.001536,-0.029685,-0.238876,-0.178406,0.954514,-1.685329,1.116047,-0.879201,K01_L07_07,3.024063,3.486298
889.5779,-0.029405,0.001536,-0.029684,-0.234802,-0.173569,0.956406,-1.685581,1.126257,-0.87093,K01_L07_07,-1,3.466705
889.5892,-0.029411,0.001527,-0.029661,-0.226364,-0.172974,0.958557,-1.685475,1.128182,-0.85385,K01_L07_07,3.077423,3.392761
889.6005,-0.029414,0.001527,-0.029661,-0.22316,-0.173187,0.959259,-1.685389,1.127102,-0.8488,K01_L07_07,2.985077,3.364288
889.6115,-0.029414,0.001527,-0.029661,-0.22316,-0.173187,0.959259,-1.685365,1.125866,-0.850387,K01_L07_07,2.985077,3.364288
889.6226,-0.029423,0.001527,-0.029642,-0.22432,-0.174301,0.958786,-1.685285,1.122067,-0.854863,K01_L07_07,2.996292,3.349091
889.6337,-0.029438,0.001547,-0.029642,-0.225998,-0.177109,0.957886,-1.685112,1.114977,-0.860808,K01_L07_07,2.998047,3.335098
889.6447,-0.029438,0.001547,-0.029642,-0.225998,-0.177109,0.957886,-1.685093,1.114013,-0.862042,K01_L07_07,2.998047,3.335098
889.6558,-0.029449,0.001547,-0.029642,-0.228043,-0.177246,0.957367,-1.685094,1.112223,-0.868042,K01_L07_07,3.001877,3.348679
889.6669,-0.020116,0.001946,-0.030708,-0.213669,-0.179352,0.960281,-1.684772,1.111666,-0.837355,K01_L07_07,3.005188,3.348099
889.678,-0.020116,0.001946,-0.030708,-0.213669,-0.179352,0.960281,-1.684749,1.110576,-0.838631,K01_L07_07,3.005188,3.348099
889.689,-0.02231,0.001871,-0.030494,-0.213608,-0.179977,0.96019,-1.684678,1.108016,-0.839929,K01_L07_07,3.025665,3.343094
889.7003,-0.024144,0.001797,-0.030308,-0.214111,-0.179398,0.96019,-1.684675,1.107404,-0.841682,K01_L07_07,3.027451,3.332336
889.7112,-0.024481,0.001786,-0.030269,-0.215103,-0.176682,0.960465,-1.684808,1.110619,-0.844514,K01_L07_07,3.02861,3.333344
889.7225,-0.024481,0.001786,-0.030269,-0.215103,-0.176682,0.960465,-1.684755,1.108891,-0.844823,K01_L07_07,3.02861,3.333344
889.7335,-0.024629,0.001786,-0.030257,-0.21463,-0.17514,0.960861,-1.684786,1.110125,-0.84385,K01_L07_07,3.0383,3.333572
889.7446,0.001819,0.002904,-0.033208,-0.192123,-0.176544,0.965347,-1.684373,1.112248,-0.795121,K01_L07_07,3.039337,3.34729
889.7557,0.001819,0.002904,-0.033208,-0.192123,-0.176544,0.965347,-1.684307,1.11036,-0.794748,K01_L07_07,3.039337,3.34729
889.767,-0.029495,0.001602,-0.029744,-0.217194,-0.174805,0.960342,-1.684679,1.105464,-0.848512,K01_L07_07,-1,3.352097
889.7779,-0.029501,0.001609,-0.029769,-0.218185,-0.173904,0.960281,-1.684678,1.105016,-0.849826,K01_L07_07,-1,3.354202
889.789,-0.029501,0.001609,-0.029769,-0.218185,-0.173904,0.960281,-1.684581,1.10243,-0.848628,K01_L07_07,-1,3.354202
889.8004,-0.029505,0.001616,-0.029774,-0.219177,-0.173508,0.960129,-1.684551,1.101076,-0.850007,K01_L07_07,3.036011,3.372253
889.8113,-0.029508,0.001625,-0.029781,-0.219345,-0.17421,0.959961,-1.684428,1.097751,-0.848605,K01_L07_07,3.054794,3.374283
889.8223,-0.029508,0.001625,-0.029781,-0.219345,-0.17421,0.959961,-1.684337,1.095401,-0.847101,K01_L07_07,3.054794,3.374283
889.8335,-0.029511,0.00163,-0.029782,-0.21991,-0.173584,0.959946,-1.684303,1.094648,-0.846149,K01_L07_07,3.055801,3.374176
889.8446,-0.029511,0.001637,-0.029786,-0.219223,-0.169922,0.960754,-1.684437,1.100107,-0.841736,K01_L07_07,3.047867,3.386047
889.8556,0.004278,0.003118,-0.033669,-0.189652,-0.174606,0.966187,-1.683662,1.09652,-0.775202,K01_L07_07,3.054825,3.385895
889.8668,0.004278,0.003118,-0.033669,-0.189652,-0.174606,0.966187,-1.683574,1.094742,-0.77224,K01_L07_07,3.054825,3.385895
889.8779,-0.029495,0.001637,-0.029557,-0.222183,-0.165833,0.960785,-1.684455,1.101683,-0.838326,K01_L07_07,-1,3.429016
889.8889,-0.029511,0.001731,-0.02974,-0.238983,-0.172836,0.955505,-1.684134,1.081228,-0.873381,K01_L07_07,2.862015,3.428574
889.9003,-0.029511,0.001731,-0.02974,-0.238983,-0.172836,0.955505,-1.684052,1.080014,-0.869124,K01_L07_07,2.862015,3.428574
889.9111,-0.029533,0.001765,-0.029774,-0.238724,-0.180588,0.954132,-1.683461,1.063203,-0.864945,K01_L07_07,-1,3.443573
889.9224,-0.029697,0.001824,-0.029772,-0.191238,-0.196121,0.961746,-1.681753,1.043234,-0.75826,K01_L07_07,-1,3.075867
889.9333,0,0,0,0,0,1,-99999,-99999,-99999,,-1,3.649933
889.9446,0,0,0,0,0,1,-99999,-99999,-99999,,-1,3.649933
889.9556,0,0,0,0,0,1,-99999,-99999,-99999,,-1,-1
889.9669,0,0,0,0,0,1,-99999,-99999,-99999,,-1,-1
889.9778,0,0,0,0,0,1,-99999,-99999,-99999,,-1,-1
889.989,0,0,0,0,0,1,-99999,-99999,-99999,,-1,-1
890.0001,0,0,0,0,0,1,-99999,-99999,-99999,,-1,-1
890.0111,0,0,0,0,0,1,-99999,-99999,-99999,,-1,-1
890.0223,0,0,0,0,0,1,-99999,-99999,-99999,,-1,-1
890.0334,0,0,0,0,0,1,-99999,-99999,-99999,,-1,2.991669
890.0444,0,0,0,0,0,1,-99999,-99999,-99999,,-1,2.95575
890.0555,0,0,0,0,0,1,-99999,-99999,-99999,,-1,2.95575
890.0667,0,0,0,0,0,1,-99999,-99999,-99999,,-1,3.192368
890.0778,0,0,0,0,0,1,-99999,-99999,-99999,,-1,3.128006
890.0889,0,0,0,0,0,1,-99999,-99999,-99999,,-1,3.128006
890.1002,-0.029964,0.002036,-0.030065,-0.180161,-0.156647,0.971069,-1.809065,1.057503,-0.727968,K01_L07_07,-1,3.00943
890.1111,-0.029963,0.001976,-0.029888,-0.165451,-0.193802,0.96698,-1.865628,0.955672,-0.725457,K01_L07_07,2.569534,2.747849
890.1223,-0.029951,0.001994,-0.029996,-0.144745,-0.137253,0.979889,-1.964404,1.047381,-0.710818,K01_EastWall_01,3.048981,2.922836
890.1334,-0.029951,0.001994,-0.029996,-0.144745,-0.137253,0.979889,-1.964404,1.045736,-0.711031,K01_EastWall_01,3.048981,2.922836
890.1445,-0.029952,0.002013,-0.030006,-0.157837,-0.111221,0.981171,-1.964404,1.100711,-0.738295,K01_EastWall_01,3.181351,3.11586
890.1555,-0.029952,0.002015,-0.030016,-0.159714,-0.113419,0.980621,-1.926702,1.107268,-0.727851,K01_L07_07,3.132721,3.174606
890.1667,-0.029952,0.002015,-0.030016,-0.159714,-0.113419,0.980621,-1.924604,1.107876,-0.727882,K01_L07_07,3.132721,3.174606
890.1777,-0.029952,0.002026,-0.03007,-0.163773,-0.111481,0.980164,-1.901707,1.118472,-0.728301,K01_L07_07,3.135239,3.13356
890.1889,-0.029956,0.001996,-0.029964,-0.164139,-0.112122,0.980042,-1.898387,1.117553,-0.728314,K01_L07_07,-1,3.119995
890.2001,-0.029959,0.001979,-0.029947,-0.161484,-0.106018,0.981155,-1.912121,1.125739,-0.728346,K01_L07_07,3.116989,3.122269
890.211,-0.029959,0.001979,-0.029947,-0.161484,-0.106018,0.981155,-1.909686,1.125731,-0.728369,K01_L07_07,3.116989,3.122269
890.2224,-0.029948,0.001987,-0.030082,-0.160751,-0.091751,0.982712,-1.915896,1.153092,-0.728845,K01_L07_07,3.096329,3.193649
890.2332,-0.029952,0.001973,-0.03003,-0.151611,-0.10083,0.983276,-1.964404,1.118869,-0.729845,K01_EastWall_01,3.108032,3.035004
890.2444,-0.029952,0.001973,-0.03003,-0.151611,-0.10083,0.983276,-1.964404,1.117836,-0.730408,K01_EastWall_01,3.108032,3.035004
890.2554,-0.029953,0.001959,-0.030022,-0.157959,-0.098175,0.982544,-1.924688,1.133873,-0.728389,K01_L07_07,3.031586,3.118362
890.2667,-0.029959,0.00197,-0.030082,-0.158325,-0.088562,0.983398,-1.92672,1.152862,-0.728741,K01_L07_07,3.013245,3.11673
890.2778,-0.029959,0.00197,-0.030082,-0.158325,-0.088562,0.983398,-1.927446,1.15141,-0.728706,K01_L07_07,3.013245,3.11673
890.289,-0.004568,0.002646,-0.031622,-0.118561,-0.107605,0.987091,-1.687664,1.191861,-0.554216,K01_L10_06,3.085144,3.069916
890.3,-0.00558,0.002694,-0.03209,-0.045273,-0.132355,0.990158,-1.683412,1.155134,-0.418926,K01_L10_06,2.89238,3.0737
890.3111,-0.023051,0.002075,-0.030751,-0.034012,-0.160919,0.986374,-1.734807,1.082574,-0.413452,K01_L10_06,2.907211,2.890839
890.3222,-0.023051,0.002075,-0.030751,-0.034012,-0.160919,0.986374,-1.738885,1.077833,-0.413316,K01_L10_06,2.907211,2.890839
890.3333,-0.029738,0.001882,-0.030646,0.014664,-0.176682,0.984146,-1.964404,0.962289,-0.371359,K01_EastWall_01,2.930084,3.008972
890.3445,-0.030623,0.001806,-0.030633,0.050568,-0.193131,0.979858,-1.899653,0.955312,-0.28418,K01_L11_03,2.92128,3.150482
890.3555,-0.030623,0.001806,-0.030633,0.050568,-0.193131,0.979858,-1.899375,0.954158,-0.282302,K01_L11_03,2.92128,3.150482
890.3666,-0.030666,0.001802,-0.030662,0.031921,-0.187637,0.981705,-1.901857,0.961596,-0.317441,K01_L11_03,2.830521,3.071045
890.3777,-0.02966,0.001859,-0.030777,0.036118,-0.186798,0.98172,-1.901624,0.962071,-0.306624,K01_L11_03,2.758652,3.18663
890.389,-0.022502,0.002108,-0.031327,0.044312,-0.179733,0.982712,-1.903592,0.975299,-0.287536,K01_L11_03,2.796387,3.21431
890.3999,-0.022502,0.002108,-0.031327,0.044312,-0.179733,0.982712,-1.902964,0.972642,-0.283613,K01_L11_03,2.796387,3.21431
890.411,0.007166,0.003037,-0.033443,0.077423,-0.177918,0.980988,-1.901911,0.978003,-0.214112,K01_L11_03,2.852783,3.186295
890.4221,0.006707,0.003026,-0.033425,0.075607,-0.176956,0.981293,-1.901811,0.977621,-0.213234,K01_L11_03,2.8396,3.186783
890.4332,0.006707,0.003026,-0.033425,0.075607,-0.176956,0.981293,-1.901459,0.976452,-0.208974,K01_L11_03,2.8396,3.186783
890.4446,0.005517,0.00298,-0.033308,0.073334,-0.173706,0.982056,-1.902347,0.981066,-0.209051,K01_L11_03,2.895752,3.199097
890.4554,0.004575,0.002936,-0.033188,0.07373,-0.173004,0.982147,-1.902224,0.981218,-0.203977,K01_L11_03,2.799286,3.167389
890.4669,0.004575,0.002936,-0.033188,0.07373,-0.173004,0.982147,-1.901819,0.979888,-0.198978,K01_L11_03,2.799286,3.167389
890.4778,0.006497,0.002992,-0.033297,0.075302,-0.173431,0.981949,-1.901165,0.977711,-0.191103,K01_L11_03,2.849304,3.150101
890.4889,0.005207,0.002953,-0.033197,0.071106,-0.173767,0.982208,-1.90076,0.975032,-0.194775,K01_L11_03,2.817657,3.146683
890.5,0.00402,0.002907,-0.033076,0.065964,-0.171021,0.983048,-1.901544,0.978233,-0.200402,K01_L11_03,2.784241,3.087433
890.511,0.00402,0.002907,-0.033076,0.065964,-0.171021,0.983048,-1.901108,0.976685,-0.195789,K01_L11_03,2.784241,3.087433
890.5222,0.002048,0.002835,-0.032899,0.062088,-0.167648,0.983887,-1.902093,0.981349,-0.19876,K01_L11_03,2.786942,3.082809
890.5333,0.004848,0.002907,-0.033048,0.064209,-0.161636,0.984757,-1.903998,0.992589,-0.190288,K01_L11_03,2.788391,3.045441
890.5444,0.004848,0.002907,-0.033048,0.064209,-0.161636,0.984757,-1.903666,0.99155,-0.185842,K01_L11_03,2.788391,3.045441
890.5554,0.008686,0.003001,-0.033165,0.057861,-0.159363,0.985519,-1.904559,0.994884,-0.194289,K01_L11_03,2.782181,3.046967
890.5666,0.003787,0.002861,-0.032881,0.056046,-0.156464,0.986084,-1.905446,0.999597,-0.193671,K01_L11_03,2.775482,2.996857
890.5777,0.003787,0.002861,-0.032881,0.056046,-0.156464,0.986084,-1.905117,0.998564,-0.189321,K01_L11_03,2.775482,2.996857
890.5887,0.003698,0.002868,-0.03291,0.056488,-0.15155,0.986832,-1.906463,1.006329,-0.184454,K01_L11_03,2.781479,3.011887
890.5999,0.003607,0.002872,-0.032972,0.045532,-0.146744,0.988113,-1.908415,1.013716,-0.202229,K01_L11_03,2.765579,2.991501
890.6109,0.009482,0.003043,-0.033388,0.049667,-0.146271,0.987991,-1.90805,1.013785,-0.189616,K01_L11_03,2.763321,2.963852
890.622,0.009482,0.003043,-0.033388,0.049667,-0.146271,0.987991,-1.907538,1.011833,-0.185066,K01_L11_03,2.763321,2.963852
890.6334,0.0092,0.003022,-0.033356,0.04776,-0.137177,0.98938,-1.910629,1.027862,-0.185466,K01_L11_03,2.796967,2.839447
890.6443,0.008146,0.002884,-0.032999,0.112839,-0.154602,0.981506,-1.90097,0.998071,-0.054136,K01_L11_03,2.769363,2.800415
890.6553,0.008146,0.002884,-0.032999,0.112839,-0.154602,0.981506,-1.900638,0.997004,-0.049903,K01_L11_03,2.769363,2.800415
890.6665,-0.016625,0.002157,-0.031385,0.115799,-0.150238,0.981842,-1.901793,1.004479,-0.040544,K01_L11_03,2.770035,2.93541
890.6776,-0.0229,0.001904,-0.030821,0.128235,-0.129929,0.983185,-1.935209,1.033515,-0.014393,K01_L11_03,2.751923,3.039307
890.6887,-0.0229,0.001904,-0.030821,0.128235,-0.129929,0.983185,-1.939057,1.030849,-0.01098,K01_L11_03,2.751923,3.039307
890.7,-0.029611,0.00172,-0.030425,0.106369,-0.131683,0.985565,-1.90823,1.036804,-0.048136,K01_L11_03,2.636078,2.974976
890.7109,-0.028879,0.0018,-0.030568,0.1064,-0.137558,0.984757,-1.905721,1.024384,-0.044037,K01_L11_03,2.717407,2.971558
890.722,-0.005548,0.00252,-0.032153,0.131332,-0.144684,0.980713,-1.901755,1.011898,0.00825,K01_L11_03,2.718384,2.970764
890.7331,-0.005548,0.00252,-0.032153,0.131332,-0.144684,0.980713,-1.964404,0.987615,0.010415,K01_EastWall_01,2.718384,2.970764
890.7442,0.002838,0.002779,-0.032721,0.140945,-0.146957,0.979034,-1.964404,0.982546,0.032798,K01_EastWall_01,2.71875,2.978043
890.7554,0.00182,0.002748,-0.032656,0.139679,-0.146454,0.979294,-1.964404,0.982939,0.033463,K01_EastWall_01,2.717255,2.974976
890.7664,0.00182,0.002748,-0.032656,0.139679,-0.146454,0.979294,-1.964404,0.982209,0.036409,K01_EastWall_01,2.717255,2.974976
890.7786,0.000528,0.002713,-0.032581,0.136383,-0.146103,0.979813,-1.964404,0.982276,0.0327,K01_EastWall_01,2.716888,2.970413
890.7886,0.000662,0.002721,-0.032599,0.134369,-0.146545,0.980026,-1.964404,0.980133,0.031208,K01_EastWall_01,2.702621,2.969482
890.7998,0.000397,0.002714,-0.032583,0.132278,-0.146103,0.980377,-1.964404,0.9801,0.029367,K01_EastWall_01,2.698654,2.964722
890.8107,0.000397,0.002714,-0.032583,0.132278,-0.146103,0.980377,-1.964404,0.978856,0.031914,K01_EastWall_01,2.698654,2.964722
890.8219,-0.001727,0.00265,-0.032451,0.129593,-0.143921,0.981064,-1.964404,0.982561,0.027747,K01_EastWall_01,2.698883,2.936081
890.833,-0.002848,0.002622,-0.032367,0.123367,-0.144409,0.981781,-1.964404,0.979923,0.017623,K01_EastWall_01,2.689926,2.93483
890.8441,-0.002848,0.002622,-0.032367,0.123367,-0.144409,0.981781,-1.964404,0.978901,0.019351,K01_EastWall_01,2.689926,2.93483
890.8553,-0.001612,0.002664,-0.032449,0.12265,-0.144699,0.981842,-1.964404,0.977965,0.019408,K01_EastWall_01,2.682251,2.920853
890.8664,0.001235,0.002753,-0.032637,0.123413,-0.145233,0.981659,-1.964404,0.976011,0.022765,K01_EastWall_01,2.681625,2.901169
890.8774,0.001235,0.002753,-0.032637,0.123413,-0.145233,0.981659,-1.964404,0.976064,0.023793,K01_EastWall_01,2.681625,2.901169
890.8886,0.001051,0.002749,-0.032629,0.122635,-0.144501,0.981873,-1.964404,0.977482,0.02375,K01_EastWall_01,2.681778,2.8965
890.8998,0.00313,0.002817,-0.032771,0.125992,-0.14415,0.981491,-1.964404,0.978702,0.031797,K01_EastWall_01,2.682053,2.894653
890.9108,0.001716,0.002778,-0.032693,0.123123,-0.141922,0.982178,-1.964404,0.983891,0.02736,K01_EastWall_01,2.684692,2.894821
890.9219,0.001716,0.002778,-0.032693,0.123123,-0.141922,0.982178,-1.964404,0.984258,0.028945,K01_EastWall_01,2.684692,2.894821
890.933,0.000632,0.002757,-0.032624,0.120346,-0.141647,0.982559,-1.964404,0.985173,0.025075,K01_EastWall_01,2.681091,2.85199
890.9442,0.000111,0.002752,-0.032614,0.119309,-0.142288,0.982605,-1.964404,0.98413,0.024591,K01_EastWall_01,2.674652,2.836929
890.9553,0.000111,0.002752,-0.032614,0.119309,-0.142288,0.982605,-1.964404,0.984618,0.026114,K01_EastWall_01,2.674652,2.836929
890.9663,-0.001734,0.002705,-0.032504,0.115738,-0.142548,0.982987,-1.964404,0.984247,0.020597,K01_EastWall_01,2.649139,2.836655
890.9775,-0.001883,0.002702,-0.032498,0.114044,-0.142075,0.983261,-1.964404,0.985592,0.01915,K01_EastWall_01,2.648102,2.836166
890.9885,-0.001451,0.002719,-0.032536,0.114151,-0.141068,0.983383,-1.964404,0.987696,0.021206,K01_EastWall_01,2.648773,2.835419
890.9996,-0.001451,0.002719,-0.032536,0.114151,-0.141068,0.983383,-1.964404,0.98805,0.023134,K01_EastWall_01,2.648773,2.835419
891.0107,0.000931,0.0028,-0.032716,0.115921,-0.14212,0.983032,-1.964404,0.985881,0.028634,K01_EastWall_01,2.648132,2.834
891.0219,-0.003469,0.002671,-0.032432,0.11145,-0.141098,0.983688,-1.964404,0.988149,0.021744,K01_EastWall_01,2.617065,2.827255
891.033,-0.003469,0.002671,-0.032432,0.11145,-0.141098,0.983688,-1.964404,0.987617,0.023789,K01_EastWall_01,2.617065,2.827255
891.0441,-0.003181,0.002678,-0.032447,0.111801,-0.14122,0.983643,-1.964404,0.986873,0.026506,K01_EastWall_01,2.617096,2.827133
891.0552,-0.00168,0.002721,-0.03254,0.111343,-0.141434,0.983658,-1.964404,0.985662,0.027496,K01_EastWall_01,2.608078,2.836563
891.0663,-0.00168,0.002721,-0.03254,0.111343,-0.141434,0.983658,-1.964404,0.985008,0.029544,K01_EastWall_01,2.608078,2.836563
891.0775,-0.00252,0.002695,-0.032481,0.108597,-0.140778,0.984055,-1.964404,0.985446,0.025966,K01_EastWall_01,2.616943,2.843536
891.0885,-0.002762,0.002685,-0.032461,0.107712,-0.140854,0.984146,-1.964404,0.984356,0.025781,K01_EastWall_01,2.620453,2.843506
891.0997,-0.001329,0.00272,-0.032533,0.109863,-0.140945,0.983887,-1.964404,0.983562,0.031378,K01_EastWall_01,2.64444,2.84166
891.1107,-0.001329,0.00272,-0.032533,0.109863,-0.140945,0.983887,-1.964404,0.983343,0.032686,K01_EastWall_01,2.64444,2.84166
891.1218,0.004178,0.002869,-0.032842,0.115051,-0.141647,0.9832,-1.964404,0.981354,0.043754,K01_EastWall_01,2.645706,2.846161
891.1329,0.004189,0.00286,-0.032812,0.112549,-0.141403,0.983521,-1.964404,0.981638,0.039543,K01_EastWall_01,2.652878,2.856201
891.144,0.004189,0.00286,-0.032812,0.112549,-0.141403,0.983521,-1.964404,0.981358,0.040269,K01_EastWall_01,2.652878,2.856201
891.1552,0.006253,0.002893,-0.032783,0.114685,-0.143707,0.982941,-1.964404,0.976298,0.045193,K01_EastWall_01,2.653885,2.852982
891.1663,0.002945,0.002782,-0.0325,0.110077,-0.142853,0.983597,-1.964404,0.977187,0.036025,K01_EastWall_01,2.648605,2.853394
891.1774,0.002945,0.002782,-0.0325,0.110077,-0.142853,0.983597,-1.964404,0.97645,0.036007,K01_EastWall_01,2.648605,2.853394
891.1886,0.00087,0.002704,-0.032308,0.107422,-0.14119,0.984131,-1.964404,0.978993,0.03049,K01_EastWall_01,2.654007,2.846603
891.1996,0.001367,0.002715,-0.032317,0.108887,-0.141647,0.983902,-1.964404,0.976943,0.033416,K01_EastWall_01,2.656097,2.846146
891.2107,0.002837,0.002755,-0.032377,0.110992,-0.141464,0.983688,-1.964404,0.976337,0.037059,K01_EastWall_01,2.649918,2.848022
891.2218,0.002837,0.002755,-0.032377,0.110992,-0.141464,0.983688,-1.964404,0.975494,0.036465,K01_EastWall_01,2.649918,2.848022
891.2328,0.003007,0.002758,-0.032372,0.110169,-0.137695,0.984314,-1.964404,0.982258,0.033728,K01_EastWall_01,2.651245,2.85083
891.244,0.002986,0.002757,-0.03237,0.110214,-0.136566,0.984467,-1.964404,0.98361,0.033325,K01_EastWall_01,2.656448,2.831406
891.2551,0.002986,0.002757,-0.03237,0.110214,-0.136566,0.984467,-1.964404,0.982862,0.032928,K01_EastWall_01,2.656448,2.831406
891.2663,0.00108,0.002701,-0.032231,0.107407,-0.134338,0.985092,-1.964404,0.986511,0.026354,K01_EastWall_01,2.655975,2.828812
891.2775,-0.001048,0.002641,-0.032082,0.105072,-0.132752,0.98555,-1.964404,0.989321,0.021267,K01_EastWall_01,2.660965,2.828094
891.2884,-0.000781,0.002662,-0.032117,0.10495,-0.13118,0.985779,-1.964404,0.992093,0.020363,K01_EastWall_01,2.660675,2.827988
891.2996,-0.000781,0.002662,-0.032117,0.10495,-0.13118,0.985779,-1.964404,0.991204,0.020436,K01_EastWall_01,2.660675,2.827988
891.3106,0.001669,0.002751,-0.032299,0.106964,-0.133041,0.985306,-1.964404,0.987316,0.023954,K01_EastWall_01,2.659821,2.829102
891.3218,0.003198,0.002824,-0.032466,0.107971,-0.133484,0.985138,-1.964404,0.986206,0.025634,K01_EastWall_01,2.659943,2.827667
891.3329,0.003198,0.002824,-0.032466,0.107971,-0.133484,0.985138,-1.964404,0.986085,0.025442,K01_EastWall_01,2.659943,2.827667
891.3439,0.004401,0.002876,-0.03257,0.109741,-0.134323,0.984833,-1.964404,0.984265,0.028707,K01_EastWall_01,2.659378,2.827042
891.3551,0.003538,0.002873,-0.032559,0.108246,-0.132996,0.985184,-1.964404,0.987114,0.02534,K01_EastWall_01,2.652344,2.835251
891.3662,0.003538,0.002873,-0.032559,0.108246,-0.132996,0.985184,-1.964404,0.986799,0.024583,K01_EastWall_01,2.652344,2.835251
891.3773,0.002547,0.00285,-0.032494,0.107208,-0.131302,0.985519,-1.964404,0.990269,0.022264,K01_EastWall_01,2.648636,2.846039
891.3885,0.001841,0.002852,-0.03257,0.106003,-0.127014,0.986206,-1.964404,0.998509,0.019183,K01_EastWall_01,2.646408,2.863052
891.3996,0.002979,0.002913,-0.032672,0.106796,-0.129959,0.985748,-0.462041,1.558478,0.040236,K01_L07_07,2.62323,2.87323
891.4106,0.002979,0.002913,-0.032672,0.106796,-0.129959,0.985748,-0.462038,1.558382,0.040182,K01_L07_07,2.62323,2.87323
891.4217,0.003632,0.002938,-0.032734,0.108444,-0.128815,0.985718,-0.462048,1.558833,0.04072,K01_L07_07,2.64621,2.865875
891.4328,0.003605,0.002944,-0.032745,0.108978,-0.12793,0.985764,-0.462057,1.559148,0.040842,K01_L07_07,2.65596,2.860153
891.444,0.003605,0.002944,-0.032745,0.108978,-0.12793,0.985764,-0.462057,1.559129,0.040733,K01_L07_07,2.65596,2.860153
891.4551,0.002452,0.002912,-0.032678,0.107391,-0.126633,0.986115,-0.462076,1.559487,0.040008,K01_L07_07,2.655823,2.860016
891.4662,0.003786,0.002956,-0.032771,0.109558,-0.1259,0.985962,-0.462073,1.559634,0.040785,K01_L07_07,2.656143,2.860458
891.4772,0.003786,0.002956,-0.032771,0.109558,-0.1259,0.985962,-0.46207,1.559494,0.040662,K01_L07_07,2.656143,2.860458
891.4883,0.003374,0.002944,-0.032747,0.108292,-0.125839,0.986115,-0.462069,1.559321,0.04015,K01_L07_07,2.674927,2.850235
891.4995,0.005112,0.002999,-0.03287,0.110748,-0.124771,0.985977,-0.462065,1.559453,0.041076,K01_L07_07,2.655899,2.848389
891.5105,0.004902,0.002992,-0.032859,0.110184,-0.124207,0.986115,-0.462065,1.559385,0.040824,K01_L07_07,2.656448,2.848694
891.5219,0.004902,0.002992,-0.032859,0.110184,-0.124207,0.986115,-0.462056,1.559107,0.040775,K01_L07_07,2.656448,2.848694
891.533,0.004068,0.002968,-0.032808,0.109482,-0.122849,0.986359,-0.462068,1.559373,0.040472,K01_L07_07,2.64801,2.842377
891.5439,0.004173,0.002974,-0.032825,0.110077,-0.121719,0.986435,-0.462072,1.559552,0.040682,K01_L07_07,2.642624,2.825195
891.555,0.004173,0.002974,-0.032825,0.110077,-0.121719,0.986435,-0.462064,1.559334,0.040694,K01_L07_07,2.642624,2.825195
891.5662,0.004654,0.00299,-0.03286,0.110901,-0.120453,0.986496,-0.462073,1.559689,0.040986,K01_L07_07,2.636185,2.821716
891.5772,0.003567,0.002959,-0.032787,0.110077,-0.118668,0.986801,-0.462088,1.560037,0.040662,K01_L07_07,2.627136,2.818985
891.5883,0.003567,0.002959,-0.032787,0.110077,-0.118668,0.986801,-0.46208,1.559798,0.040649,K01_L07_07,2.627136,2.818985
891.5995,0.004206,0.00298,-0.032829,0.110809,-0.118012,0.986801,-0.462076,1.559746,0.040846,K01_L07_07,2.636703,2.81929
891.6105,0.002055,0.002924,-0.032688,0.108398,-0.116531,0.987244,-0.462095,1.560023,0.039835,K01_L07_07,2.626999,2.807846
891.6216,0.002055,0.002924,-0.032688,0.108398,-0.116531,0.987244,-0.462084,1.559661,0.039753,K01_L07_07,2.626999,2.807846
891.6327,0.002134,0.002929,-0.032694,0.107758,-0.114044,0.98761,-0.462111,1.560356,0.039392,K01_L07_07,2.62149,2.808105
891.6438,0.001956,0.002925,-0.032678,0.107391,-0.110596,0.988037,-0.462148,1.561432,0.039139,K01_L07_07,2.611343,2.805649
891.655,0.00152,0.002912,-0.032639,0.106857,-0.10997,0.988159,-0.462151,1.561392,0.038771,K01_L07_07,2.607162,2.802338
891.6663,0.00152,0.002912,-0.032639,0.106857,-0.10997,0.988159,-0.462142,1.561085,0.038692,K01_L07_07,2.607162,2.802338
891.6772,0.001166,0.002901,-0.032617,0.106079,-0.108551,0.988403,-0.462154,1.561345,0.038326,K01_L07_07,2.604004,2.796127
891.6882,0.002888,0.002949,-0.032718,0.108963,-0.106201,0.988342,-0.462165,1.562003,0.039344,K01_L07_07,2.601242,2.797424
891.6994,0.002888,0.002949,-0.032718,0.108963,-0.106201,0.988342,-0.462156,1.561716,0.039331,K01_L07_07,2.601242,2.797424
891.7104,0.003964,0.00299,-0.032803,0.110153,-0.103226,0.988525,-0.462185,1.562722,0.03965,K01_L07_07,2.588715,2.804871
891.7216,0.002059,0.00293,-0.032666,0.107529,-0.102005,0.988953,-0.462204,1.562957,0.038599,K01_L07_07,2.58078,2.799576
891.7327,0.00538,0.003028,-0.03277,0.10759,-0.105713,0.988556,-0.462151,1.561305,0.038487,K01_L07_07,2.601807,2.775711
891.7438,0.00538,0.003028,-0.03277,0.10759,-0.105713,0.988556,-0.462141,1.560988,0.038382,K01_L07_07,2.601807,2.775711
891.7549,0.024801,0.003568,-0.034166,0.069183,-0.122345,0.990067,-0.462044,1.553607,0.023854,K01_L07_07,2.558853,2.709686
891.766,0.036137,0.003947,-0.035203,0.087173,-0.127075,0.988052,-0.461904,1.551356,0.03057,K01_L07_07,2.556381,2.670715
891.7771,0.036137,0.003947,-0.035203,0.087173,-0.127075,0.988052,-0.461884,1.550714,0.030431,K01_L07_07,2.556381,2.670715
891.7883,0.036621,0.003927,-0.035089,0.098221,-0.114456,0.988556,-0.461998,1.555352,0.034295,K01_L07_07,2.593246,2.717819
891.7994,0.03653,0.003924,-0.035081,0.092896,-0.115189,0.988983,-0.461992,1.554524,0.032123,K01_L07_07,2.553802,2.717178
891.8106,0.03653,0.003924,-0.035081,0.092896,-0.115189,0.988983,-0.461976,1.553963,0.03194,K01_L07_07,2.553802,2.717178
891.8217,0.035848,0.003908,-0.035029,0.09491,-0.11586,0.988709,-0.461946,1.553192,0.032427,K01_L07_07,2.553818,2.717957
891.8326,0.024297,0.003531,-0.034146,0.070389,-0.113449,0.991043,-0.462045,1.55336,0.022944,K01_L07_07,2.566727,2.729431
891.8438,0.010143,0.00308,-0.03306,0.03891,-0.112045,0.992935,-0.462154,1.552959,0.010619,K01_L07_07,2.566544,2.735733
891.8549,0.010143,0.00308,-0.03306,0.03891,-0.112045,0.992935,-0.462139,1.552423,0.010305,K01_L07_07,2.566544,2.735733
891.866,0.010545,0.003099,-0.033093,0.038956,-0.112,0.992935,-0.462119,1.551712,0.010003,K01_L07_07,2.571884,2.751938
891.877,0.006149,0.002956,-0.03276,0.02916,-0.109238,0.993576,-0.462166,1.551907,0.005932,K01_L07_07,2.586258,2.751984
891.8882,0.006149,0.002956,-0.03276,0.02916,-0.109238,0.993576,-0.46214,1.551009,0.005585,K01_L07_07,2.586258,2.751984
891.8994,0.005816,0.002949,-0.032738,0.028442,-0.108292,0.993698,-0.462131,1.550558,0.004995,K01_L07_07,2.586731,2.754715
891.9103,0.005301,0.002937,-0.03271,0.026642,-0.1064,0.993958,-0.462138,1.550466,0.003934,K01_L07_07,2.595551,2.797562
891.9215,0.005301,0.002937,-0.03271,0.026642,-0.1064,0.993958,-0.462111,1.549551,0.003673,K01_L07_07,2.595551,2.797562
891.9327,0.002558,0.002857,-0.03251,0.022156,-0.104065,0.994309,-0.462137,1.54973,0.001608,K01_L07_07,2.604828,2.810196
891.9438,-0.004294,0.002674,-0.032081,0.007324,-0.100647,0.994888,-0.462219,1.550379,-0.00446,K01_L07_07,2.606003,2.814697
891.9548,0.0012,0.002861,-0.032432,0.025208,-0.080856,0.996399,-0.462408,1.558178,0.002141,K01_L07_07,2.607681,2.796555
891.9659,0.0012,0.002861,-0.032432,0.025208,-0.080856,0.996399,-0.462398,1.557768,0.001829,K01_L07_07,2.607681,2.796555
891.9772,0.010416,0.003247,-0.033178,0.049026,-0.084442,0.995209,-0.462264,1.55632,0.010617,K01_L07_07,2.596146,2.823654
891.9882,0.010399,0.003256,-0.033176,0.046265,-0.080566,0.995667,-0.462318,1.557556,0.00921,K01_L07_07,2.597473,2.89064
891.9993,0.010399,0.003256,-0.033176,0.046265,-0.080566,0.995667,-0.462309,1.557183,0.008913,K01_L07_07,2.597473,2.89064
892.0104,0.007999,0.003178,-0.032984,0.041214,-0.080963,0.99585,-0.462313,1.556598,0.006508,K01_L07_07,2.620544,2.901566
892.0214,0.00173,0.002975,-0.032524,0.027542,-0.078583,0.996521,-0.46238,1.556914,0.000867,K01_L07_07,2.662354,2.901596
892.0325,0.00173,0.002975,-0.032524,0.027542,-0.078583,0.996521,-0.462371,1.556509,0.000414,K01_L07_07,2.662354,2.901596
892.0436,0.003067,0.003024,-0.032609,0.031296,-0.079559,0.996323,-0.462344,1.555972,0.001321,K01_L07_07,2.671539,2.901123
892.0551,0.005997,0.00314,-0.032875,0.03804,-0.08049,0.996018,-0.462312,1.555587,0.003351,K01_L07_07,2.694687,2.911194
892.0661,0.005236,0.003123,-0.032818,0.038177,-0.079926,0.996063,-0.462328,1.555929,0.00278,K01_L07_07,2.695267,2.910965
892.0771,0.005236,0.003123,-0.032818,0.038177,-0.079926,0.996063,-0.462343,1.556141,0.002017,K01_L07_07,2.695267,2.910965
892.0889,0.005664,0.003142,-0.032838,0.039108,-0.079453,0.996063,-0.462367,1.556727,0.001539,K01_L07_07,2.685181,2.930542
892.0992,0.006591,0.003172,-0.032899,0.041107,-0.078323,0.996079,-0.462402,1.557697,0.001192,K01_L07_07,2.6875,2.931168
892.1104,0.006591,0.003172,-0.032899,0.041107,-0.078323,0.996079,-0.462433,1.558302,0.000017,K01_L07_07,2.6875,2.931168
892.1215,0.007952,0.003217,-0.033007,0.044281,-0.07547,0.996155,-0.462497,1.56019,-0.000198,K01_L07_07,2.709213,2.966064
892.1327,0.007187,0.003196,-0.032957,0.043198,-0.072632,0.996414,-0.462575,1.561961,-0.002174,K01_L07_07,2.709366,2.967224
892.1436,0.007187,0.003196,-0.032957,0.043198,-0.072632,0.996414,-0.462616,1.562636,-0.004125,K01_L07_07,2.709366,2.967224
892.1548,0.007292,0.003222,-0.033027,0.045441,-0.07135,0.996414,-0.462669,1.56392,-0.005274,K01_L07_07,2.707291,2.989166
892.1659,0.008479,0.003267,-0.033135,0.047791,-0.072067,0.996246,-0.462697,1.564292,-0.006818,K01_L07_07,2.71196,2.988861
892.1771,0.010701,0.003347,-0.033379,0.056107,-0.077026,0.995438,-0.462643,1.562816,-0.006312,K01_L07_07,2.776642,2.99501
892.1881,0.010701,0.003347,-0.033379,0.056107,-0.077026,0.995438,-0.462676,1.562978,-0.009102,K01_L07_07,2.776642,2.99501
892.1993,-0.02197,0.002221,-0.030714,-0.078247,-0.084198,0.993362,-0.463067,1.557711,-0.065922,K01_L07_07,2.912582,2.939346
892.2103,-0.028869,0.001913,-0.030015,-0.174866,-0.079727,0.981354,-0.463487,1.557128,-0.110341,K01_L07_07,3.047455,3.180237
892.2214,-0.028869,0.001913,-0.030015,-0.174866,-0.079727,0.981354,-0.463517,1.556858,-0.114246,K01_L07_07,3.047455,3.180237
892.2325,-0.024711,0.001761,-0.029551,-0.231232,-0.069504,0.970398,-1.964404,1.019479,-0.803053,K01_EastWall_01,2.947861,3.301041
892.2438,0.004552,0.002218,-0.030734,-0.273132,-0.106033,0.956101,-1.964404,0.92378,-0.930376,K01_EastWall_01,2.911667,3.20076
892.2548,0.004552,0.002218,-0.030734,-0.273132,-0.106033,0.956101,-1.964404,0.920205,-0.944624,K01_EastWall_01,2.911667,3.20076
892.2658,0.004894,0.002658,-0.032541,-0.354004,-0.12796,0.926437,-1.798144,0.914984,-1.086198,K01_L19_21,3.008942,3.101166
892.2769,-0.019564,0.003972,-0.038239,-0.322403,-0.177948,0.929718,-1.632031,0.886198,-0.933895,K01_G01_05,1.191238,2.912018
892.2881,-0.028802,0.001142,-0.028183,-0.365463,-0.122437,0.92273,-1.766935,0.929902,-1.125249,K01_L19_21,3.146103,3.232422
892.2992,-0.028802,0.001142,-0.028183,-0.365463,-0.122437,0.92273,-1.758604,0.928391,-1.135587,K01_L19_21,3.146103,3.232422
892.3103,-0.028896,0.0008,-0.027051,-0.362717,-0.138001,0.921616,-1.750749,0.890173,-1.144765,K01_L19_21,1.545776,3.027374
892.3213,-0.028853,0.001165,-0.028296,-0.362686,-0.115021,0.924774,-1.747963,0.940383,-1.14901,K01_L19_21,1.386826,3.271484
892.3325,-0.028853,0.001165,-0.028296,-0.362686,-0.115021,0.924774,-1.739656,0.939219,-1.159324,K01_L19_21,1.386826,3.271484
892.3436,-0.028884,0.00117,-0.028353,-0.348709,-0.095322,0.932358,-1.755718,0.978898,-1.139961,K01_L19_21,2.936951,3.393478
892.3549,-0.028932,0.001204,-0.028415,-0.325409,-0.097244,0.940552,-1.780446,0.967663,-1.10903,K01_L19_21,2.866409,3.199295
892.3658,-0.028932,0.001204,-0.028415,-0.325409,-0.097244,0.940552,-1.772632,0.969035,-1.118771,K01_L19_21,2.866409,3.199295
892.377,-0.028999,0.001003,-0.027715,-0.335754,-0.093323,0.937302,-1.751478,0.982141,-1.145286,K01_L19_21,2.807999,3.390457
892.3879,-0.02901,0.001269,-0.028586,-0.327194,-0.097061,0.939957,-1.755577,0.9721,-1.140032,K01_L19_21,2.501465,3.409317
892.3991,-0.029062,0.001245,-0.028521,-0.304886,-0.083282,0.948731,-1.781867,0.996903,-1.107717,K01_L19_21,2.974289,3.42749
892.4102,-0.029062,0.001245,-0.028521,-0.304886,-0.083282,0.948731,-1.774802,0.9969,-1.116504,K01_L19_21,2.974289,3.42749
892.4213,-0.028613,0.001257,-0.028509,-0.270096,-0.113739,0.956085,-1.880666,0.886198,-1.112072,K01_G01_05,2.92897,3.098312
892.4324,-0.027245,0.001313,-0.028633,-0.27066,-0.117264,0.95549,-1.803008,0.907111,-1.080026,K01_L19_21,2.718521,3.303146
892.4436,-0.027245,0.001313,-0.028633,-0.27066,-0.117264,0.95549,-1.796157,0.9051,-1.088517,K01_L19_21,2.718521,3.303146
892.4546,0.007884,0.002411,-0.031339,-0.264908,-0.107071,0.958298,-1.799731,0.924742,-1.084375,K01_L19_21,3.079941,3.231644
892.4657,-0.003679,0.002145,-0.030602,-0.253967,-0.107407,0.961227,-1.882521,0.886198,-1.116882,K01_G01_05,2.986954,3.30629
892.4769,-0.003679,0.002145,-0.030602,-0.253967,-0.107407,0.961227,-1.803099,0.917957,-1.080081,K01_L19_21,2.986954,3.30629
892.488,-0.00276,0.002133,-0.030452,-0.253708,-0.09877,0.962219,-1.799268,0.935575,-1.08512,K01_L19_21,3.158112,3.254395
892.4991,-0.024517,0.001643,-0.029351,-0.250565,-0.098557,0.963059,-1.798103,0.933241,-1.086533,K01_L19_21,2.980881,3.517303
892.5101,-0.023121,0.001727,-0.029555,-0.249756,-0.097336,0.963394,-1.794186,0.933507,-1.091409,K01_L19_21,2.985535,3.51355
892.5212,-0.023121,0.001727,-0.029555,-0.249756,-0.097336,0.963394,-1.788347,0.929436,-1.098608,K01_L19_21,2.985535,3.51355
892.5323,-0.02524,0.001676,-0.029416,-0.240601,-0.094742,0.965973,-1.795693,0.929778,-1.089476,K01_L19_21,2.951752,3.524597
892.5434,-0.017371,0.001939,-0.030068,-0.228317,-0.092224,0.969208,-1.904338,0.886198,-1.132497,K01_G01_05,3.041122,3.28476
892.5546,-0.017371,0.001939,-0.030068,-0.228317,-0.092224,0.969208,-1.801783,0.929281,-1.081893,K01_L19_21,3.041122,3.28476
892.5657,-0.017429,0.002066,-0.030326,-0.223953,-0.079788,0.971314,-1.804163,0.957506,-1.079372,K01_L19_21,3.132263,3.443542
892.5767,-0.002571,0.002315,-0.030644,-0.219849,-0.07486,0.972641,-1.964404,0.901697,-1.171122,K01_EastWall_01,3.039642,3.466827
892.588,-0.002571,0.002315,-0.030644,-0.219849,-0.07486,0.972641,-1.800543,0.973976,-1.08413,K01_L19_21,3.039642,3.466827
892.5991,0.017207,0.002604,-0.031028,-0.210785,-0.065292,0.975342,-1.861094,0.975327,-1.104199,K01_L19_21,3.227768,3.409058
892.6102,0.025811,0.003066,-0.032344,-0.190292,-0.08345,0.978165,-1.964404,0.898546,-1.122772,K01_EastWall_01,3.097427,3.446533
892.6212,0.026579,0.003106,-0.032485,-0.190262,-0.078613,0.978577,-1.964404,0.913795,-1.130553,K01_EastWall_01,3.16568,3.42247
892.6325,0.026579,0.003106,-0.032485,-0.190262,-0.078613,0.978577,-1.964404,0.919358,-1.138507,K01_EastWall_01,3.16568,3.42247
892.6436,0.014293,0.002796,-0.031852,-0.184143,-0.089447,0.978806,-1.964404,0.901081,-1.132598,K01_EastWall_01,3.026794,3.386765
892.6547,0.008115,0.002587,-0.031348,-0.184143,-0.086502,0.97908,-1.964404,0.914375,-1.139468,K01_EastWall_01,3.232712,3.396774
892.6656,0.008115,0.002587,-0.031348,-0.184143,-0.086502,0.97908,-1.964404,0.921056,-1.146714,K01_EastWall_01,3.232712,3.396774
892.6768,0.001667,0.002414,-0.030947,-0.174027,-0.093933,0.98024,-1.964404,0.910892,-1.130102,K01_EastWall_01,3.130142,3.251938
892.688,0.004057,0.002497,-0.031162,-0.170837,-0.093536,0.980835,-1.964404,0.915102,-1.129018,K01_EastWall_01,3.042877,3.453522
892.699,0.004057,0.002497,-0.031162,-0.170837,-0.093536,0.980835,-1.964404,0.915131,-1.137084,K01_EastWall_01,3.042877,3.453522
892.7103,-0.000504,0.002476,-0.031212,-0.167999,-0.099121,0.980789,-1.964404,0.900747,-1.139084,K01_EastWall_01,3.155548,3.391479
892.7211,-0.007656,0.002432,-0.03128,-0.165283,-0.103439,0.980804,-1.964404,0.887972,-1.141847,K01_EastWall_01,3.053757,3.392426
892.7323,-0.011186,0.002323,-0.031005,-0.158508,-0.104828,0.981766,-1.956616,0.886198,-1.129272,K01_G01_05,3.132736,3.407654
892.7434,-0.011186,0.002323,-0.031005,-0.158508,-0.104828,0.981766,-1.945284,0.886198,-1.132034,K01_G01_05,3.132736,3.407654
892.7545,-0.004655,0.002493,-0.031386,-0.153519,-0.106781,0.982346,-1.929052,0.886198,-1.120531,K01_G01_05,3.059296,3.40657
892.7656,0.006581,0.00263,-0.031425,-0.141235,-0.110992,0.983719,-1.905463,0.886198,-1.087917,K01_G01_05,3.156052,3.460159
892.7767,0.006581,0.00263,-0.031425,-0.141235,-0.110992,0.983719,-1.895036,0.886198,-1.091703,K01_G01_05,3.156052,3.460159
892.7879,-0.029889,0.001864,-0.029878,-0.160828,-0.122498,0.97934,-1.791754,0.897645,-1.093877,K01_L19_21,-1,3.305481
892.7989,-0.029915,0.001859,-0.029875,-0.152771,-0.123703,0.980484,-1.796958,0.890053,-1.087285,K01_L19_21,3.211563,3.2948
892.8101,-0.029915,0.001859,-0.029875,-0.152771,-0.123703,0.980484,-1.792182,0.886986,-1.093179,K01_L19_21,3.211563,3.2948
892.8211,-0.029921,0.001851,-0.029852,-0.151535,-0.110199,0.982285,-1.790966,0.912825,-1.095092,K01_L19_21,3.170609,3.41777
892.8323,-0.029958,0.001795,-0.029666,-0.146805,-0.097763,0.984314,-1.794336,0.935837,-1.091258,K01_L19_21,3.149673,3.532196
892.8434,-0.02999,0.001825,-0.029761,-0.135315,-0.114883,0.984116,-1.801901,0.89339,-1.08119,K01_L19_21,3.294601,3.360733
892.8544,-0.02999,0.001825,-0.029761,-0.135315,-0.114883,0.984116,-1.797625,0.892594,-1.086496,K01_L19_21,3.294601,3.360733
892.8656,-0.030022,0.001916,-0.029996,-0.134262,-0.102173,0.985657,-1.796717,0.91933,-1.08804,K01_L19_21,3.202988,3.302338
892.8766,0.009433,0.003173,-0.03301,-0.102966,-0.088943,0.990692,-1.944464,0.886198,-1.097711,K01_G01_05,3.203506,3.585266
892.8878,-0.001697,0.002851,-0.032213,-0.105759,-0.098923,0.989456,-1.890869,0.886198,-1.086197,K01_G01_05,3.223923,3.332367
892.8989,-0.001697,0.002851,-0.032213,-0.105759,-0.098923,0.989456,-1.889921,0.886198,-1.092114,K01_G01_05,3.223923,3.332367
892.91,0.00547,0.003061,-0.032669,-0.0952,-0.088806,0.991486,-1.943256,0.886198,-1.098722,K01_G01_05,3.32547,3.401703
892.9211,-0.002426,0.002829,-0.032114,-0.096848,-0.087784,0.991409,-1.948005,0.886198,-1.110064,K01_G01_05,3.311859,3.369949
892.9323,-0.002426,0.002829,-0.032114,-0.096848,-0.087784,0.991409,-1.949003,0.886198,-1.116191,K01_G01_05,3.311859,3.369949
892.9433,0.00116,0.002877,-0.032399,-0.120209,-0.106354,0.98703,-1.791422,0.915726,-1.09457,K01_L19_21,3.228134,3.471222
892.9543,-0.029965,0.001827,-0.029923,-0.142181,-0.127914,0.981537,-1.749106,0.886198,-1.130399,K01_G01_05,-1,3.306259
892.9656,-0.029965,0.001827,-0.029923,-0.142181,-0.127914,0.981537,-1.750935,0.886198,-1.135503,K01_G01_05,-1,3.306259
892.9766,-0.029981,0.001823,-0.029879,-0.132843,-0.107437,0.985291,-1.769714,0.924252,-1.121704,K01_L19_21,3.326157,3.58757
892.9879,-0.029985,0.001839,-0.029917,-0.12825,-0.118912,0.984573,-1.771073,0.90073,-1.119649,K01_L19_21,3.296814,3.427612
892.999,-0.029988,0.001851,-0.029943,-0.127914,-0.116669,0.984894,-1.770578,0.906123,-1.120348,K01_L19_21,3.314285,3.457947
893.0101,-0.029988,0.001851,-0.029943,-0.127914,-0.116669,0.984894,-1.769016,0.906425,-1.122296,K01_L19_21,3.314285,3.457947
893.0211,-0.029995,0.001872,-0.030003,-0.128784,-0.116684,0.984772,-1.76682,0.907167,-1.125039,K01_L19_21,3.303772,3.508636
893.0322,-0.030003,0.001892,-0.030066,-0.127564,-0.117249,0.984863,-1.766955,0.905307,-1.124842,K01_L19_21,3.294403,3.500534
893.0433,-0.030003,0.001892,-0.030066,-0.127564,-0.117249,0.984863,-1.766072,0.905561,-1.125943,K01_L19_21,3.294403,3.500534
893.0544,0.003047,0.002844,-0.032398,-0.101273,-0.109192,0.988846,-1.798105,0.91,-1.086169,K01_L19_21,3.287552,3.485001
893.0656,0.004098,0.002885,-0.032516,-0.097672,-0.109039,0.989212,-1.801463,0.908346,-1.081967,K01_L19_21,3.286194,3.466324
893.0766,0.003992,0.002888,-0.032529,-0.096771,-0.109085,0.989304,-1.80145,0.907385,-1.081968,K01_L19_21,3.285904,3.459732
893.0877,0.003992,0.002888,-0.032529,-0.096771,-0.109085,0.989304,-1.800583,0.906855,-1.083038,K01_L19_21,3.285904,3.459732
893.0988,0.003827,0.002894,-0.032554,-0.094589,-0.109818,0.989426,-1.802166,0.904013,-1.081025,K01_L19_21,3.285446,3.448914
893.11,0.00486,0.002948,-0.032672,-0.093399,-0.113281,0.989151,-1.802077,0.897153,-1.08103,K01_L19_21,3.284256,3.454285
893.1212,0.00486,0.002948,-0.032672,-0.093399,-0.113281,0.989151,-1.801328,0.898359,-1.08198,K01_L19_21,3.284256,3.454285
893.1322,0.007214,0.003016,-0.032841,-0.091019,-0.113129,0.989395,-1.80341,0.899281,-1.079404,K01_L19_21,3.276016,3.454163
893.1432,0.011138,0.003134,-0.033112,-0.087601,-0.113815,0.989624,-1.830976,0.886198,-1.088342,K01_G01_05,3.269104,3.445313
893.1544,0.015951,0.003273,-0.033442,-0.082855,-0.109757,0.990494,-1.852327,0.886198,-1.089119,K01_G01_05,3.263641,3.445404
893.1655,0.015951,0.003273,-0.033442,-0.082855,-0.109757,0.990494,-1.855909,0.886198,-1.092386,K01_G01_05,3.263641,3.445404
893.1765,0.010202,0.003123,-0.033042,-0.085388,-0.111877,0.990036,-1.851359,0.886198,-1.096457,K01_G01_05,3.26973,3.447037
893.1877,-0.030078,0.001999,-0.030267,-0.119019,-0.121079,0.985474,-1.768642,0.909048,-1.122801,K01_L19_21,-1,3.447433
893.1988,-0.030078,0.001999,-0.030267,-0.119019,-0.121079,0.985474,-1.768766,0.912234,-1.122697,K01_L19_21,-1,3.447433
893.2099,-0.030116,0.002062,-0.030448,-0.11023,-0.121552,0.986435,-1.778625,0.910493,-1.110407,K01_L19_21,3.144226,3.611069
893.221,-0.030338,0.002089,-0.030573,-0.04332,-0.11348,0.992584,-1.879534,0.886198,-1.026898,K01_G01_05,3.313248,3.426468
893.2321,-0.030338,0.002089,-0.030573,-0.04332,-0.11348,0.992584,-1.886403,0.886198,-1.03153,K01_G01_05,3.313248,3.426468
893.2432,-0.030499,0.002072,-0.03053,-0.015625,-0.116577,0.993057,-1.888156,0.886198,-0.97912,K01_G01_05,3.180908,3.512634
893.2543,-0.030489,0.002113,-0.030593,-0.025131,-0.114243,0.993118,-1.902707,0.886198,-1.005498,K01_G01_05,3.244995,3.43663
893.2654,-0.030485,0.002109,-0.030553,-0.020447,-0.115463,0.993088,-1.906388,0.886198,-0.999924,K01_G01_05,3.244965,3.437927
893.2765,-0.030485,0.002109,-0.030553,-0.020447,-0.115463,0.993088,-1.915487,0.886198,-1.00583,K01_G01_05,3.244965,3.437927
893.2877,-0.024186,0.00226,-0.03089,-0.00502,-0.114548,0.993393,-1.932397,0.886198,-0.98449,K01_G01_05,3.2453,3.44368
893.2987,-0.003998,0.00285,-0.032201,0.009995,-0.128769,0.991608,-1.892456,0.886198,-0.94268,K01_G01_05,3.276321,3.596161
893.3098,-0.003998,0.00285,-0.032201,0.009995,-0.128769,0.991608,-1.902294,0.886198,-0.948849,K01_G01_05,3.276321,3.596161
893.3209,-0.001211,0.002962,-0.032628,0.016174,-0.134262,0.990799,-1.891212,0.886198,-0.935605,K01_G01_05,3.161636,3.429398
893.3321,0.00225,0.003012,-0.032847,0.020493,-0.135101,0.990616,-1.897684,0.886198,-0.932494,K01_G01_05,3.269485,3.429337
893.3432,0.00225,0.003012,-0.032847,0.020493,-0.135101,0.990616,-1.907182,0.886198,-0.938472,K01_G01_05,3.269485,3.429337
893.3542,0.003567,0.003016,-0.03294,0.017731,-0.140228,0.989945,-1.895938,0.886198,-0.941957,K01_G01_05,3.198929,3.515564
893.3654,0.007101,0.003109,-0.033236,0.024765,-0.143997,0.989258,-1.892723,0.886198,-0.930141,K01_G01_05,3.289902,3.550995
893.3765,0.007101,0.003109,-0.033236,0.024765,-0.143997,0.989258,-1.901172,0.886198,-0.935986,K01_G01_05,3.289902,3.550995
893.3878,0.015007,0.003275,-0.033789,0.037064,-0.145615,0.988632,-1.90843,0.886198,-0.918473,K01_G01_05,3.240967,3.615646
893.3987,0.013759,0.003025,-0.033128,0.033493,-0.141708,0.989334,-1.932621,0.886198,-0.936213,K01_G01_05,3.34758,3.589401
893.4098,0.021435,0.003213,-0.033858,0.121719,-0.171158,0.977692,-1.864109,0.886198,-0.760497,K01_G01_05,3.32608,3.47905
893.421,0.021435,0.003213,-0.033858,0.121719,-0.171158,0.977692,-1.875745,0.886198,-0.764636,K01_G01_05,3.32608,3.47905
893.4319,-0.016078,0.001434,-0.029426,0.194122,-0.163239,0.967285,-1.926891,0.886198,-0.657051,K01_G01_05,3.204819,3.422211
893.4432,-0.030806,0.001936,-0.031512,0.168259,-0.169998,0.970963,-1.909689,0.886198,-0.697823,K01_G01_05,3.236633,3.430252
893.4543,-0.030806,0.001936,-0.031512,0.168259,-0.169998,0.970963,-1.916844,0.886198,-0.700416,K01_G01_05,3.236633,3.430252
893.4653,-0.031353,0.001791,-0.030933,0.152542,-0.18161,0.971451,-1.878036,0.886198,-0.717157,K01_G01_05,3.306122,3.404846
893.4764,-0.031396,0.00191,-0.031472,0.134308,-0.196594,0.971237,-1.828252,0.886198,-0.733249,K01_G01_05,3.148376,3.170792
893.4875,-0.027514,0.002101,-0.032237,0.133286,-0.213226,0.967865,-1.777714,0.886198,-0.720358,K01_G01_05,3.175903,2.977646
893.4987,-0.027514,0.002101,-0.032237,0.133286,-0.213226,0.967865,-1.775442,0.886198,-0.719603,K01_G01_05,3.175903,2.977646
893.5097,0.011706,0.003152,-0.034571,0.204102,-0.209274,0.956314,-1.802749,0.886198,-0.618465,K01_G01_05,3.161346,3.057678
893.5209,0.035332,0.003762,-0.035871,0.247391,-0.200745,0.947876,-1.671273,0.990022,-0.533397,K01_L10_06,3.16272,3.193817
893.5319,0.035332,0.003762,-0.035871,0.247391,-0.200745,0.947876,-1.671118,0.987972,-0.534393,K01_L10_06,3.16272,3.193817
893.543,0.035678,0.003788,-0.03586,0.248688,-0.205002,0.946625,-1.670487,0.980209,-0.533523,K01_L10_06,3.171829,3.345932
893.5543,0.033276,0.003745,-0.035756,0.245834,-0.206741,0.946991,-1.670183,0.975813,-0.53854,K01_L10_06,3.173294,3.105515
893.5652,0.033276,0.003745,-0.035756,0.245834,-0.206741,0.946991,-1.670105,0.974633,-0.540266,K01_L10_06,3.173294,3.105515
893.5764,0.031333,0.003655,-0.035499,0.245804,-0.206345,0.947098,-1.670092,0.97421,-0.542413,K01_L10_06,3.16835,3.259995
893.5875,0.026557,0.003387,-0.034688,0.239975,-0.210419,0.947693,-1.669588,0.966755,-0.552182,K01_L10_06,3.16658,3.281387
893.5986,0.026375,0.003376,-0.034649,0.239365,-0.210037,0.947922,-1.669658,0.967201,-0.555727,K01_L10_06,3.177673,3.279617
893.6097,0.026375,0.003376,-0.034649,0.239365,-0.210037,0.947922,-1.669818,0.968843,-0.55868,K01_L10_06,3.177673,3.279617
893.6208,0.021543,0.003439,-0.034791,0.221176,-0.194351,0.955658,-1.824588,0.886198,-0.616058,K01_G01_05,3.211029,3.340805
893.632,-0.028735,0.001656,-0.030334,0.084381,-0.16362,0.982895,-1.853616,0.886198,-0.837443,K01_G01_05,3.318329,3.486847
893.6431,-0.028735,0.001656,-0.030334,0.084381,-0.16362,0.982895,-1.856151,0.886198,-0.841869,K01_G01_05,3.318329,3.486847
893.6542,-0.030471,0.001739,-0.030406,0.013443,-0.164688,0.986252,-1.821998,0.886198,-0.945145,K01_G01_05,3.284927,3.560898
893.6653,0.003137,0.002625,-0.032546,-0.034378,-0.162735,0.986069,-1.805824,0.886198,-1.01973,K01_G01_05,3.332184,3.658157
893.6766,0.003137,0.002625,-0.032546,-0.034378,-0.162735,0.986069,-1.807267,0.886198,-1.02321,K01_G01_05,3.332184,3.658157
893.6877,0.003638,0.002537,-0.032265,-0.069778,-0.168778,0.98317,-1.774879,0.886198,-1.069163,K01_G01_05,3.351913,3.703217
893.6985,0.00364,0.002542,-0.032313,-0.065506,-0.168778,0.98346,-1.776262,0.886198,-1.066573,K01_G01_05,3.273743,3.718994
893.7097,0.00364,0.002542,-0.032313,-0.065506,-0.168778,0.98346,-1.774485,0.886198,-1.069349,K01_G01_05,3.273743,3.718994
893.7207,0.023056,0.003044,-0.033488,-0.041168,-0.166885,0.985107,-1.789228,0.886198,-1.040943,K01_G01_05,3.25972,3.577652
893.7318,-0.030064,0.00165,-0.030386,-0.087967,-0.162842,0.982712,-1.768184,0.886198,-1.111604,K01_G01_05,-1,3.676712
893.743,-0.030071,0.001637,-0.03035,-0.088821,-0.160446,0.983032,-1.769665,0.886198,-1.117833,K01_G01_05,3.255295,3.643967
893.754,-0.030071,0.001637,-0.03035,-0.088821,-0.160446,0.983032,-1.76619,0.886198,-1.119927,K01_G01_05,3.255295,3.643967
893.7652,-0.03008,0.001625,-0.03031,-0.086838,-0.158371,0.983536,-1.769255,0.886379,-1.121687,K01_L19_21,3.255051,3.651367
893.7762,-0.030091,0.001627,-0.03031,-0.085022,-0.156021,0.984085,-1.768799,0.888883,-1.122293,K01_L19_21,3.336243,3.646759
893.7875,-0.030091,0.001627,-0.03031,-0.085022,-0.156021,0.984085,-1.76685,0.888209,-1.124707,K01_L19_21,3.336243,3.646759
893.7985,-0.030103,0.001635,-0.030329,-0.083191,-0.154587,0.984467,-1.766549,0.890329,-1.125114,K01_L19_21,2.789215,3.631821
893.8096,-0.00932,0.002328,-0.031909,-0.054596,-0.15004,0.987167,-1.790491,0.891862,-1.095358,K01_L19_21,3.294052,3.556793
893.8209,-0.019814,0.002025,-0.031214,-0.058914,-0.154877,0.98616,-1.781696,0.886198,-1.101128,K01_G01_05,3.227112,3.553589
893.8318,-0.019814,0.002025,-0.031214,-0.058914,-0.154877,0.98616,-1.779235,0.886198,-1.103484,K01_G01_05,3.227112,3.553589
893.843,-0.023138,0.001914,-0.031008,-0.060471,-0.147766,0.987167,-1.779448,0.895795,-1.109154,K01_L19_21,3.299759,3.550522
893.8541,-0.030236,0.001715,-0.030603,-0.067642,-0.143204,0.987366,-1.771458,0.90458,-1.119229,K01_L19_21,-1,3.511658
893.8651,-0.030236,0.001715,-0.030603,-0.067642,-0.143204,0.987366,-1.769843,0.904692,-1.12124,K01_L19_21,-1,3.511658
893.8768,-0.030279,0.001653,-0.030386,-0.06424,-0.136246,0.988586,-1.771748,0.916255,-1.11905,K01_L19_21,3.229996,3.514801
893.8873,-0.030311,0.001679,-0.030338,-0.059845,-0.134201,0.989136,-1.774258,0.918983,-1.115971,K01_L19_21,3.189697,3.509659
893.8984,-0.030311,0.001679,-0.030338,-0.059845,-0.134201,0.989136,-1.773025,0.920014,-1.11752,K01_L19_21,3.189697,3.509659
893.9095,-0.030327,0.001719,-0.030386,-0.050827,-0.137268,0.989227,-1.779376,0.914202,-1.10953,K01_L19_21,3.180832,3.545242
893.9208,-0.030384,0.001798,-0.030744,-0.044022,-0.15332,0.987183,-1.783466,0.887604,-1.10403,K01_L19_21,3.267258,3.494751
893.9318,-0.030532,0.001652,-0.030662,0.018814,-0.211456,0.977203,-1.702926,0.886198,-0.973404,K01_G01_05,3.295624,3.587204
893.943,-0.030532,0.001652,-0.030662,0.018814,-0.211456,0.977203,-1.70421,0.886198,-0.975345,K01_G01_05,3.295624,3.587204
893.954,-0.02802,0.001619,-0.030881,0.02388,-0.235825,0.971497,-1.663446,0.886198,-0.950331,K01_G01_05,3.35582,3.624954
893.965,-0.030669,0.001375,-0.030664,0.046082,-0.27977,0.958954,-1.600722,0.886198,-0.894952,K01_G01_05,4.124771,3.441498
893.9762,-0.030669,0.001375,-0.030664,0.046082,-0.27977,0.958954,-1.602419,0.886198,-0.896705,K01_G01_05,4.124771,3.441498
893.9873,-0.030741,0.00139,-0.030895,0.067612,-0.307571,0.949112,-1.569364,0.886198,-0.857711,K01_G01_05,3.224014,3.487274
893.9988,-0.030798,0.001325,-0.030511,0.062119,-0.296097,0.953125,-1.586002,0.886198,-0.872219,K01_G01_05,3.364624,3.474014
894.0096,-0.030798,0.001325,-0.030511,0.062119,-0.296097,0.953125,-1.58692,0.886198,-0.87339,K01_G01_05,3.364624,3.474014
894.0206,-0.030805,0.001338,-0.030596,0.067886,-0.294037,0.953369,-1.593212,0.886198,-0.869951,K01_G01_05,3.327972,3.531952
894.0319,-0.030829,0.001347,-0.030824,0.065994,-0.294006,0.953507,-1.593293,0.886198,-0.87279,K01_G01_05,3.360962,3.590347
894.0428,-0.03084,0.001374,-0.030926,0.067368,-0.301148,0.951187,-1.585553,0.886198,-0.869232,K01_G01_05,2.526245,3.323074
894.054,-0.03084,0.001374,-0.030926,0.067368,-0.301148,0.951187,-1.589053,0.886198,-0.87117,K01_G01_05,2.526245,3.323074
894.0651,-0.030874,0.001344,-0.030808,0.06395,-0.287201,0.955719,-1.613672,0.886198,-0.88492,K01_G01_05,3.033401,3.463181
894.0762,-0.030908,0.001374,-0.030806,0.068161,-0.274307,0.959213,-1.639618,0.886198,-0.890014,K01_G01_05,3.241928,3.330429
894.0872,-0.030908,0.001374,-0.030806,0.068161,-0.274307,0.959213,-1.644249,0.886198,-0.892446,K01_G01_05,3.241928,3.330429
894.0984,-0.030931,0.001395,-0.030793,0.066925,-0.278259,0.95816,-1.641672,0.886198,-0.893813,K01_G01_05,-1,3.275604
894.1094,-0.030936,0.001376,-0.030763,0.066559,-0.275803,0.958893,-1.647641,0.886198,-0.897693,K01_G01_05,3.222748,3.360611
894.1205,-0.030936,0.001376,-0.030763,0.066559,-0.275803,0.958893,-1.649375,0.886198,-0.900073,K01_G01_05,3.222748,3.360611
894.1317,-0.030938,0.001345,-0.030712,0.069717,-0.272659,0.95958,-1.656837,0.886198,-0.900957,K01_G01_05,-1,3.296432
894.1428,-0.030943,0.001342,-0.03071,0.067657,-0.272324,0.959808,-1.657677,0.886198,-0.905124,K01_G01_05,3.262207,3.295959
894.1539,-0.030949,0.001345,-0.03071,0.067291,-0.269791,0.960556,-1.6633,0.886198,-0.908631,K01_G01_05,3.252731,3.299332
894.165,-0.030949,0.001345,-0.03071,0.067291,-0.269791,0.960556,-1.665518,0.886198,-0.91008,K01_G01_05,3.252731,3.299332
894.1761,-0.030953,0.001352,-0.030712,0.06781,-0.267838,0.96106,-1.670774,0.886198,-0.911631,K01_G01_05,3.254913,3.363586
894.1874,-0.030975,0.001378,-0.030807,0.057159,-0.277725,0.958954,-1.652509,0.886198,-0.917795,K01_G01_05,3.293564,3.218338
894.1983,-0.030975,0.001378,-0.030807,0.057159,-0.277725,0.958954,-1.653203,0.886198,-0.91863,K01_G01_05,3.293564,3.218338
894.2095,-0.030817,0.001227,-0.030779,0.029495,-0.300964,0.953171,-1.609723,0.886198,-0.934725,K01_G01_05,-1,3.486832
894.2206,-0.030798,0.001202,-0.030784,0.032654,-0.338471,0.940399,-1.560132,0.886198,-0.913096,K01_G01_05,1.882019,3.227722
894.2318,-0.030798,0.001202,-0.030784,0.032654,-0.338471,0.940399,-1.561938,0.886198,-0.914272,K01_G01_05,1.882019,3.227722
894.2428,-0.030811,0.001223,-0.030846,0.040833,-0.309647,0.949966,-1.605959,0.886198,-0.922076,K01_G01_05,2.428421,3.346024
894.254,-0.030816,0.001221,-0.030854,0.03894,-0.308899,0.950287,-1.607777,0.886198,-0.92539,K01_G01_05,3.145798,3.373779
894.265,-0.030816,0.001216,-0.03085,0.037537,-0.303848,0.951965,-1.615386,0.886198,-0.930779,K01_G01_05,3.298706,3.390121
894.2761,-0.030816,0.001216,-0.03085,0.037537,-0.303848,0.951965,-1.616668,0.886198,-0.932168,K01_G01_05,3.298706,3.390121
894.2872,-0.030815,0.001219,-0.030852,0.037079,-0.308365,0.950531,-1.612503,0.886198,-0.932006,K01_G01_05,-1,3.377167
894.2983,-0.030811,0.001223,-0.030859,0.037628,-0.308762,0.950394,-1.614168,0.886198,-0.932995,K01_G01_05,3.333405,3.369858
894.3094,-0.030811,0.001223,-0.030859,0.037628,-0.308762,0.950394,-1.616575,0.886198,-0.934994,K01_G01_05,3.333405,3.369858
894.3205,-0.030807,0.001227,-0.030863,0.037857,-0.307877,0.950668,-1.620438,0.886198,-0.937296,K01_G01_05,3.202621,3.37709
894.3316,-0.030751,0.001197,-0.03086,0.026932,-0.318253,0.947617,-1.605702,0.886198,-0.945,K01_G01_05,3.390915,3.29071
894.3427,-0.030751,0.001197,-0.03086,0.026932,-0.318253,0.947617,-1.608649,0.886198,-0.947076,K01_G01_05,3.390915,3.29071
894.3538,-0.030717,0.001189,-0.030996,0.027008,-0.357178,0.93364,-1.560814,0.886198,-0.931297,K01_G01_05,3.140411,3.418137
894.3649,-0.030784,0.001204,-0.031303,0.010315,-0.351944,0.935944,-1.565361,0.886198,-0.951356,K01_G01_05,3.704147,3.399841
894.3767,-0.030787,0.001185,-0.031244,0.009781,-0.351578,0.936096,-1.568097,0.886198,-0.954186,K01_G01_05,-1,3.401413
894.3872,-0.030787,0.001185,-0.031244,0.009781,-0.351578,0.936096,-1.570491,0.886198,-0.95625,K01_G01_05,-1,3.401413
894.3983,-0.030784,0.001177,-0.031212,0.005554,-0.337189,0.941406,-1.589613,0.886198,-0.968698,K01_G01_05,3.881042,3.4039
894.4094,-0.030781,0.001166,-0.031159,0.007141,-0.338028,0.941101,-1.590875,0.886198,-0.968406,K01_G01_05,-1,3.405533
894.4203,-0.030781,0.001166,-0.031159,0.007141,-0.338028,0.941101,-1.592406,0.886198,-0.969886,K01_G01_05,-1,3.405533
894.4315,-0.030781,0.001166,-0.031157,0.00856,-0.338059,0.941071,-1.59417,0.886198,-0.970275,K01_G01_05,-1,3.405655
894.4427,-0.030748,0.001159,-0.031042,0.015457,-0.341965,0.939575,-1.593057,0.886198,-0.963922,K01_G01_05,4.021027,3.416061
894.4537,-0.030748,0.001159,-0.031042,0.015457,-0.341965,0.939575,-1.594433,0.886198,-0.965185,K01_G01_05,4.021027,3.416061
894.4649,-0.03075,0.001161,-0.031041,0.015152,-0.342529,0.939377,-1.594993,0.886198,-0.966544,K01_G01_05,3.522797,3.409363
894.4761,-0.030781,0.001163,-0.031122,0.009155,-0.334396,0.942383,-1.604067,0.886198,-0.976722,K01_G01_05,3.834854,3.408173
894.4883,-0.030781,0.001163,-0.031122,0.009109,-0.332321,0.943115,-1.607639,0.886198,-0.978444,K01_G01_05,3.51709,3.420212
894.4984,-0.030781,0.001163,-0.031122,0.009109,-0.332321,0.943115,-1.608167,0.886198,-0.978822,K01_G01_05,3.51709,3.420212
894.5095,-0.030781,0.001163,-0.031122,0.008072,-0.32962,0.944077,-1.611751,0.886198,-0.981492,K01_G01_05,3.517044,3.420303
894.5207,-0.030792,0.001179,-0.031152,0.006714,-0.330627,0.943726,-1.61081,0.886198,-0.982764,K01_G01_05,3.400558,3.41922
894.5316,-0.030792,0.001179,-0.031152,0.006714,-0.330627,0.943726,-1.61119,0.886198,-0.983633,K01_G01_05,3.400558,3.41922
894.5427,-0.030727,0.001237,-0.030996,0.028473,-0.333923,0.942154,-1.526962,1.007871,-0.929304,K01_L07_07,4.444214,3.399307
894.5538,-0.030727,0.001268,-0.030954,0.014343,-0.319092,0.947601,-1.53253,1.01734,-0.94399,K01_L07_07,3.264008,3.497147
894.5649,-0.030728,0.001304,-0.031037,0.022263,-0.321365,0.946686,-1.537149,1.013836,-0.939548,K01_L07_07,3.462997,3.431229
894.5759,-0.030728,0.001304,-0.031037,0.022263,-0.321365,0.946686,-1.542086,1.010748,-0.941687,K01_L07_07,3.462997,3.431229
894.5872,-0.03071,0.001383,-0.031163,0.017059,-0.305328,0.952087,-1.546823,1.028,-0.948138,K01_L07_07,3.692841,3.462524
894.5983,-0.03049,0.001608,-0.031145,-0.021072,-0.224579,0.974213,-1.746465,0.886198,-1.07367,K01_G01_05,3.353806,3.564117
894.6093,-0.03049,0.001608,-0.031145,-0.021072,-0.224579,0.974213,-1.749933,0.886198,-1.075883,K01_G01_05,3.353806,3.564117
894.6205,-0.030394,0.001627,-0.030749,-0.025757,-0.206863,0.978027,-1.775972,0.886198,-1.09307,K01_G01_05,3.348206,3.510986
894.6315,-0.030412,0.001577,-0.030506,-0.015152,-0.18689,0.982254,-1.795889,0.903086,-1.088818,K01_L19_21,3.234375,3.72496
894.6428,-0.030412,0.001577,-0.030506,-0.015152,-0.18689,0.982254,-1.795916,0.90581,-1.088826,K01_L19_21,3.234375,3.72496
894.6537,-0.030417,0.00158,-0.030545,-0.021881,-0.19603,0.980347,-1.790965,0.896816,-1.094846,K01_L19_21,3.422821,3.82222
894.6649,-0.030423,0.001608,-0.03073,-0.024277,-0.187332,0.981995,-1.789966,0.912541,-1.096332,K01_L19_21,3.496094,3.804611
894.676,-0.020026,0.001918,-0.03136,-0.010254,-0.189392,0.981842,-1.799384,0.907018,-1.084531,K01_L19_21,3.245605,3.814926
894.6871,-0.020026,0.001918,-0.03136,-0.010254,-0.189392,0.981842,-1.799583,0.909042,-1.084315,K01_L19_21,3.245605,3.814926
894.6982,-0.01516,0.002044,-0.031602,-0.004776,-0.19165,0.981445,-1.803332,0.905843,-1.079603,K01_L19_21,3.34726,3.805069
894.7092,-0.01671,0.00199,-0.031513,-0.005829,-0.191803,0.9814,-1.803061,0.907982,-1.079973,K01_L19_21,3.374481,3.800781
894.7204,-0.01671,0.00199,-0.031513,-0.005829,-0.191803,0.9814,-1.803327,0.909795,-1.079671,K01_L19_21,3.374481,3.800781
894.7314,-0.00927,0.002204,-0.03194,0.002899,-0.193665,0.981049,-1.593059,1.142427,-0.972895,K01_L07_07,3.407318,3.761353
894.7426,-0.007386,0.002256,-0.032047,0.004761,-0.194458,0.980896,-1.595532,1.141133,-0.971909,K01_L07_07,3.410339,3.760834
894.7537,-0.007386,0.002256,-0.032047,0.004761,-0.194458,0.980896,-1.598071,1.139761,-0.972426,K01_L07_07,3.410339,3.760834
894.7647,-0.010641,0.002158,-0.031896,-0.00058,-0.193726,0.981049,-1.600665,1.137264,-0.976906,K01_L07_07,3.395844,3.758789
894.7758,-0.012863,0.002094,-0.031793,-0.00322,-0.192764,0.981232,-1.603113,1.136117,-0.9794,K01_L07_07,3.396255,3.753601
894.787,-0.007133,0.002255,-0.032108,0.003159,-0.194931,0.980804,-1.605549,1.134106,-0.974795,K01_L07_07,3.404022,3.751236
894.7982,-0.007133,0.002255,-0.032108,0.003159,-0.194931,0.980804,-1.607782,1.132964,-0.974859,K01_L07_07,3.404022,3.751236
894.8091,-0.00594,0.002203,-0.031987,0.006866,-0.197525,0.98027,-1.610068,1.129346,-0.971944,K01_L07_07,3.38002,3.774673
894.8203,-0.008716,0.00199,-0.031746,0.074997,-0.247101,0.96608,-1.612876,1.091585,-0.920215,K01_L07_07,3.629059,3.457962
894.8314,-0.008716,0.00199,-0.031746,0.074997,-0.247101,0.96608,-1.614865,1.090728,-0.920036,K01_L07_07,3.629059,3.457962
894.8425,-0.027506,0.001472,-0.030894,0.019974,-0.211807,0.977097,-1.616641,1.114257,-0.96207,K01_L07_07,3.424286,3.653763
894.8536,-0.02719,0.001503,-0.030931,0.030975,-0.229233,0.97287,-1.618323,1.097149,-0.95398,K01_L07_07,3.39975,3.537109
894.8648,-0.02719,0.001503,-0.030931,0.030975,-0.229233,0.97287,-1.619371,1.096888,-0.953576,K01_L07_07,3.39975,3.537109
894.8759,-0.030629,0.001406,-0.030748,0.028229,-0.221588,0.974716,-1.620363,1.10437,-0.955118,K01_L07_07,3.397476,3.578323
894.887,-0.030629,0.001402,-0.030742,0.026947,-0.218216,0.975525,-1.621897,1.106865,-0.95558,K01_L07_07,3.387024,3.579147
894.8981,-0.030629,0.001396,-0.030735,0.026901,-0.220337,0.975037,-1.623409,1.10377,-0.954891,K01_L07_07,3.376968,3.576874
894.9092,-0.030629,0.001396,-0.030735,0.026901,-0.220337,0.975037,-1.62501,1.103306,-0.954197,K01_L07_07,3.376968,3.576874
894.9203,-0.030632,0.001392,-0.030735,0.026398,-0.222229,0.974625,-1.626501,1.100654,-0.953824,K01_L07_07,3.343063,3.571579
894.9313,-0.030636,0.001396,-0.030742,0.025452,-0.220963,0.974945,-1.628085,1.101022,-0.953968,K01_L07_07,3.370544,3.555939
894.9425,-0.030636,0.001396,-0.030742,0.025452,-0.220963,0.974945,-1.629742,1.100499,-0.953194,K01_L07_07,3.370544,3.555939
894.9537,-0.030643,0.001401,-0.030746,0.024033,-0.221756,0.974793,-1.631654,1.098069,-0.953847,K01_L07_07,3.375839,3.555496
894.9647,-0.019407,0.001707,-0.031286,0.033981,-0.226975,0.973297,-1.633534,1.093933,-0.945769,K01_L07_07,3.366196,3.55098
894.9758,-0.019407,0.001707,-0.031286,0.033981,-0.226975,0.973297,-1.635506,1.09211,-0.945734,K01_L07_07,3.366196,3.55098
894.9869,-0.019798,0.001697,-0.03127,0.033768,-0.2267,0.973373,-1.63731,1.090623,-0.945358,K01_L07_07,3.366394,3.55098
894.9982,-0.004012,0.002121,-0.032039,0.050278,-0.230133,0.971848,-1.638782,1.090261,-0.931997,K01_L07_07,3.358093,3.550232
895.0093,-0.003861,0.002129,-0.032057,0.0504,-0.23024,0.971817,-1.639734,1.089673,-0.931085,K01_L07_07,3.359207,3.54805
895.0203,-0.003861,0.002129,-0.032057,0.0504,-0.23024,0.971817,-1.640283,1.090178,-0.929768,K01_L07_07,3.359207,3.54805
895.0314,-0.007321,0.00204,-0.031903,0.046478,-0.229813,0.972107,-1.64064,1.090518,-0.931362,K01_L07_07,3.367691,3.548172
895.0425,-0.004727,0.002115,-0.03204,0.05072,-0.230454,0.971756,-1.641195,1.091914,-0.926756,K01_L07_07,3.394638,3.547913
895.0536,-0.004727,0.002115,-0.03204,0.05072,-0.230454,0.971756,-1.641904,1.092719,-0.925671,K01_L07_07,3.394638,3.547913
895.0646,-0.030642,0.001415,-0.030854,0.018906,-0.219086,0.97551,-1.642533,1.097205,-0.948878,K01_L07_07,3.393158,3.525848
895.0758,-0.030641,0.001428,-0.030854,0.017792,-0.221634,0.97496,-1.643508,1.093678,-0.949166,K01_L07_07,3.435989,3.546158
895.0869,-0.030639,0.001436,-0.030873,0.016846,-0.224579,0.974304,-1.644169,1.090139,-0.948917,K01_L07_07,-1,3.544861
895.098,-0.030639,0.001436,-0.030873,0.016846,-0.224579,0.974304,-1.644652,1.090708,-0.947401,K01_L07_07,-1,3.544861
895.1091,-0.030638,0.001437,-0.030886,0.01387,-0.224426,0.974381,-1.64468,1.091156,-0.948038,K01_L07_07,3.219299,3.542892
895.1202,-0.030636,0.001438,-0.030897,0.011551,-0.224182,0.974472,-1.644744,1.092171,-0.948063,K01_L07_07,3.283249,3.552032
895.1313,-0.030636,0.001438,-0.030897,0.011551,-0.224182,0.974472,-1.644708,1.09318,-0.946305,K01_L07_07,3.283249,3.552032
895.1425,-0.030622,0.001438,-0.030886,0.010635,-0.224396,0.974426,-1.644704,1.093478,-0.945222,K01_L07_07,3.341278,3.552124
895.1536,-0.030577,0.00144,-0.030947,-0.002243,-0.248047,0.968735,-1.643488,1.063873,-0.954109,K01_L07_07,3.405396,3.609375
895.1646,-0.030483,0.001379,-0.031205,-0.010803,-0.277161,0.960754,-1.642429,1.02566,-0.960784,K01_L07_07,3.784439,3.649933
895.1757,-0.030483,0.001379,-0.031205,-0.010803,-0.277161,0.960754,-1.642595,1.025919,-0.959267,K01_L07_07,3.784439,3.649933
895.1868,-0.030449,0.001308,-0.031042,-0.019547,-0.282227,0.959137,-1.642219,1.016946,-0.965177,K01_L07_07,3.435547,3.702362
895.1979,-0.030444,0.001282,-0.03096,-0.017731,-0.277817,0.960465,-1.642394,1.023484,-0.962047,K01_L07_07,3.481796,3.649963
895.2091,-0.030444,0.001282,-0.03096,-0.017731,-0.277817,0.960465,-1.641915,1.024107,-0.960686,K01_L07_07,3.481796,3.649963
895.2202,-0.030438,0.001273,-0.030912,-0.017517,-0.275818,0.961044,-1.641479,1.027244,-0.95907,K01_L07_07,3.485275,3.669266
895.2312,-0.030429,0.001275,-0.030908,-0.016434,-0.273941,0.961594,-1.641306,1.0304,-0.95709,K01_L07_07,-1,3.701416
895.2423,-0.030429,0.001275,-0.030908,-0.016434,-0.273941,0.961594,-1.640835,1.031201,-0.955939,K01_L07_07,-1,3.701416
895.2535,-0.030426,0.001275,-0.030907,-0.018646,-0.275147,0.961212,-1.640204,1.02959,-0.956896,K01_L07_07,3.433228,3.685425
895.2645,-0.030424,0.001275,-0.030906,-0.020874,-0.276337,0.960831,-1.639732,1.027733,-0.958024,K01_L07_07,3.504623,3.669495
895.2758,-0.030418,0.001275,-0.030895,-0.020157,-0.274887,0.961258,-1.639659,1.029761,-0.957077,K01_L07_07,3.466354,3.670151
895.2867,-0.030418,0.001275,-0.030895,-0.020157,-0.274887,0.961258,-1.639384,1.030524,-0.9565,K01_L07_07,3.466354,3.670151
895.298,-0.030414,0.001276,-0.030892,-0.024384,-0.273224,0.961624,-1.639384,1.031618,-0.959535,K01_L07_07,3.468094,3.684662
895.309,-0.030403,0.001275,-0.030853,-0.023712,-0.27298,0.961716,-1.639677,1.032661,-0.958708,K01_L07_07,3.375153,3.686157
895.3203,-0.030403,0.001275,-0.030853,-0.023712,-0.27298,0.961716,-1.640048,1.032877,-0.958463,K01_L07_07,3.375153,3.686157
895.3314,-0.030402,0.001275,-0.030843,-0.028244,-0.271271,0.962082,-1.640304,1.033803,-0.962371,K01_L07_07,3.465805,3.702866
895.3425,-0.030398,0.001276,-0.030834,-0.029739,-0.270935,0.962128,-1.640239,1.034259,-0.963391,K01_L07_07,-1,3.710144
895.3535,-0.030397,0.001275,-0.030807,-0.030823,-0.272171,0.961746,-1.640089,1.032788,-0.964351,K01_L07_07,3.334106,3.703735
895.3646,-0.030397,0.001275,-0.030807,-0.030823,-0.272171,0.961746,-1.64014,1.033261,-0.964212,K01_L07_07,3.334106,3.703735
895.3757,-0.030396,0.001275,-0.030797,-0.031601,-0.271698,0.961853,-1.640276,1.033749,-0.964921,K01_L07_07,3.453323,3.742935
895.3867,-0.030396,0.001276,-0.030794,-0.032288,-0.271881,0.961777,-1.64008,1.033704,-0.965342,K01_L07_07,3.422668,3.742813
895.3978,-0.030396,0.001276,-0.030794,-0.032288,-0.271881,0.961777,-1.640138,1.034365,-0.964867,K01_L07_07,3.422668,3.742813
895.409,-0.030396,0.001276,-0.030777,-0.032974,-0.26944,0.962448,-1.640542,1.036897,-0.964812,K01_L07_07,3.374542,3.761124
895.4202,-0.030396,0.001276,-0.03077,-0.034287,-0.269898,0.962265,-1.640599,1.035738,-0.96555,K01_L07_07,3.397507,3.761078
895.4312,-0.030396,0.001276,-0.03077,-0.034287,-0.269898,0.962265,-1.64068,1.035614,-0.965285,K01_L07_07,3.397507,3.761078
895.4423,-0.030396,0.001276,-0.030769,-0.035385,-0.269775,0.962265,-1.640555,1.035326,-0.965821,K01_L07_07,3.421295,3.743759
895.4535,-0.030396,0.001279,-0.030769,-0.035843,-0.270004,0.962189,-1.640599,1.035046,-0.965937,K01_L07_07,3.420914,3.742966
895.4645,-0.030396,0.001279,-0.030769,-0.035843,-0.270004,0.962189,-1.64079,1.034391,-0.965913,K01_L07_07,3.420914,3.742966
895.4756,-0.030396,0.00128,-0.030769,-0.035934,-0.270187,0.962128,-1.640913,1.033912,-0.965843,K01_L07_07,3.445938,3.740463
895.4868,-0.030397,0.001282,-0.030769,-0.035995,-0.270584,0.962021,-1.64084,1.033444,-0.96566,K01_L07_07,3.45134,3.740128
895.4979,-0.030397,0.001283,-0.03075,-0.035767,-0.272446,0.961487,-1.640785,1.031539,-0.965533,K01_L07_07,3.509964,3.706223
895.5089,-0.030397,0.001283,-0.03075,-0.035767,-0.272446,0.961487,-1.640905,1.031684,-0.965469,K01_L07_07,3.509964,3.706223
895.5201,-0.030397,0.001282,-0.030749,-0.035706,-0.272293,0.961548,-1.640949,1.032133,-0.965365,K01_L07_07,3.524185,3.697052
895.5311,-0.030397,0.001283,-0.030736,-0.035706,-0.273331,0.961243,-1.640834,1.031556,-0.964913,K01_L07_07,3.530258,3.685425
895.5422,-0.030397,0.001283,-0.030736,-0.035706,-0.273331,0.961243,-1.640594,1.032558,-0.964331,K01_L07_07,3.530258,3.685425
895.5535,-0.030397,0.001283,-0.030736,-0.035828,-0.273575,0.961182,-1.640455,1.032809,-0.963631,K01_L07_07,3.548859,3.685318
895.5646,-0.030397,0.001283,-0.030736,-0.035919,-0.273758,0.961121,-1.640407,1.033259,-0.962744,K01_L07_07,3.530151,3.72229
895.5756,-0.030397,0.001281,-0.030732,-0.035889,-0.273636,0.961151,-1.640226,1.033837,-0.962066,K01_L07_07,3.568893,3.71701
895.5867,-0.030397,0.001281,-0.030732,-0.035889,-0.273636,0.961151,-1.640117,1.034529,-0.961233,K01_L07_07,3.568893,3.71701
895.5978,-0.030401,0.001281,-0.030719,-0.037033,-0.27417,0.960953,-1.639879,1.034003,-0.961662,K01_L07_07,3.54689,3.717224
895.6089,-0.030408,0.001282,-0.030712,-0.039246,-0.276627,0.960159,-1.639576,1.030857,-0.963005,K01_L07_07,-1,3.716873
895.6201,-0.030408,0.001282,-0.030712,-0.039246,-0.276627,0.960159,-1.639677,1.031106,-0.962632,K01_L07_07,-1,3.716873
895.6311,-0.030409,0.001282,-0.030708,-0.039673,-0.275192,0.960556,-1.639752,1.03318,-0.962324,K01_L07_07,3.439697,3.722153
895.6422,-0.030409,0.001284,-0.030708,-0.039719,-0.2742,0.960846,-1.639811,1.034777,-0.961726,K01_L07_07,3.431122,3.729828
895.6534,-0.030409,0.001284,-0.030708,-0.039734,-0.272308,0.96138,-1.639956,1.03718,-0.961262,K01_L07_07,3.436447,3.72998
895.6644,-0.030409,0.001284,-0.030708,-0.039734,-0.272308,0.96138,-1.639883,1.037362,-0.960747,K01_L07_07,3.436447,3.72998
895.6755,-0.030409,0.001286,-0.030712,-0.040314,-0.272156,0.961395,-1.639579,1.037883,-0.960924,K01_L07_07,-1,3.729965
895.6865,-0.030409,0.001286,-0.030712,-0.040237,-0.272141,0.961411,-1.639314,1.038305,-0.960411,K01_L07_07,3.217239,3.729965
895.6978,-0.030409,0.001286,-0.030712,-0.040237,-0.272141,0.961411,-1.638995,1.038543,-0.960161,K01_L07_07,3.217239,3.729965
895.7089,-0.030408,0.001286,-0.030712,-0.040726,-0.271484,0.961578,-1.638938,1.03945,-0.960302,K01_L07_07,3.341431,3.735077
895.7199,-0.030408,0.001284,-0.030709,-0.040741,-0.271408,0.961594,-1.63888,1.039031,-0.960229,K01_L07_07,3.421158,3.739639
895.731,-0.030408,0.001284,-0.030709,-0.040741,-0.271408,0.961594,-1.638825,1.038752,-0.95992,K01_L07_07,3.421158,3.739639
895.7421,-0.030404,0.001284,-0.030708,-0.040512,-0.271408,0.961609,-1.638592,1.038895,-0.959253,K01_L07_07,-1,3.74144
895.7534,-0.030396,0.001275,-0.030735,-0.050064,-0.266998,0.962387,-1.638349,1.041666,-0.96617,K01_L07_07,-1,3.724396
895.7644,-0.030347,0.0012,-0.030931,-0.047073,-0.339432,0.939438,-1.632263,0.94633,-0.968579,K01_L07_07,-1,3.842484
895.7755,-0.030347,0.0012,-0.030931,-0.047073,-0.339432,0.939438,-1.632058,0.946722,-0.968033,K01_L07_07,-1,3.842484
895.7867,-0.030331,0.001128,-0.030826,-0.046555,-0.308106,0.950195,-1.63463,0.991978,-0.964331,K01_L07_07,3.780579,3.920868
895.7977,-0.030335,0.00113,-0.030815,-0.04953,-0.327255,0.943634,-1.632584,0.965221,-0.96789,K01_L07_07,-1,3.787537
895.809,-0.030335,0.00113,-0.030815,-0.04953,-0.327255,0.943634,-1.631976,0.966172,-0.967152,K01_L07_07,-1,3.787537
895.8199,-0.030335,0.001131,-0.030826,-0.049576,-0.32457,0.94455,-1.631808,0.970495,-0.966484,K01_L07_07,-1,3.793015
895.831,-0.030335,0.001142,-0.03083,-0.051804,-0.326584,0.943741,-1.63102,0.967499,-0.968117,K01_L07_07,3.2453,3.788315
895.842,-0.030335,0.001142,-0.03083,-0.051804,-0.326584,0.943741,-1.630617,0.967852,-0.967729,K01_L07_07,3.2453,3.788315
895.8555,-0.030334,0.001142,-0.030832,-0.051544,-0.326416,0.943817,-1.630255,0.968485,-0.966877,K01_L07_07,3.647461,3.787704
895.8643,-0.030333,0.001142,-0.030832,-0.05127,-0.323593,0.944794,-1.630363,0.972527,-0.965964,K01_L07_07,-1,3.785324
895.8752,-0.030333,0.001139,-0.030828,-0.051987,-0.320007,0.945969,-1.630653,0.977081,-0.965905,K01_L07_07,-1,3.779922
895.8865,-0.030333,0.001139,-0.030828,-0.051987,-0.320007,0.945969,-1.630701,0.976466,-0.965815,K01_L07_07,-1,3.779922
895.8976,-0.030334,0.001142,-0.030828,-0.05278,-0.320114,0.945892,-1.6308,0.975803,-0.966473,K01_L07_07,3.836945,3.761261
895.9086,-0.030334,0.001142,-0.030823,-0.053467,-0.320602,0.945694,-1.630745,0.973894,-0.967291,K01_L07_07,3.813736,3.74057
895.9198,-0.030334,0.001142,-0.030823,-0.053467,-0.320602,0.945694,-1.630754,0.973754,-0.967346,K01_L07_07,3.813736,3.74057
895.9308,-0.030333,0.001142,-0.030823,-0.055191,-0.320725,0.945557,-1.630575,0.972918,-0.968716,K01_L07_07,-1,3.689346
895.942,-0.030332,0.001142,-0.030817,-0.05867,-0.320892,0.945282,-1.630142,0.971795,-0.971514,K01_L07_07,3.373245,3.688919
895.953,-0.030332,0.001142,-0.030817,-0.05867,-0.320892,0.945282,-1.630064,0.971832,-0.971224,K01_L07_07,3.373245,3.688919
895.9642,-0.030333,0.001143,-0.030817,-0.058914,-0.320999,0.945236,-1.629852,0.971546,-0.971097,K01_L07_07,-1,3.688797
895.9752,-0.030334,0.001145,-0.030817,-0.059158,-0.320694,0.945328,-1.629868,0.97167,-0.971099,K01_L07_07,4.354507,3.683167
895.9864,-0.030334,0.001145,-0.030817,-0.059174,-0.31926,0.945801,-1.630426,0.972606,-0.971037,K01_L07_07,4.055862,3.683701
895.9976,-0.030334,0.001145,-0.030817,-0.059174,-0.31926,0.945801,-1.630742,0.971858,-0.971155,K01_L07_07,4.055862,3.683701
896.0086,-0.030334,0.001153,-0.030823,-0.059128,-0.318558,0.946045,-1.631028,0.972448,-0.970852,K01_L07_07,3.720383,3.683548
896.0197,-0.030335,0.001164,-0.030823,-0.057816,-0.320236,0.945557,-1.63084,0.970864,-0.969641,K01_L07_07,3.714294,3.673416
896.0308,-0.030335,0.001164,-0.030823,-0.057816,-0.320236,0.945557,-1.630576,0.971142,-0.96918,K01_L07_07,3.714294,3.673416
896.042,-0.030335,0.001169,-0.030829,-0.057999,-0.316223,0.946899,-1.630544,0.977343,-0.968464,K01_L07_07,3.733475,3.701736
896.053,-0.030337,0.00117,-0.030834,-0.057114,-0.31369,0.9478,-1.630582,0.981923,-0.966957,K01_L07_07,-1,3.707748
896.0641,-0.030338,0.001177,-0.030842,-0.056992,-0.313843,0.947754,-1.630421,0.982169,-0.966221,K01_L07_07,-1,3.701996
896.0751,-0.030338,0.001177,-0.030842,-0.056992,-0.313843,0.947754,-1.630394,0.982454,-0.965958,K01_L07_07,-1,3.701996
896.0864,-0.03033,0.001335,-0.030947,-0.054337,-0.285843,0.956726,-1.63306,1.019787,-0.961254,K01_L07_07,-1,3.6754
896.0974,-0.030141,0.001474,-0.030651,-0.10173,-0.239105,0.965637,-1.764714,0.886198,-1.073566,K01_G01_05,3.961349,3.662354
896.1086,-0.030141,0.001474,-0.030651,-0.10173,-0.239105,0.965637,-1.764652,0.886198,-1.073582,K01_G01_05,3.961349,3.662354
896.1198,-0.030018,0.001561,-0.030641,-0.110672,-0.182877,0.976883,-1.795141,0.932068,-1.090199,K01_L19_21,3.217239,3.637634
896.1307,-0.030033,0.001484,-0.030298,-0.110901,-0.199219,0.973648,-1.793012,0.909833,-1.092502,K01_L19_21,3.238281,3.515717
896.1419,-0.030033,0.001484,-0.030298,-0.110901,-0.199219,0.973648,-1.793066,0.909542,-1.092429,K01_L19_21,3.238281,3.515717
896.153,-0.030046,0.00147,-0.030287,-0.099075,-0.180206,0.978622,-1.638935,1.12598,-0.987893,K01_L07_07,3.337296,3.679398
896.1644,-0.030043,0.001503,-0.030557,-0.103989,-0.16098,0.981461,-1.640151,1.143294,-0.989945,K01_L07_07,3.360733,3.809143
896.1752,-0.030051,0.001491,-0.030516,-0.100418,-0.164276,0.981278,-1.639937,1.140885,-0.987269,K01_L07_07,3.205551,3.737076
896.1863,-0.030051,0.001491,-0.030516,-0.100418,-0.164276,0.981278,-1.63954,1.141209,-0.987137,K01_L07_07,3.205551,3.737076
896.1974,-0.030055,0.001491,-0.030514,-0.101532,-0.164368,0.981155,-1.63901,1.141354,-0.987868,K01_L07_07,3.287964,3.745163
896.2086,-0.030058,0.001488,-0.030504,-0.099899,-0.164108,0.981354,-1.638936,1.141995,-0.986586,K01_L07_07,3.274048,3.760666
896.2197,-0.030058,0.001488,-0.030504,-0.099899,-0.164108,0.981354,-1.638895,1.142273,-0.986664,K01_L07_07,3.274048,3.760666
896.2308,-0.030061,0.001482,-0.030489,-0.100678,-0.16362,0.981369,-1.638937,1.142661,-0.987503,K01_L07_07,3.431915,3.777069
896.242,-0.030064,0.001478,-0.030481,-0.102356,-0.164276,0.981079,-1.638866,1.141797,-0.989036,K01_L07_07,-1,3.759415
896.2531,-0.030064,0.001478,-0.030481,-0.102356,-0.164276,0.981079,-1.638853,1.141818,-0.989189,K01_L07_07,-1,3.759415
896.2643,-0.030066,0.001476,-0.030477,-0.102539,-0.165527,0.98085,-1.638689,1.140548,-0.989634,K01_L07_07,3.327499,3.746719
896.2753,-0.030069,0.001474,-0.030473,-0.103088,-0.165344,0.98082,-1.638669,1.140445,-0.989973,K01_L07_07,3.357666,3.74678
896.2864,-0.030072,0.001465,-0.030443,-0.103622,-0.165848,0.980682,-1.638775,1.139699,-0.99032,K01_L07_07,-1,3.739075
896.2975,-0.030072,0.001465,-0.030443,-0.103622,-0.165848,0.980682,-1.638848,1.139686,-0.990057,K01_L07_07,-1,3.739075
896.3087,-0.030074,0.001462,-0.030419,-0.104111,-0.166519,0.980515,-1.63858,1.138945,-0.989939,K01_L07_07,2.734833,3.739365
896.3198,-0.030351,0.001568,-0.030843,-0.041931,-0.195664,0.979767,-1.638717,1.123081,-0.944443,K01_L07_07,3.455353,3.683243
896.3309,-0.030351,0.001568,-0.030843,-0.041931,-0.195664,0.979767,-1.638559,1.123289,-0.943873,K01_L07_07,3.455353,3.683243
896.342,-0.030766,0.001442,-0.030742,0.056244,-0.211136,0.97583,-1.641173,1.126518,-0.873475,K01_L07_07,3.267075,3.585144
896.353,-0.028703,0.001073,-0.029838,0.120575,-0.223251,0.96727,-1.642739,1.125746,-0.82857,K01_L07_07,3.269058,3.369507
896.3642,-0.028703,0.001073,-0.029838,0.120575,-0.223251,0.96727,-1.642639,1.126191,-0.828127,K01_L07_07,3.269058,3.369507
896.3752,0.002353,0.001658,-0.030595,0.214798,-0.280991,0.935349,-1.642487,1.082694,-0.756334,K01_L07_07,3.173691,3.086563
896.3864,0.001977,0.002238,-0.032873,0.232086,-0.298645,0.925705,-1.642032,1.06607,-0.740305,K01_L07_07,3.222824,2.927872
896.3974,-0.031102,0.001003,-0.030297,0.183609,-0.238724,0.953568,-1.644365,1.120656,-0.782101,K01_L07_07,3.129044,3.112122
896.4086,-0.031102,0.001003,-0.030297,0.183609,-0.238724,0.953568,-1.644425,1.120541,-0.781427,K01_L07_07,3.129044,3.112122
896.4197,0.000476,0.002123,-0.032572,0.228775,-0.307282,0.923706,-1.641522,1.055533,-0.738827,K01_L07_07,3.192688,2.950363
896.4307,0.032755,0.003308,-0.035066,0.283218,-0.293732,0.912949,-1.794943,0.886198,-0.686476,K01_G01_05,3.143021,2.948105
896.4418,0.032755,0.003308,-0.035066,0.283218,-0.293732,0.912949,-1.795078,0.886198,-0.68559,K01_G01_05,3.143021,2.948105
896.4531,0.035347,0.003369,-0.035159,0.289307,-0.291809,0.911667,-1.798827,0.886198,-0.679052,K01_G01_05,3.144196,2.920471
896.4642,0.035472,0.003323,-0.035048,0.290375,-0.288345,0.91243,-1.803751,0.886198,-0.677733,K01_G01_05,3.150131,2.922134
896.4752,0.035472,0.003323,-0.035048,0.290375,-0.288345,0.91243,-1.80383,0.886198,-0.677185,K01_G01_05,3.150131,2.922134
896.4863,0.034564,0.003291,-0.03501,0.289642,-0.287216,0.91301,-1.805226,0.886198,-0.677654,K01_G01_05,3.167053,2.892624
896.4974,0.0337,0.00326,-0.034944,0.286377,-0.287781,0.913864,-1.804224,0.886198,-0.680282,K01_G01_05,3.166397,2.893387
896.5085,0.0337,0.00326,-0.034944,0.286377,-0.287781,0.913864,-1.804197,0.886198,-0.679824,K01_G01_05,3.166397,2.893387
896.5196,0.035123,0.003313,-0.035055,0.28952,-0.287567,0.912933,-1.80483,0.886198,-0.676476,K01_G01_05,3.166367,2.931152
896.5308,0.035309,0.003319,-0.035068,0.287537,-0.288818,0.913178,-1.802569,0.886198,-0.677943,K01_G01_05,3.165955,2.93248
896.5418,0.035144,0.00331,-0.03505,0.281601,-0.289017,0.914948,-1.801113,0.886198,-0.683569,K01_G01_05,3.140442,2.925995
896.5529,0.035144,0.00331,-0.03505,0.281601,-0.289017,0.914948,-1.800688,0.886198,-0.683404,K01_G01_05,3.140442,2.925995
896.564,0.034266,0.003281,-0.03501,0.282867,-0.288178,0.914825,-1.801603,0.886198,-0.682026,K01_G01_05,3.152969,2.9272
896.5751,0.035153,0.00337,-0.03525,0.279938,-0.289871,0.915207,-1.798846,0.886198,-0.684401,K01_G01_05,3.156403,2.945862
896.5863,0.035153,0.00337,-0.03525,0.279938,-0.289871,0.915207,-1.798619,0.886198,-0.684293,K01_G01_05,3.156403,2.945862
896.5974,0.035266,0.003385,-0.035289,0.283035,-0.288818,0.914581,-1.800059,0.886198,-0.680998,K01_G01_05,3.162186,2.945282
896.6085,0.035446,0.003403,-0.035359,0.28447,-0.289246,0.914002,-1.799613,0.886198,-0.679299,K01_G01_05,3.168121,2.957199
896.6196,0.035537,0.003408,-0.035377,0.283173,-0.287613,0.914917,-1.80093,0.886198,-0.680512,K01_G01_05,3.172913,2.955353
896.6307,0.035537,0.003408,-0.035377,0.283173,-0.287613,0.914917,-1.800516,0.886198,-0.680217,K01_G01_05,3.172913,2.955353
896.6418,0.035591,0.003468,-0.035588,0.282623,-0.287521,0.915115,-1.800259,0.886198,-0.680638,K01_G01_05,3.167145,3.000443
896.6529,0.035594,0.003468,-0.035588,0.281097,-0.287399,0.915619,-1.800005,0.886198,-0.6821,K01_G01_05,3.187683,2.946426
896.6641,0.035594,0.003468,-0.035588,0.281097,-0.287399,0.915619,-1.800034,0.886198,-0.68219,K01_G01_05,3.187683,2.946426
896.6752,0.035591,0.003468,-0.035588,0.281876,-0.286758,0.915588,-1.800724,0.886198,-0.681665,K01_G01_05,3.202576,2.922562
896.6862,0.035588,0.003467,-0.035588,0.281723,-0.286804,0.915619,-1.80028,0.886198,-0.681686,K01_G01_05,3.224854,2.991547
896.6974,0.035588,0.003467,-0.035588,0.281723,-0.286804,0.915619,-1.799909,0.886198,-0.681862,K01_G01_05,3.224854,2.991547
896.7086,0.035587,0.003463,-0.035559,0.281723,-0.287125,0.915512,-1.798986,0.886198,-0.681829,K01_G01_05,3.225662,2.907364
896.7197,0.035388,0.003432,-0.035441,0.282806,-0.287201,0.915161,-1.798675,0.886198,-0.680637,K01_G01_05,3.229111,2.879791
896.7307,0.035388,0.003432,-0.035441,0.282806,-0.287201,0.915161,-1.79863,0.886198,-0.68058,K01_G01_05,3.229111,2.879791
896.7418,-0.031169,0.000773,-0.02937,0.111115,-0.260376,0.959076,-1.638912,1.086351,-0.821839,K01_L07_07,2.986313,3.298615
896.7529,-0.030695,0.001363,-0.030921,0.026505,-0.244171,0.96936,-1.636791,1.088103,-0.882981,K01_L07_07,3.302155,3.634186
896.7641,0.003322,0.002483,-0.032969,-0.002457,-0.216629,0.976242,-1.637805,1.110875,-0.903933,K01_L07_07,2.909256,3.743347
896.7751,0.003322,0.002483,-0.032969,-0.002457,-0.216629,0.976242,-1.637611,1.111138,-0.903997,K01_L07_07,2.909256,3.743347
896.7863,-0.030083,0.001482,-0.030794,-0.098694,-0.2314,0.967835,-1.632112,1.075413,-0.978689,K01_L07_07,2.726517,3.713394
896.7974,0.003617,0.002429,-0.032712,-0.063171,-0.213944,0.974793,-1.635162,1.101878,-0.949467,K01_L07_07,3.35051,3.763687
896.8085,0.003617,0.002429,-0.032712,-0.063171,-0.213944,0.974793,-1.635042,1.102064,-0.949639,K01_L07_07,3.35051,3.763687
896.8197,-0.021042,0.001684,-0.031227,-0.097214,-0.206619,0.973572,-1.633962,1.102281,-0.975668,K01_L07_07,3.299194,3.764435
896.8307,-0.029985,0.001424,-0.03069,-0.110687,-0.213196,0.970703,-1.632661,1.092437,-0.98712,K01_L07_07,3.31752,3.784622
896.8417,-0.029994,0.00143,-0.0307,-0.109467,-0.209274,0.971695,-1.632791,1.096737,-0.985937,K01_L07_07,3.318756,3.678711
896.8529,-0.029994,0.00143,-0.0307,-0.109467,-0.209274,0.971695,-1.632838,1.096472,-0.986277,K01_L07_07,3.318756,3.678711
896.8641,-0.030001,0.001446,-0.030741,-0.107391,-0.212463,0.971237,-1.632641,1.093526,-0.985083,K01_L07_07,1.964386,3.723633
896.8751,-0.030007,0.001459,-0.030769,-0.108368,-0.215988,0.970352,-1.632154,1.089579,-0.986485,K01_L07_07,2.948013,3.722305
896.8862,-0.030007,0.001459,-0.030769,-0.108368,-0.215988,0.970352,-1.632247,1.089615,-0.986458,K01_L07_07,2.948013,3.722305
896.8973,-0.030012,0.001471,-0.03078,-0.108658,-0.21759,0.969971,-1.63224,1.087521,-0.987152,K01_L07_07,3.320465,3.73735
896.9084,-0.030018,0.001476,-0.03078,-0.109757,-0.216751,0.970032,-1.789609,0.886198,-1.080097,K01_G01_05,3.331665,3.742569
896.9195,-0.030021,0.001474,-0.03078,-0.110016,-0.214768,0.970444,-1.791543,0.886198,-1.081481,K01_G01_05,3.32782,3.752335
896.9307,-0.030021,0.001474,-0.03078,-0.110016,-0.214768,0.970444,-1.79113,0.886198,-1.081582,K01_G01_05,3.32782,3.752335
896.9417,-0.030027,0.001472,-0.030764,-0.111557,-0.214859,0.970245,-1.790582,0.886198,-1.083261,K01_G01_05,3.330734,3.76059
896.9528,-0.030031,0.001471,-0.030757,-0.111984,-0.214676,0.97023,-1.790475,0.886198,-1.083486,K01_G01_05,3.336548,3.76088
896.9639,-0.030031,0.001471,-0.030757,-0.111984,-0.214676,0.97023,-1.790228,0.886198,-1.083161,K01_G01_05,3.336548,3.76088
896.975,-0.030032,0.001472,-0.030757,-0.112289,-0.214111,0.970322,-1.790603,0.886198,-1.083481,K01_G01_05,3.337921,3.805618
896.9861,-0.030034,0.001472,-0.030754,-0.11203,-0.211853,0.970856,-1.793343,0.886198,-1.084398,K01_G01_05,3.325394,3.811417
896.9973,-0.030034,0.001472,-0.030754,-0.11203,-0.211853,0.970856,-1.793195,0.886198,-1.084614,K01_G01_05,3.325394,3.811417
897.0084,-0.030038,0.001471,-0.030748,-0.11261,-0.211868,0.970779,-1.792889,0.886198,-1.08539,K01_G01_05,3.341522,3.811691
897.0194,-0.030045,0.00147,-0.03074,-0.110901,-0.211609,0.971039,-1.794104,0.886198,-1.083985,K01_G01_05,3.345963,3.831223
897.0307,-0.030047,0.001467,-0.030731,-0.111542,-0.209854,0.971344,-1.796228,0.886198,-1.085642,K01_G01_05,3.319351,3.85202
897.0421,-0.030047,0.001467,-0.030731,-0.111542,-0.209854,0.971344,-1.79652,0.886198,-1.085933,K01_G01_05,3.319351,3.85202
897.0529,-0.030054,0.001463,-0.030704,-0.112747,-0.206833,0.971848,-1.797132,0.889703,-1.087065,K01_L19_21,-1,3.833862
897.0638,-0.030056,0.001463,-0.0307,-0.109985,-0.205307,0.972488,-1.799017,0.890914,-1.084738,K01_L19_21,2.96553,3.830963
897.075,-0.030056,0.001463,-0.0307,-0.109985,-0.205307,0.972488,-1.798905,0.890558,-1.084871,K01_L19_21,2.96553,3.830963
897.0861,-0.030194,0.001444,-0.030696,-0.079453,-0.219498,0.972366,-1.636169,1.086696,-0.967056,K01_L07_07,3.450836,3.803345
897.0978,-0.03033,0.001444,-0.030819,-0.0336,-0.248886,0.967941,-1.635143,1.065924,-0.932522,K01_L07_07,3.403809,3.76886
897.1083,-0.03033,0.001444,-0.030819,-0.0336,-0.248886,0.967941,-1.634921,1.066,-0.93252,K01_L07_07,3.403809,3.76886
897.1194,-0.030409,0.001409,-0.030816,-0.035751,-0.236099,0.971054,-1.635769,1.079382,-0.933816,K01_L07_07,3.315231,3.757935
897.1306,-0.0304,0.0014,-0.030766,-0.047638,-0.24176,0.969162,-1.634679,1.070457,-0.943409,K01_L07_07,2.827133,3.735611
897.1416,-0.030401,0.001397,-0.030749,-0.041138,-0.241882,0.969421,-1.63493,1.071548,-0.938593,K01_L07_07,3.236465,3.73082
897.1526,-0.030401,0.001397,-0.030749,-0.041138,-0.241882,0.969421,-1.634883,1.071112,-0.938862,K01_L07_07,3.236465,3.73082
897.1639,-0.030403,0.001395,-0.030728,-0.038681,-0.242783,0.969299,-1.634888,1.070589,-0.937316,K01_L07_07,3.286499,3.71936
897.1749,-0.030405,0.001394,-0.03072,-0.038025,-0.243195,0.969223,-1.634851,1.070127,-0.937201,K01_L07_07,3.26474,3.719498
897.186,-0.030407,0.001391,-0.030706,-0.035019,-0.244843,0.968918,-1.634826,1.069037,-0.935041,K01_L07_07,3.280655,3.719894
897.1971,-0.030407,0.001391,-0.030706,-0.035019,-0.244843,0.968918,-1.634815,1.068945,-0.935112,K01_L07_07,3.280655,3.719894
897.2084,-0.030408,0.001389,-0.030693,-0.037582,-0.243652,0.969116,-1.634817,1.069705,-0.937123,K01_L07_07,3.291916,3.7164
897.2193,-0.030411,0.001389,-0.030679,-0.038254,-0.244446,0.968903,-1.634699,1.068588,-0.937748,K01_L07_07,3.291046,3.711182
897.2306,-0.030411,0.001389,-0.030679,-0.038254,-0.244446,0.968903,-1.63466,1.06816,-0.937805,K01_L07_07,3.291046,3.711182
897.2416,-0.01527,0.001875,-0.031687,-0.015533,-0.244934,0.969406,-1.635621,1.07261,-0.920096,K01_L07_07,3.301392,3.70253
897.2526,-0.007794,0.002122,-0.032203,-0.006119,-0.2453,0.969421,-1.636016,1.074422,-0.912759,K01_L07_07,3.332947,3.702667
897.2747,-0.010154,0.002046,-0.032044,-0.008286,-0.244888,0.969513,-1.636081,1.075465,-0.913552,K01_L07_07,3.351608,3.672836
897.2969,-0.030039,0.001401,-0.030706,-0.033218,-0.246491,0.968567,-1.634912,1.068969,-0.932193,K01_L07_07,3.377289,3.70195
897.3191,-0.029995,0.00141,-0.030725,-0.033783,-0.245575,0.968781,-1.635148,1.071258,-0.931059,K01_L07_07,3.377502,3.702026
897.3414,-0.030213,0.001421,-0.030733,-0.035095,-0.249344,0.967773,-1.634763,1.066954,-0.931339,K01_L07_07,3.354279,3.700211
897.3636,-0.030262,0.001419,-0.03073,-0.035126,-0.249741,0.967667,-1.634646,1.065197,-0.930222,K01_L07_07,3.398514,3.710541
897.3859,-0.030252,0.001393,-0.030781,-0.043091,-0.261032,0.964356,-1.633159,1.050088,-0.935378,K01_L07_07,3.407242,3.813156
897.408,-0.030273,0.000983,-0.03074,-0.041641,-0.326798,0.944168,-1.626066,0.969286,-0.936338,K01_L07_07,3.389877,3.917694
897.4304,-0.030156,0.000938,-0.031028,-0.072586,-0.411606,0.908463,-1.580696,0.886198,-0.955222,K01_G01_05,-1,3.768738
897.4527,-0.030074,0.000851,-0.031283,-0.071136,-0.420227,0.904617,-1.572732,0.886198,-0.950696,K01_G01_05,-1,3.808823
897.4749,-0.030083,0.000822,-0.031153,-0.080017,-0.414597,0.906464,-1.576746,0.886198,-0.960175,K01_G01_05,-1,3.858673
897.4969,-0.030087,0.000817,-0.031184,-0.075333,-0.408981,0.909409,-1.583114,0.886198,-0.958318,K01_G01_05,-1,3.88063
897.519,-0.030089,0.000815,-0.031121,-0.076813,-0.412827,0.907547,-1.577673,0.886198,-0.958955,K01_G01_05,-1,3.882843
897.5413,-0.030103,0.000798,-0.031103,-0.079865,-0.41066,0.908279,-1.577428,0.886198,-0.961695,K01_G01_05,-1,3.883301
897.5634,-0.030109,0.000796,-0.031101,-0.079391,-0.410034,0.9086,-1.573875,0.886198,-0.959779,K01_G01_05,-1,3.883377
897.5857,-0.030117,0.00079,-0.031083,-0.080215,-0.403427,0.911469,-1.574766,0.886198,-0.959843,K01_G01_05,4.036606,3.894653
897.6079,-0.030125,0.000783,-0.031053,-0.076141,-0.401398,0.91272,-1.572019,0.886198,-0.953867,K01_G01_05,-1,3.896347
897.6302,-0.030147,0.000852,-0.031088,-0.087128,-0.400909,0.911957,-1.564012,0.886198,-0.960673,K01_G01_05,-1,3.848602
897.6526,-0.030143,0.000852,-0.031064,-0.08725,-0.402313,0.911331,-1.556673,0.886198,-0.958023,K01_G01_05,-1,3.830826
897.6747,-0.030138,0.000854,-0.031047,-0.08609,-0.400101,0.912399,-1.551984,0.886198,-0.953526,K01_G01_05,-1,3.817322
897.6971,-0.030131,0.000855,-0.031022,-0.084106,-0.397659,0.913651,-1.546365,0.886198,-0.947427,K01_G01_05,4.114075,3.789185
897.7192,-0.030131,0.000865,-0.031037,-0.084137,-0.39653,0.914139,-1.542018,0.886198,-0.944801,K01_G01_05,4.022949,3.813034
897.7415,-0.030122,0.000944,-0.030982,-0.089798,-0.371216,0.924179,-1.565914,0.886198,-0.957261,K01_G01_05,-1,3.865005
897.7636,-0.030492,0.001107,-0.031514,0.000275,-0.416306,0.90921,-1.541934,0.886198,-0.867595,K01_G01_05,-1,3.454224
897.7858,-0.030637,0.001147,-0.031751,0.025848,-0.421417,0.906479,-1.543269,0.886198,-0.84507,K01_G01_05,-1,3.484146
897.8082,-0.030642,0.001105,-0.031637,0.009613,-0.391647,0.920059,-1.570664,0.886198,-0.866225,K01_G01_05,-1,3.49968
897.8303,-0.030644,0.001094,-0.031616,0.009003,-0.397797,0.917419,-1.564067,0.886198,-0.862962,K01_G01_05,-1,3.531967
897.8524,-0.030649,0.001074,-0.031506,0.011673,-0.402649,0.915268,-1.557619,0.886198,-0.856142,K01_G01_05,4.014359,3.565765
897.8748,-0.030652,0.00105,-0.031502,0.01088,-0.399643,0.916596,-1.556705,0.886198,-0.853806,K01_G01_05,3.24646,3.623611
897.897,-0.030652,0.001044,-0.031502,0.011108,-0.412201,0.911011,-1.539124,0.886198,-0.844995,K01_G01_05,-1,3.576309
897.9192,-0.030652,0.001004,-0.03149,0.010544,-0.40538,0.914078,-1.540738,0.886198,-0.841469,K01_G01_05,-1,3.629944
897.9414,-0.030652,0.000992,-0.031471,0.001541,-0.404999,0.914307,-1.533235,0.886198,-0.843695,K01_G01_05,-1,3.629807
897.9635,-0.030648,0.000992,-0.031443,0.000534,-0.404144,0.914688,-1.528298,0.886198,-0.840173,K01_G01_05,3.50145,3.630753
897.9857,-0.030644,0.000992,-0.031443,-0.003098,-0.404144,0.914673,-1.522798,0.886198,-0.838881,K01_G01_05,-1,3.60321
898.0079,-0.030637,0.001,-0.031438,-0.002777,-0.388733,0.921341,-1.535903,0.886198,-0.8382,K01_G01_05,3.692993,3.609421
898.0302,-0.030634,0.001046,-0.031432,-0.004501,-0.37146,0.928436,-1.551545,0.886198,-0.839151,K01_G01_05,3.410721,3.620239
898.0524,-0.030634,0.001078,-0.031432,-0.007034,-0.372574,0.927963,-1.547001,0.886198,-0.835783,K01_G01_05,3.48848,3.620804
898.0746,-0.030883,0.001105,-0.031502,0.075409,-0.355698,0.931534,-1.575157,0.886198,-0.761167,K01_G01_05,3.369064,3.685898
898.0969,-0.030854,0.001094,-0.031446,0.074188,-0.351654,0.933167,-1.575353,0.886198,-0.755915,K01_G01_05,-1,3.642502
898.119,-0.030835,0.00106,-0.031189,0.058975,-0.338913,0.93895,-1.582369,0.886198,-0.76362,K01_G01_05,4.165268,3.710541
898.1412,-0.03083,0.001071,-0.031216,0.052872,-0.345154,0.937042,-1.565686,0.886198,-0.759331,K01_G01_05,4.046051,3.656967
898.1636,-0.030804,0.001111,-0.031283,0.040955,-0.353104,0.934677,-1.547751,0.886198,-0.760496,K01_G01_05,4.000046,3.426727
898.1857,-0.030751,0.001108,-0.031034,0.027328,-0.325775,0.945038,-1.57409,0.886198,-0.772423,K01_G01_05,3.547073,3.627777
898.2079,-0.030728,0.001194,-0.031146,0.027695,-0.316101,0.948319,-1.578808,0.886198,-0.765211,K01_G01_05,3.620804,3.56076
898.2191,-0.030698,0.001197,-0.031037,0.019226,-0.298279,0.954285,-1.594999,0.886198,-0.771114,K01_G01_05,3.349976,3.604752
898.2302,-0.030698,0.001197,-0.031037,0.019226,-0.298279,0.954285,-1.59089,0.886198,-0.767051,K01_G01_05,3.349976,3.604752
898.2412,-0.030662,0.001215,-0.030984,0.023178,-0.273972,0.961456,-1.617031,0.886198,-0.762562,K01_G01_05,3.807083,3.572205
898.2524,-0.030633,0.001182,-0.030763,0.017624,-0.268951,0.962982,-1.618421,0.886198,-0.764212,K01_G01_05,4.049057,3.729202
898.2634,-0.030616,0.001259,-0.030876,0.005569,-0.269653,0.962936,-1.612435,0.886198,-0.771702,K01_G01_05,4.118103,3.732788
898.2745,-0.030616,0.001259,-0.030876,0.005569,-0.269653,0.962936,-1.608328,0.886198,-0.767944,K01_G01_05,4.118103,3.732788
898.2855,-0.030584,0.00131,-0.030918,0.001999,-0.269974,0.96286,-1.603953,0.886198,-0.767554,K01_G01_05,2.967224,3.757294
898.2967,-0.030554,0.001369,-0.030963,-0.002975,-0.276184,0.96109,-1.592702,0.886198,-0.768012,K01_G01_05,3.159073,3.825958
898.3079,-0.030554,0.001369,-0.030963,-0.002975,-0.276184,0.96109,-1.589472,0.886198,-0.764611,K01_G01_05,3.159073,3.825958
898.3188,-0.030529,0.001424,-0.03094,-0.006516,-0.270371,0.962723,-1.593306,0.886198,-0.765234,K01_G01_05,3.353195,3.767685
898.3301,-0.030518,0.001431,-0.030862,-0.00975,-0.273087,0.961929,-1.586324,0.886198,-0.76487,K01_G01_05,3.323593,3.731888
898.3411,-0.030518,0.001431,-0.030862,-0.00975,-0.273087,0.961929,-1.582443,0.886198,-0.761641,K01_G01_05,3.323593,3.731888
898.3522,-0.030493,0.001499,-0.030937,-0.017273,-0.288071,0.957443,-1.559454,0.886198,-0.764441,K01_G01_05,3.518219,3.56073
898.3633,-0.03047,0.001502,-0.030848,-0.018784,-0.266739,0.963577,-1.581473,0.886198,-0.765303,K01_G01_05,3.321014,3.75943
898.3745,-0.030444,0.001477,-0.030707,-0.033386,-0.266449,0.963257,-1.576756,0.886198,-0.776865,K01_G01_05,3.000214,3.7146
898.3856,-0.030444,0.001477,-0.030707,-0.033386,-0.266449,0.963257,-1.572858,0.886198,-0.774637,K01_G01_05,3.000214,3.7146
898.3967,-0.03042,0.001476,-0.030664,-0.037567,-0.26239,0.964218,-1.575093,0.886198,-0.776906,K01_G01_05,3.536591,3.640961
898.4078,-0.030403,0.001488,-0.030611,-0.027786,-0.227188,0.97345,-1.618383,0.886198,-0.76899,K01_G01_05,3.618469,3.661667
898.4189,-0.030403,0.001488,-0.030611,-0.027786,-0.227188,0.97345,-1.616468,0.886198,-0.766974,K01_G01_05,3.618469,3.661667
898.4299,-0.030384,0.001526,-0.030673,-0.03009,-0.221085,0.974777,-1.623072,0.886198,-0.767771,K01_G01_05,3.421799,3.712173
898.4412,-0.030373,0.001525,-0.030624,-0.033051,-0.217316,0.975525,-1.624425,0.888637,-0.768942,K01_L07_07,3.281845,3.771637
898.4522,-0.030373,0.001525,-0.030624,-0.033051,-0.217316,0.975525,-1.624284,0.886415,-0.767304,K01_L07_07,3.281845,3.771637
898.4633,-0.030366,0.001537,-0.030652,-0.036667,-0.218231,0.975205,-1.621713,0.886198,-0.769079,K01_G01_05,3.447052,3.766586
898.4745,-0.030361,0.001548,-0.030679,-0.03688,-0.218124,0.97522,-1.620237,0.886198,-0.76754,K01_G01_05,3.562927,3.779877
898.4855,-0.030359,0.001552,-0.030676,-0.03743,-0.21843,0.975128,-1.618133,0.886198,-0.766355,K01_G01_05,3.357376,3.783524
898.4966,-0.030359,0.001552,-0.030676,-0.03743,-0.21843,0.975128,-1.617196,0.886198,-0.764658,K01_G01_05,3.357376,3.783524
898.5079,-0.030353,0.001562,-0.030685,-0.039474,-0.218445,0.975037,-1.615993,0.886198,-0.765116,K01_G01_05,-1,3.774857
898.5188,-0.030344,0.001563,-0.030688,-0.043213,-0.217545,0.975082,-1.616173,0.886198,-0.767633,K01_G01_05,3.583496,3.774719
898.5301,-0.030344,0.001563,-0.030688,-0.043213,-0.217545,0.975082,-1.61526,0.886198,-0.766317,K01_G01_05,3.583496,3.774719
898.541,-0.030336,0.001574,-0.030743,-0.043564,-0.21402,0.975845,-1.620044,0.886198,-0.7659,K01_G01_05,3.430328,3.77356
898.5521,-0.030334,0.001599,-0.030805,-0.044113,-0.212784,0.97609,-1.62208,0.886198,-0.765508,K01_G01_05,3.466949,3.771927
898.5638,-0.030307,0.001599,-0.030805,-0.045013,-0.209015,0.976868,-1.624617,0.889478,-0.765283,K01_L07_07,3.464264,3.772781
898.5745,-0.030307,0.001599,-0.030805,-0.045013,-0.209015,0.976868,-1.624654,0.88944,-0.76404,K01_L07_07,3.464264,3.772781
898.5854,-0.030289,0.001599,-0.030805,-0.047623,-0.19841,0.978958,-1.625899,0.904182,-0.765388,K01_L07_07,3.464539,3.784424
898.5966,-0.005424,0.002297,-0.032236,-0.020035,-0.206513,0.978226,-1.625737,0.891788,-0.736862,K01_L07_07,3.46524,3.772873
898.6079,-0.005424,0.002297,-0.032236,-0.020035,-0.206513,0.978226,-1.625775,0.891805,-0.735718,K01_L07_07,3.46524,3.772873
898.6187,-0.003151,0.002361,-0.03237,-0.01889,-0.207016,0.978149,-1.625778,0.890963,-0.73337,K01_L07_07,3.481857,3.771378
898.6302,-0.00383,0.00234,-0.032322,-0.021271,-0.206177,0.978272,-1.625878,0.892509,-0.734458,K01_L07_07,3.480865,3.774231
898.6412,0.000456,0.002472,-0.032604,-0.020706,-0.207733,0.977951,-1.625715,0.890086,-0.732932,K01_L07_07,3.481506,3.772171
898.6521,0.000456,0.002472,-0.032604,-0.020706,-0.207733,0.977951,-1.625713,0.889641,-0.731791,K01_L07_07,3.481506,3.772171
898.6633,0.000865,0.002484,-0.032627,-0.022354,-0.207016,0.978073,-1.625735,0.88999,-0.732057,K01_L07_07,3.478531,3.749573
898.6744,-0.030221,0.00159,-0.030769,-0.057785,-0.195145,0.979065,-1.626069,0.906625,-0.766726,K01_L07_07,3.470184,3.73465
898.6855,-0.030221,0.00159,-0.030769,-0.057785,-0.195145,0.979065,-1.625985,0.905388,-0.765974,K01_L07_07,3.470184,3.73465
898.6967,-0.030216,0.001593,-0.030772,-0.060181,-0.195419,0.978867,-1.625792,0.903857,-0.767824,K01_L07_07,3.468918,3.734055
898.7077,-0.030208,0.001599,-0.030799,-0.06015,-0.193802,0.979187,-1.625901,0.904719,-0.766754,K01_L07_07,3.463074,3.733475
898.7188,-0.030208,0.001599,-0.030799,-0.06015,-0.193802,0.979187,-1.625797,0.903293,-0.766138,K01_L07_07,3.463074,3.733475
898.73,-0.030198,0.001605,-0.0308,-0.063568,-0.196381,0.978455,-1.625247,0.898394,-0.769912,K01_L07_07,3.453827,3.732208
898.7409,-0.030188,0.001606,-0.0308,-0.063034,-0.196808,0.978409,-1.625131,0.896694,-0.768898,K01_L07_07,3.416016,3.726974
898.7521,0.003297,0.002567,-0.032909,-0.030426,-0.199936,0.979324,-1.625715,0.890323,-0.733593,K01_L07_07,3.395859,3.722046
898.7631,0.003297,0.002567,-0.032909,-0.030426,-0.199936,0.979324,-1.625659,0.889465,-0.732993,K01_L07_07,3.395859,3.722046
898.7742,0.003617,0.002575,-0.032916,-0.031677,-0.199768,0.979324,-1.62555,0.8886,-0.734025,K01_L07_07,3.393005,3.71965
898.7853,0.005702,0.002633,-0.033017,-0.029709,-0.200485,0.979233,-1.625472,0.886831,-0.731654,K01_L07_07,3.374741,3.716614
898.7966,0.005702,0.002633,-0.033017,-0.029709,-0.200485,0.979233,-1.625125,0.886198,-0.731484,K01_G01_05,3.374741,3.716614
898.8076,0.002482,0.00254,-0.032781,-0.034424,-0.198593,0.979462,-1.625376,0.887612,-0.736732,K01_L07_07,3.363541,3.684982
898.8187,0.000581,0.002482,-0.03263,-0.037201,-0.198074,0.979477,-1.625304,0.887876,-0.739681,K01_L07_07,3.368942,3.68454
898.8298,0.000581,0.002482,-0.03263,-0.037201,-0.198074,0.979477,-1.625255,0.887434,-0.740018,K01_L07_07,3.368942,3.68454
898.841,-0.029865,0.001615,-0.030762,-0.071533,-0.190674,0.979034,-1.624914,0.897687,-0.77829,K01_L07_07,2.778412,3.669754
898.852,-0.030165,0.001602,-0.030711,-0.071381,-0.191559,0.978867,-1.624681,0.895371,-0.779255,K01_L07_07,3.245941,3.656937
898.8633,-0.030159,0.001578,-0.030621,-0.070572,-0.18988,0.979263,-2.634873,0,-1.123193,Ground,3.230591,3.643265
898.8743,-0.030159,0.001578,-0.030621,-0.070572,-0.18988,0.979263,-2.635443,0,-1.130537,Ground,3.230591,3.643265
898.8853,-0.030162,0.001644,-0.030581,-0.072983,-0.17955,0.981033,-2.674866,0,-1.15182,Ground,3.195236,3.557159
898.8966,-0.030166,0.001652,-0.030613,-0.070023,-0.177338,0.981644,-2.681722,0,-1.15264,Ground,3.196121,3.490417
898.9076,-0.030166,0.001652,-0.030613,-0.070023,-0.177338,0.981644,-2.677863,0,-1.159487,Ground,3.196121,3.490417
898.9186,-0.030165,0.001633,-0.030578,-0.066925,-0.178238,0.981705,-2.667614,0,-1.156388,Ground,3.046326,3.491043
898.9297,0.00293,0.002577,-0.032568,-0.038666,-0.190964,0.98082,-2.615019,0,-1.077859,Ground,3.114288,3.492416
898.9409,0.00293,0.002577,-0.032568,-0.038666,-0.190964,0.98082,-2.609486,0,-1.084084,Ground,3.114288,3.492416
898.952,0.002408,0.002589,-0.03263,-0.035629,-0.188141,0.981491,-2.617105,0,-1.083821,Ground,3.059464,3.428207
898.963,0.001444,0.002577,-0.03261,-0.033524,-0.185043,0.982147,-2.628237,0,-1.08729,Ground,2.96048,3.385544
898.9742,0.007342,0.002787,-0.033036,-0.02713,-0.186859,0.98201,-2.623619,0,-1.075445,Ground,2.957077,3.374512
898.9854,0.007342,0.002787,-0.033036,-0.02713,-0.186859,0.98201,-2.623851,0,-1.081123,Ground,2.957077,3.374512
898.9965,0.006961,0.002846,-0.033115,-0.023422,-0.170502,0.985077,-2.693955,0,-1.092791,Ground,2.964188,3.215866
899.0075,0.001427,0.002817,-0.032994,-0.03653,-0.154846,0.987259,-2.759142,0,-1.149608,Ground,2.924728,3.262665
899.0186,0.001427,0.002817,-0.032994,-0.03653,-0.154846,0.987259,-2.759614,0,-1.156084,Ground,2.924728,3.262665
899.0297,0.002285,0.003039,-0.032882,-0.095047,-0.096771,0.990753,-3.024977,0,-1.409607,Ground,2.97052,3.138214
899.0408,0.02265,0.003659,-0.033534,-0.104462,-0.052719,0.993118,-3.268396,0,-1.522983,Ground,2.967514,3.141937
899.0519,0.02265,0.003659,-0.033534,-0.104462,-0.052719,0.993118,-3.267906,0,-1.530193,Ground,2.967514,3.141937
899.063,0.033416,0.0042,-0.034879,-0.08905,-0.036575,0.995346,-3.371481,0,-1.515538,Ground,2.945236,3.190765
899.0742,0.031927,0.004093,-0.034701,-0.096161,-0.035385,0.994721,-3.385625,0,-1.551392,Ground,2.998032,3.197342
899.0852,0.020154,0.003731,-0.033877,-0.099777,-0.021255,0.994766,-3.493204,0,-1.604226,Ground,2.938934,3.157257
899.0963,0.020154,0.003731,-0.033877,-0.099777,-0.021255,0.994766,-3.508673,0,-1.613677,Ground,2.938934,3.157257
899.1075,0.005626,0.003271,-0.032759,-0.106476,-0.023849,0.994019,-3.511723,0,-1.643571,Ground,2.946121,3.053543
899.1185,0.002453,0.00316,-0.032492,-0.110931,-0.025131,0.9935,-3.522318,0,-1.668823,Ground,2.990601,3.00206
899.1296,0.002453,0.00316,-0.032492,-0.110931,-0.025131,0.9935,-3.544312,0,-1.682598,Ground,2.990601,3.00206
899.1408,0.007624,0.003339,-0.032981,-0.108353,-0.016479,0.993973,-3.632644,0,-1.70828,Ground,2.931091,3.018555
899.1519,0.00708,0.003345,-0.033039,-0.107376,-0.023743,0.993927,-3.608685,0,-1.703208,Ground,2.890854,2.906006
899.163,0.00708,0.003345,-0.033039,-0.107376,-0.023743,0.993927,-3.64037,0,-1.720874,Ground,2.890854,2.906006
899.1741,0.00251,0.003147,-0.032537,-0.109375,-0.021896,0.993744,-3.688868,0,-1.753758,Ground,2.71756,2.969971
899.1851,0.002458,0.003119,-0.0325,-0.108582,-0.023697,0.99379,-3.709837,0,-1.766228,Ground,2.790924,2.970016
899.1965,0.006314,0.00305,-0.032251,-0.104523,-0.032944,0.993973,-3.673477,0,-1.745496,Ground,2.802383,2.926331
899.2074,0.006314,0.00305,-0.032251,-0.104523,-0.032944,0.993973,-3.712338,0,-1.767057,Ground,2.802383,2.926331
899.2186,0.011014,0.003142,-0.032569,-0.098648,-0.036804,0.994431,-3.721008,0,-1.753085,Ground,2.840027,2.836487
899.2296,0.013796,0.003204,-0.032811,-0.100739,-0.046371,0.99382,-3.689872,0,-1.757629,Ground,2.827255,2.796951
899.2408,0.013796,0.003204,-0.032811,-0.100739,-0.046371,0.99382,-3.734972,0,-1.780753,Ground,2.827255,2.796951
899.2518,0.019186,0.003325,-0.033152,-0.091812,-0.052841,0.99437,-3.729907,0,-1.747561,Ground,2.792282,2.861786
899.2629,0.027604,0.00348,-0.033604,-0.090164,-0.063766,0.993881,-3.685919,0,-1.729589,Ground,2.698135,2.802719
899.274,0.027604,0.00348,-0.033604,-0.090164,-0.063766,0.993881,-3.727237,0,-1.749098,Ground,2.698135,2.802719
899.285,0.0333,0.003743,-0.034556,-0.078415,-0.058289,0.995209,-3.818957,0,-1.737471,Ground,2.679001,2.85022
899.2963,0.032714,0.003698,-0.034508,-0.079178,-0.069427,0.994431,-3.770284,0,-1.72647,Ground,2.678864,2.852921
899.3073,0.028904,0.003582,-0.034288,-0.077194,-0.079849,0.993805,-3.730507,0,-1.70476,Ground,2.719131,2.829834
899.3185,0.028904,0.003582,-0.034288,-0.077194,-0.079849,0.993805,-3.778,0,-1.722895,Ground,2.719131,2.829834
899.3298,0.021383,0.003341,-0.033721,-0.078903,-0.084839,0.993256,-3.785727,0,-1.732063,Ground,2.546051,2.898499
899.3407,0.018975,0.003448,-0.033421,-0.040176,-0.028732,0.998779,-4.406971,0,-1.770463,Ground,2.695908,2.730225
899.3518,0.018975,0.003448,-0.033421,-0.040176,-0.028732,0.998779,-4.490044,0,-1.793176,Ground,2.695908,2.730225
899.3629,-0.01308,0.00307,-0.031812,0.007355,0.062439,0.998016,-6.002655,0,-1.976233,Ground,2.542206,2.792892
