time,head_pos_x,head_pos_y,head_pos_z,head_rot_x,head_rot_y,head_rot_z,left_pos_x,left_pos_y,left_pos_z,left_rot_x,left_rot_y,left_rot_z,right_pos_x,right_pos_y,right_pos_z,right_rot_x,right_rot_y,right_rot_z,grab_force,grab,trigger
612.85,-0.025408,1.400261,-0.168206,70.50901,182.84,2.676105,0,0,0,0,0,0,-0.190787,1.071329,-0.227395,345.1633,190.7586,342.2758,0,False,False
612.8614,-0.024578,1.400195,-0.167274,70.55693,182.6353,2.549108,0,0,0,0,0,0,-0.191742,1.071151,-0.226777,345.4685,191.7326,341.5009,0,False,False
612.8723,-0.023782,1.400092,-0.166341,70.61214,182.399,2.384422,0,0,0,0,0,0,-0.19274,1.071222,-0.226235,345.65,192.6804,340.8625,0,False,False
612.8834,-0.022909,1.400072,-0.165363,70.66296,182.1717,2.229273,0,0,0,0,0,0,-0.193536,1.071371,-0.225525,345.7542,193.559,340.379,0,False,False
612.8946,-0.022049,1.400073,-0.164396,70.7067,181.9402,2.093514,0,0,0,0,0,0,-0.193988,1.072392,-0.224458,345.4333,194.3171,340.3453,0,False,False
612.9056,-0.021132,1.400163,-0.163536,70.71579,181.6639,1.918476,0,0,0,0,0,0,-0.194205,1.073141,-0.223526,345.1966,194.9438,340.3236,0,False,False
612.9166,-0.020238,1.400242,-0.162547,70.69233,181.4413,1.796134,0,0,0,0,0,0,-0.193857,1.074433,-0.222562,344.7028,195.2247,340.748,0,False,False
612.9277,-0.01936,1.400347,-0.161675,70.66675,181.1844,1.640989,0,0,0,0,0,0,-0.193038,1.075923,-0.221646,344.0729,195.2672,341.3438,0,False,False
612.9391,-0.018431,1.400622,-0.160761,70.63378,180.9647,1.536488,0,0,0,0,0,0,-0.192116,1.077436,-0.220809,343.4693,195.2722,341.8246,0,False,False
612.95,-0.017596,1.400803,-0.159893,70.57996,180.6839,1.388382,0,0,0,0,0,0,-0.190829,1.079189,-0.220062,342.7669,194.9778,342.251,0,False,False
612.961,-0.016658,1.401103,-0.158987,70.52312,180.4378,1.285846,0,0,0,0,0,0,-0.189353,1.080894,-0.219235,342.0571,194.5619,342.495,0,False,False
612.9722,-0.015775,1.401391,-0.158144,70.42548,180.162,1.185768,0,0,0,0,0,0,-0.18764,1.082694,-0.218437,341.3694,194.0769,342.6176,0,False,False
612.9833,-0.014885,1.401722,-0.157215,70.34,179.8934,1.084236,0,0,0,0,0,0,-0.186147,1.084362,-0.21758,340.7385,193.6915,342.7537,0,False,False
612.9943,-0.014007,1.402058,-0.156342,70.2395,179.6027,0.984642,0,0,0,0,0,0,-0.184626,1.086016,-0.216721,340.1217,193.2,342.8377,0,False,False
613.0057,-0.013154,1.40238,-0.155531,70.13928,179.3158,0.898123,0,0,0,0,0,0,-0.182946,1.087446,-0.215976,339.5431,192.7211,342.96,0,False,False
613.0166,-0.012336,1.402724,-0.154743,70.02019,179.0334,0.814407,0,0,0,0,0,0,-0.181435,1.088917,-0.2152,338.9852,192.3354,343.1342,0,False,False
613.0276,-0.011445,1.403159,-0.15384,69.91309,178.7745,0.730378,0,0,0,0,0,0,-0.179912,1.090046,-0.214595,338.5529,191.9173,343.3594,0,False,False
613.0388,-0.010655,1.403578,-0.153036,69.79004,178.5152,0.625229,0,0,0,0,0,0,-0.178485,1.091038,-0.214179,338.2437,191.4862,343.6939,0,False,False
613.0499,-0.009981,1.403955,-0.15227,69.66203,178.2737,0.542477,0,0,0,0,0,0,-0.177081,1.091626,-0.213722,338.0536,191.063,344.0487,0,False,False
613.061,-0.009261,1.40431,-0.151496,69.53351,178.04,0.430678,0,0,0,0,0,0,-0.175768,1.09206,-0.213444,337.9306,190.6777,344.3362,0,False,False
613.0722,-0.008593,1.404746,-0.150747,69.43098,177.8121,0.304829,0,0,0,0,0,0,-0.17445,1.092371,-0.213109,337.8229,190.357,344.5229,0,False,False
613.0833,-0.007947,1.405164,-0.150041,69.32913,177.6281,0.195275,0,0,0,0,0,0,-0.1733,1.092511,-0.212754,337.7529,190.0903,344.672,0,False,False
613.0943,-0.007409,1.405586,-0.14929,69.22588,177.4277,0.054188,0,0,0,0,0,0,-0.172208,1.09278,-0.212347,337.6486,189.8411,344.8155,0,False,False
613.1056,-0.006907,1.406083,-0.148628,69.11798,177.271,359.9383,0,0,0,0,0,0,-0.171233,1.092874,-0.211911,337.6025,189.7061,344.8615,0,False,False
613.1166,-0.006483,1.406553,-0.147981,69.00102,177.1351,359.82,0,0,0,0,0,0,-0.170492,1.092845,-0.211477,337.5433,189.6743,344.7667,0,False,False
613.1278,-0.006037,1.407087,-0.147381,68.87125,177.0269,359.731,0,0,0,0,0,0,-0.169964,1.092937,-0.210975,337.4667,189.7569,344.5425,0,False,False
613.1389,-0.005704,1.407602,-0.146801,68.72704,176.958,359.6839,0,0,0,0,0,0,-0.169546,1.093078,-0.210488,337.3884,189.8643,344.3197,0,False,False
613.1499,-0.006021,1.407617,-0.145315,68.56763,176.8663,359.6376,0,0,0,0,0,0,-0.169438,1.093025,-0.210025,337.3557,190.0979,344.0469,0,False,False
613.1611,-0.005777,1.408252,-0.144851,68.41058,176.8139,359.6194,0,0,0,0,0,0,-0.169315,1.093109,-0.209564,337.3742,190.3711,343.8001,0,False,False
613.1721,-0.005604,1.408834,-0.144309,68.21795,176.7986,359.6257,0,0,0,0,0,0,-0.169076,1.093122,-0.209154,337.399,190.5826,343.6041,0,False,False
613.1832,-0.005351,1.409766,-0.144003,68.03762,176.7588,359.6191,0,0,0,0,0,0,-0.169072,1.093157,-0.208701,337.496,190.8653,343.3496,0,False,False
613.1943,-0.005213,1.410452,-0.143515,67.83165,176.7769,359.6586,0,0,0,0,0,0,-0.169132,1.093203,-0.208417,337.6308,191.1263,343.0619,0,False,False
613.2054,-0.00505,1.411278,-0.143038,67.60352,176.7764,359.6945,0,0,0,0,0,0,-0.169203,1.09326,-0.20821,337.7439,191.3302,342.7606,0,False,False
613.2166,-0.004887,1.412122,-0.142566,67.38528,176.8349,359.7769,0,0,0,0,0,0,-0.169202,1.093345,-0.207945,337.8525,191.5208,342.5012,0,False,False
613.2275,-0.004759,1.413061,-0.141926,67.14565,176.9234,359.9172,0,0,0,0,0,0,-0.169305,1.093376,-0.20782,337.953,191.6367,342.3736,0,False,False
613.2388,-0.004491,1.414114,-0.141286,66.8821,177.0075,0.04691,0,0,0,0,0,0,-0.169198,1.093572,-0.207662,338.0031,191.6937,342.3907,0,False,False
613.2498,-0.004261,1.415151,-0.140681,66.61729,177.0868,0.197181,0,0,0,0,0,0,-0.169098,1.093784,-0.207494,338.0045,191.7534,342.3977,0,False,False
613.2609,-0.003954,1.416388,-0.14023,66.31668,177.1762,0.403676,0,0,0,0,0,0,-0.168966,1.094221,-0.207388,337.9181,191.6855,342.5469,0,False,False
613.2721,-0.003662,1.417609,-0.139703,65.98656,177.2162,0.576414,0,0,0,0,0,0,-0.168589,1.09486,-0.207418,337.731,191.4913,342.8508,0,False,False
613.2832,-0.003227,1.419028,-0.139321,65.60366,177.2653,0.810661,0,0,0,0,0,0,-0.168127,1.095416,-0.207412,337.5958,191.3741,343.0606,0,False,False
613.2943,-0.002795,1.420461,-0.138932,65.18711,177.2645,1.0243,0,0,0,0,0,0,-0.167675,1.096071,-0.207452,337.3687,191.178,343.3443,0,False,False
613.3054,-0.002257,1.421849,-0.138579,64.7542,177.2447,1.22942,0,0,0,0,0,0,-0.167146,1.096806,-0.207369,337.1104,191.022,343.5748,0,False,False
613.3165,-0.00166,1.423335,-0.138106,64.2703,177.2006,1.458434,0,0,0,0,0,0,-0.166656,1.09747,-0.207455,336.8815,190.9127,343.7409,0,False,False
613.3276,-0.000947,1.424959,-0.137652,63.78992,177.1371,1.686504,0,0,0,0,0,0,-0.16618,1.098187,-0.207643,336.669,190.8286,343.8782,0,False,False
613.3388,-0.000088,1.426748,-0.137315,63.27077,177.0338,1.922573,0,0,0,0,0,0,-0.165709,1.09895,-0.207948,336.4732,190.8218,343.9211,0,False,False
613.3498,0.00089,1.428601,-0.136966,62.71801,176.9088,2.154161,0,0,0,0,0,0,-0.165073,1.099598,-0.208468,336.3232,190.8392,343.935,0,False,False
613.361,0.002071,1.430751,-0.136876,62.06943,176.6571,2.336514,0,0,0,0,0,0,-0.164206,1.100198,-0.209173,336.208,190.7718,344.0551,0,False,False
613.372,0.003422,1.43279,-0.136647,61.35569,176.2935,2.46537,0,0,0,0,0,0,-0.162962,1.100546,-0.209969,336.1313,190.5912,344.312,0,False,False
613.3831,0.00471,1.434798,-0.136484,60.61292,175.9065,2.574473,0,0,0,0,0,0,-0.161362,1.100853,-0.211249,336.0671,190.2677,344.6611,0,False,False
613.3942,0.006403,1.436842,-0.136376,59.79123,175.3644,2.600485,0,0,0,0,0,0,-0.159938,1.101103,-0.212503,336.0182,189.8947,345.0154,0,False,False
613.4055,0.008185,1.439096,-0.136365,58.95984,174.8012,2.610127,0,0,0,0,0,0,-0.157601,1.101151,-0.214218,336.0181,189.2873,345.476,0,False,False
613.4164,0.010113,1.441313,-0.136252,58.07466,174.0715,2.519366,0,0,0,0,0,0,-0.155151,1.101173,-0.21594,335.9955,188.6356,345.7643,0,False,False
613.4276,0.012158,1.44351,-0.136101,57.17464,173.3297,2.404855,0,0,0,0,0,0,-0.152265,1.10107,-0.21787,335.9453,187.9176,345.9016,0,False,False
613.4387,0.014444,1.445917,-0.135993,56.2299,172.4897,2.255784,0,0,0,0,0,0,-0.149341,1.100974,-0.219824,335.8715,187.1989,346.0357,0,False,False
613.4497,0.016866,1.448162,-0.135859,55.24094,171.5966,2.074943,0,0,0,0,0,0,-0.145877,1.100748,-0.222146,335.7475,186.3572,346.1802,0,False,False
613.4609,0.019408,1.450413,-0.135675,54.27676,170.6998,1.911492,0,0,0,0,0,0,-0.142043,1.10068,-0.224606,335.5486,185.4817,346.448,0,False,False
613.472,0.022158,1.452747,-0.135285,53.2788,169.6769,1.685388,0,0,0,0,0,0,-0.138072,1.10049,-0.2271,335.2531,184.6198,346.7965,0,False,False
613.4831,0.025018,1.455088,-0.135014,52.2966,168.6524,1.467752,0,0,0,0,0,0,-0.133999,1.100426,-0.229546,334.916,183.7708,347.1578,0,False,False
613.4943,0.028178,1.457572,-0.134624,51.32618,167.5312,1.222267,0,0,0,0,0,0,-0.129447,1.100383,-0.232284,334.444,182.8821,347.5763,0,False,False
613.5055,0.031432,1.460089,-0.134071,50.35917,166.3814,0.98059,0,0,0,0,0,0,-0.124357,1.100469,-0.235188,333.9328,181.9362,348.0421,0,False,False
613.5164,0.034818,1.462594,-0.133314,49.41073,165.1225,0.657056,0,0,0,0,0,0,-0.119536,1.100617,-0.237966,333.4898,181.0261,348.4332,0,False,False
613.5275,0.038428,1.465338,-0.132672,48.43868,163.8222,0.339125,0,0,0,0,0,0,-0.113738,1.100968,-0.241164,332.9634,180.0212,348.7405,0,False,False
613.5386,0.042118,1.468101,-0.132007,47.40907,162.5126,0.006086,0,0,0,0,0,0,-0.107823,1.101512,-0.244421,332.5032,179.0216,348.756,0,False,False
613.5497,0.045849,1.470934,-0.131128,46.34079,161.1436,359.6651,0,0,0,0,0,0,-0.101277,1.10219,-0.24783,332.1364,177.949,348.5302,0,False,False
613.561,0.049657,1.473729,-0.130216,45.25272,159.7695,359.3174,0,0,0,0,0,0,-0.094416,1.103291,-0.25143,331.9026,176.7735,348.1454,0,False,False
613.5721,0.053651,1.476571,-0.129126,44.08407,158.3427,358.955,0,0,0,0,0,0,-0.087652,1.104335,-0.255003,331.6835,175.6126,347.8369,0,False,False
613.5831,0.057811,1.479418,-0.127969,42.92146,156.956,358.6176,0,0,0,0,0,0,-0.080322,1.106104,-0.258564,331.4773,174.4251,347.2465,0,False,False
613.5943,0.061919,1.482388,-0.126825,41.77952,155.4839,358.2481,0,0,0,0,0,0,-0.072675,1.10839,-0.261903,331.0944,173.2562,346.5798,0,False,False
613.6054,0.066069,1.485398,-0.125461,40.6613,154.0388,357.9301,0,0,0,0,0,0,-0.065133,1.110803,-0.264896,330.5464,172.1389,345.9111,0,False,False
613.6163,0.070187,1.488405,-0.124248,39.55014,152.6009,357.6182,0,0,0,0,0,0,-0.057546,1.113489,-0.267767,329.8709,171.0404,345.3274,0,False,False
613.6274,0.074311,1.491372,-0.122777,38.38861,151.1473,357.2999,0,0,0,0,0,0,-0.049862,1.116175,-0.270563,329.1378,169.9119,344.916,0,False,False
613.6385,0.078439,1.49439,-0.1214,37.27515,149.6909,357.0146,0,0,0,0,0,0,-0.041975,1.119133,-0.273312,328.3906,168.7601,344.5759,0,False,False
613.6497,0.082609,1.497633,-0.120029,36.26279,148.2126,356.7096,0,0,0,0,0,0,-0.033797,1.122278,-0.275881,327.599,167.5612,344.4044,0,False,False
613.6609,0.086788,1.50074,-0.118518,35.20391,146.7679,356.4478,0,0,0,0,0,0,-0.025513,1.125251,-0.278557,326.875,166.3225,344.2227,0,False,False
613.6719,0.090871,1.503869,-0.117049,34.11171,145.2906,356.1719,0,0,0,0,0,0,-0.016825,1.128219,-0.281042,326.2845,164.985,344.1924,0,False,False
613.683,0.094812,1.506863,-0.115451,32.92466,143.8241,355.9382,0,0,0,0,0,0,-0.008256,1.131156,-0.283682,325.751,163.6733,344.0083,0,False,False
613.6941,0.098732,1.509779,-0.113957,31.68816,142.3683,355.7767,0,0,0,0,0,0,0.000555,1.13396,-0.286198,325.3702,162.3366,343.7244,0,False,False
613.7051,0.102531,1.512624,-0.112314,30.41572,140.875,355.6339,0,0,0,0,0,0,0.009197,1.136689,-0.288594,325.0251,161.0983,343.2211,0,False,False
613.7162,0.106298,1.515353,-0.110672,29.13978,139.3548,355.5309,0,0,0,0,0,0,0.01754,1.139562,-0.290908,324.656,159.9371,342.6445,0,False,False
613.7274,0.109946,1.518009,-0.109044,27.84032,137.7638,355.4585,0,0,0,0,0,0,0.026061,1.142207,-0.292972,324.3746,158.9572,341.727,0,False,False
613.7386,0.113602,1.520554,-0.107336,26.52287,136.16,355.434,0,0,0,0,0,0,0.034501,1.144794,-0.295126,323.9974,157.8606,341.1205,0,False,False
613.7496,0.116959,1.522808,-0.105537,25.2097,134.5126,355.378,0,0,0,0,0,0,0.042637,1.146852,-0.29705,323.7401,157.0872,340.1667,0,False,False
613.7608,0.120231,1.525026,-0.103772,23.88586,132.8577,355.3116,0,0,0,0,0,0,0.051031,1.149407,-0.29918,323.4455,156.2144,339.3723,0,False,False
613.7717,0.12331,1.527095,-0.101836,22.56551,131.2425,355.2471,0,0,0,0,0,0,0.058954,1.151177,-0.300912,323.2197,155.4802,338.5694,0,False,False
613.7829,0.126104,1.528981,-0.099976,21.3296,129.5647,355.1833,0,0,0,0,0,0,0.066906,1.152662,-0.302463,323.0193,154.6474,337.8915,0,False,False
613.7941,0.128809,1.530822,-0.098075,20.19485,127.8857,355.1841,0,0,0,0,0,0,0.075025,1.154143,-0.304045,322.8647,153.7575,337.2737,0,False,False
613.8052,0.131328,1.532768,-0.096319,19.17194,126.1788,355.2356,0,0,0,0,0,0,0.083229,1.154982,-0.305244,322.8772,152.6582,336.9031,0,False,False
613.8163,0.133587,1.534575,-0.094596,18.18859,124.4923,355.3606,0,0,0,0,0,0,0.09147,1.156206,-0.306554,322.8194,151.5695,336.4749,0,False,False
613.8275,0.135512,1.536328,-0.092889,17.29609,122.7368,355.4983,0,0,0,0,0,0,0.099774,1.156761,-0.30751,322.8453,150.3991,336.1432,0,False,False
613.8386,0.137353,1.537872,-0.091198,16.42942,121.038,355.6551,0,0,0,0,0,0,0.107726,1.157446,-0.308588,322.85,149.2276,335.8572,0,False,False
613.8496,0.13884,1.539306,-0.089522,15.67311,119.3331,355.786,0,0,0,0,0,0,0.115592,1.157933,-0.309309,322.8262,148.0581,335.5895,0,False,False
613.8607,0.140132,1.540742,-0.088013,15.02631,117.6435,355.9064,0,0,0,0,0,0,0.123501,1.158131,-0.30964,322.848,146.7718,335.5829,0,False,False
613.8718,0.141335,1.542207,-0.086432,14.40044,115.9822,356.0493,0,0,0,0,0,0,0.131256,1.158378,-0.309881,322.835,145.5414,335.5653,0,False,False
613.8829,0.142111,1.543502,-0.085132,13.92293,114.3708,356.1125,0,0,0,0,0,0,0.138614,1.158639,-0.3101,322.8614,144.3057,335.7265,0,False,False
613.894,0.142851,1.544777,-0.083821,13.44604,112.7931,356.2019,0,0,0,0,0,0,0.145928,1.158658,-0.310106,322.887,143.1279,335.8049,0,False,False
613.9052,0.143254,1.545915,-0.082734,13.00707,111.2351,356.2384,0,0,0,0,0,0,0.152771,1.158524,-0.309866,322.9751,142.0146,335.9734,0,False,False
613.9163,0.143709,1.547172,-0.081599,12.54775,109.697,356.2947,0,0,0,0,0,0,0.159379,1.15831,-0.309697,323.1348,140.9612,336.0807,0,False,False
613.9274,0.143763,1.548305,-0.08083,12.10462,108.1898,356.3238,0,0,0,0,0,0,0.165758,1.158022,-0.30924,323.3067,140.0329,335.9877,0,False,False
613.9386,0.143668,1.549463,-0.08014,11.69169,106.7004,356.3667,0,0,0,0,0,0,0.17192,1.157555,-0.308868,323.5599,139.1651,335.634,0,False,False
613.9496,0.143536,1.550619,-0.07961,11.29585,105.2535,356.4027,0,0,0,0,0,0,0.178033,1.157126,-0.308436,323.8135,138.2963,335.2375,0,False,False
613.9607,0.143102,1.55168,-0.079326,10.88231,103.8631,356.4809,0,0,0,0,0,0,0.183855,1.156347,-0.307964,324.1801,137.4633,334.7104,0,False,False
613.9719,0.142681,1.552702,-0.079209,10.46155,102.501,356.5431,0,0,0,0,0,0,0.189654,1.155353,-0.307321,324.6186,136.5717,334.2233,0,False,False
613.9829,0.141987,1.553562,-0.079315,10.04159,101.2189,356.621,0,0,0,0,0,0,0.195245,1.154391,-0.306468,325.0967,135.7209,333.7238,0,False,False
613.994,0.141305,1.554355,-0.079554,9.617623,99.94976,356.6991,0,0,0,0,0,0,0.200605,1.153324,-0.305629,325.5527,134.84,333.3015,0,False,False
614.0052,0.140422,1.555072,-0.080059,9.208548,98.78332,356.7737,0,0,0,0,0,0,0.205876,1.152286,-0.304781,325.973,133.968,332.9088,0,False,False
614.0162,0.139505,1.555697,-0.080795,8.832939,97.67102,356.8637,0,0,0,0,0,0,0.210761,1.151077,-0.303795,326.3862,133.1309,332.4916,0,False,False
614.0274,0.138527,1.556177,-0.08162,8.487623,96.57526,356.9547,0,0,0,0,0,0,0.215511,1.149715,-0.302713,326.7979,132.2723,332.1028,0,False,False
614.0386,0.137472,1.55645,-0.082786,8.213375,95.58173,357.0193,0,0,0,0,0,0,0.220172,1.148405,-0.301542,327.2268,131.373,331.7637,0,False,False
614.0495,0.136352,1.55647,-0.084008,7.990729,94.6371,357.0691,0,0,0,0,0,0,0.224565,1.147181,-0.30037,327.6383,130.5112,331.4337,0,False,False
614.0607,0.135185,1.556326,-0.085521,7.864703,93.77216,357.0753,0,0,0,0,0,0,0.228742,1.145729,-0.299111,328.1058,129.5649,331.1376,0,False,False
614.0718,0.133891,1.556029,-0.087136,7.761858,92.93999,357.0853,0,0,0,0,0,0,0.233011,1.144459,-0.297818,328.5554,128.6496,330.8037,0,False,False
614.0829,0.1326,1.555644,-0.088941,7.718223,92.22536,357.0775,0,0,0,0,0,0,0.236947,1.143095,-0.296579,329.0469,127.7109,330.4435,0,False,False
614.0939,0.13131,1.555302,-0.090819,7.67434,91.52646,357.099,0,0,0,0,0,0,0.240671,1.141705,-0.295314,329.5361,126.7842,330.0181,0,False,False
614.105,0.129997,1.555113,-0.092865,7.659265,90.91035,357.1613,0,0,0,0,0,0,0.244313,1.140354,-0.294059,330.0214,125.8296,329.5672,0,False,False
614.1161,0.128598,1.554868,-0.095002,7.623103,90.33652,357.2242,0,0,0,0,0,0,0.247833,1.139064,-0.292764,330.4915,124.8898,329.1296,0,False,False
614.1272,0.127136,1.554601,-0.097143,7.539032,89.80056,357.3104,0,0,0,0,0,0,0.25101,1.13776,-0.291385,330.9624,123.8931,328.7129,0,False,False
614.1384,0.125585,1.554301,-0.099502,7.444572,89.34766,357.438,0,0,0,0,0,0,0.254077,1.13651,-0.29002,331.4112,122.8587,328.3911,0,False,False
614.1495,0.124039,1.554144,-0.101786,7.369363,88.91842,357.5702,0,0,0,0,0,0,0.256849,1.135293,-0.288662,331.8074,121.8663,328.0887,0,False,False
614.1605,0.122421,1.554248,-0.104171,7.327974,88.55962,357.7275,0,0,0,0,0,0,0.259501,1.134295,-0.287351,332.1758,120.8955,327.7978,0,False,False
614.1716,0.120755,1.554603,-0.106529,7.343623,88.22758,357.9036,0,0,0,0,0,0,0.261893,1.133312,-0.286169,332.5086,119.9121,327.6219,0,False,False
614.1827,0.119051,1.554995,-0.108852,7.30404,87.93529,358.0916,0,0,0,0,0,0,0.263976,1.13259,-0.284905,332.8116,118.8952,327.5601,0,False,False
614.1939,0.117253,1.55547,-0.11117,7.211438,87.70998,358.2593,0,0,0,0,0,0,0.265936,1.131986,-0.283661,333.1184,117.8122,327.6388,0,False,False
614.2051,0.115477,1.555975,-0.113462,7.050038,87.52241,358.421,0,0,0,0,0,0,0.267741,1.131571,-0.282413,333.4052,116.6873,327.8021,0,False,False
614.2161,0.113762,1.556591,-0.115671,6.894594,87.36392,358.5614,0,0,0,0,0,0,0.269431,1.131174,-0.281302,333.6674,115.6174,327.9391,0,False,False
614.2273,0.112153,1.557354,-0.117814,6.717649,87.26373,358.6902,0,0,0,0,0,0,0.270901,1.131032,-0.280262,333.8703,114.4633,328.1587,0,False,False
614.2383,0.110493,1.558105,-0.11997,6.497626,87.15483,358.8351,0,0,0,0,0,0,0.272118,1.131102,-0.279312,334.004,113.3419,328.3728,0,False,False
614.2494,0.10888,1.558922,-0.121973,6.278446,87.09737,359.0362,0,0,0,0,0,0,0.273243,1.131249,-0.278508,334.0763,112.1767,328.5972,0,False,False
614.2606,0.107243,1.559617,-0.124015,6.06178,87.03291,359.2291,0,0,0,0,0,0,0.274148,1.131423,-0.277642,334.1241,111.0509,328.8154,0,False,False
614.2717,0.105651,1.56028,-0.12595,5.837801,86.9988,359.427,0,0,0,0,0,0,0.274765,1.131818,-0.276941,334.051,109.9422,329.1298,0,False,False
614.2827,0.104148,1.560918,-0.127824,5.636256,86.97083,359.5646,0,0,0,0,0,0,0.275074,1.13245,-0.276459,333.9081,108.9114,329.4683,0,False,False
614.2939,0.102656,1.561517,-0.129617,5.454991,86.96738,359.6755,0,0,0,0,0,0,0.27529,1.133074,-0.276063,333.7148,107.8911,329.913,0,False,False
614.305,0.101191,1.562048,-0.13135,5.288104,86.96667,359.8181,0,0,0,0,0,0,0.275473,1.133722,-0.275758,333.5269,106.9163,330.3049,0,False,False
614.316,0.099758,1.562571,-0.133103,5.140999,86.95726,359.9515,0,0,0,0,0,0,0.275436,1.134332,-0.275648,333.284,106.004,330.7151,0,False,False
614.3273,0.098475,1.563094,-0.134613,5.035478,86.96698,0.102787,0,0,0,0,0,0,0.275273,1.13518,-0.275774,332.9997,105.1806,331.0842,0,False,False
614.3382,0.097166,1.563605,-0.136154,4.937815,86.96592,0.239455,0,0,0,0,0,0,0.275163,1.135899,-0.275909,332.7368,104.4112,331.4234,0,False,False
614.3494,0.095911,1.564042,-0.137556,4.898892,86.96497,0.386179,0,0,0,0,0,0,0.274747,1.136821,-0.276223,332.469,103.7873,331.704,0,False,False
614.3605,0.094631,1.56434,-0.138839,4.880028,86.93687,0.493817,0,0,0,0,0,0,0.274314,1.137567,-0.276847,332.2119,103.3405,331.7635,0,False,False
614.3716,0.093357,1.564613,-0.140116,4.89487,86.91119,0.626665,0,0,0,0,0,0,0.273797,1.138427,-0.277572,331.936,102.9501,331.5951,0,False,False
614.3827,0.092088,1.564814,-0.141204,4.962719,86.86832,0.758835,0,0,0,0,0,0,0.273258,1.139336,-0.278361,331.6785,102.5278,331.3108,0,False,False
614.394,0.090892,1.564972,-0.142291,5.043853,86.81134,0.851898,0,0,0,0,0,0,0.272634,1.140174,-0.27906,331.4163,102.0617,331.076,0,False,False
614.4053,0.089753,1.564966,-0.143156,5.141765,86.74692,0.899914,0,0,0,0,0,0,0.271594,1.140592,-0.279888,331.1247,101.5546,330.9214,0,False,False
614.4161,0.088636,1.565012,-0.143906,5.257532,86.66929,0.93736,0,0,0,0,0,0,0.270953,1.141475,-0.280372,330.8139,101.0331,330.8486,0,False,False
614.4272,0.087597,1.564944,-0.14469,5.38216,86.59519,0.990911,0,0,0,0,0,0,0.270375,1.142303,-0.280765,330.4975,100.5019,330.7838,0.058824,False,False
614.4382,0.086568,1.564903,-0.145284,5.523845,86.50518,1.050361,0,0,0,0,0,0,0.269645,1.143555,-0.281203,329.9289,100.1363,330.8542,0.286275,False,True
614.4493,0.085637,1.564775,-0.145913,5.662251,86.39925,1.124671,0,0,0,0,0,0,0.268816,1.144627,-0.281594,329.4259,99.86906,330.9707,0.701961,False,True
614.4604,0.084798,1.564579,-0.146388,5.783048,86.27601,1.182963,0,0,0,0,0,0,0.267453,1.14578,-0.282125,328.8727,99.79712,331.3333,1,False,True
614.4716,0.084019,1.564453,-0.146818,5.875509,86.17229,1.265214,0,0,0,0,0,0,0.26676,1.146591,-0.282498,328.4585,99.66798,331.4752,1,False,True
614.4827,0.083353,1.564381,-0.147143,5.951677,86.06824,1.323725,0,0,0,0,0,0,0.266171,1.147203,-0.282363,328.1802,99.21661,331.7132,1,False,True
614.4939,0.082739,1.564278,-0.147411,5.9814,85.95404,1.36103,0,0,0,0,0,0,0.265944,1.147943,-0.281829,327.9903,98.63245,331.8146,1,False,True
614.505,0.082229,1.564152,-0.147624,5.976971,85.86712,1.387708,0,0,0,0,0,0,0.265598,1.148481,-0.28141,327.7791,98.1021,331.9903,1,False,True
614.5161,0.081703,1.563987,-0.147782,5.99323,85.79355,1.391096,0,0,0,0,0,0,0.265577,1.148586,-0.280506,327.7009,97.51482,332.2913,1,False,True
614.5272,0.081249,1.563813,-0.147902,6.025706,85.73283,1.40813,0,0,0,0,0,0,0.265673,1.148513,-0.279457,327.6901,96.98417,332.7713,1,False,True
614.5381,0.080877,1.563602,-0.147845,6.064811,85.69521,1.408907,0,0,0,0,0,0,0.26559,1.148695,-0.278615,327.6389,96.53152,333.2084,1,False,True
614.5494,0.080467,1.5633,-0.147824,6.115636,85.65675,1.414104,0,0,0,0,0,0,0.265653,1.148541,-0.277732,327.6452,96.25368,333.5069,1,False,True
614.5604,0.080091,1.562953,-0.147699,6.182711,85.64557,1.419526,0,0,0,0,0,0,0.265749,1.148455,-0.276956,327.6667,96.19125,333.7248,1,False,True
614.5717,0.079715,1.562596,-0.147463,6.311619,85.63653,1.427361,0,0,0,0,0,0,0.265853,1.148266,-0.276328,327.7091,96.33633,333.9352,1,False,True
614.5826,0.079335,1.562312,-0.147239,6.467637,85.63566,1.449,0,0,0,0,0,0,0.266087,1.147892,-0.275571,327.8399,96.62547,334.1221,1,False,True
614.5938,0.079023,1.56202,-0.146863,6.645689,85.64065,1.473347,0,0,0,0,0,0,0.266224,1.147628,-0.274854,328.0043,96.93391,334.2827,1,False,True
614.6049,0.078753,1.561853,-0.14645,6.848321,85.65991,1.486556,0,0,0,0,0,0,0.266463,1.147066,-0.27446,328.346,97.54922,334.263,1,False,True
614.6159,0.0785,1.561871,-0.145961,7.057672,85.67779,1.503526,0,0,0,0,0,0,0.266759,1.146126,-0.274133,328.8451,98.26379,333.8456,0.74902,False,True
614.6271,0.078301,1.561953,-0.145507,7.236393,85.69178,1.522056,0,0,0,0,0,0,0.26736,1.14505,-0.273763,329.4886,98.90952,333.2741,0.2,False,True
614.6382,0.078157,1.562035,-0.144978,7.34059,85.70322,1.543027,0,0,0,0,0,0,0.268089,1.143948,-0.273264,330.1568,99.40413,332.8268,0.023529,False,False
614.6493,0.078051,1.562054,-0.144442,7.413482,85.72643,1.546782,0,0,0,0,0,0,0.268816,1.142626,-0.272617,331.0171,99.94787,332.2298,0,False,False
614.6603,0.077975,1.562133,-0.14385,7.451669,85.7464,1.559256,0,0,0,0,0,0,0.269327,1.141197,-0.272094,331.949,100.5501,331.585,0,False,False
614.6715,0.078014,1.56225,-0.143233,7.469352,85.75929,1.575087,0,0,0,0,0,0,0.270181,1.139617,-0.271326,332.9217,101.1646,330.9166,0,False,False
614.6826,0.077983,1.562337,-0.142622,7.470851,85.73902,1.613283,0,0,0,0,0,0,0.270873,1.138126,-0.27079,333.8174,101.7147,330.2745,0,False,False
614.6936,0.078047,1.562345,-0.142025,7.457547,85.70258,1.657722,0,0,0,0,0,0,0.271278,1.136509,-0.269972,334.7718,102.2536,329.5987,0,False,False
614.7048,0.078114,1.562359,-0.141343,7.439937,85.67355,1.710196,0,0,0,0,0,0,0.272034,1.135023,-0.269133,335.654,102.8045,328.903,0,False,False
614.7159,0.078206,1.562238,-0.140751,7.410152,85.60482,1.775689,0,0,0,0,0,0,0.272347,1.133483,-0.268255,336.4519,103.3401,328.2824,0,False,False
614.7273,0.078337,1.562117,-0.140073,7.390616,85.53593,1.820857,0,0,0,0,0,0,0.27265,1.131865,-0.26712,337.2598,103.8601,327.7386,0,False,False
614.7382,0.078452,1.561905,-0.139449,7.367398,85.46449,1.848633,0,0,0,0,0,0,0.273012,1.130393,-0.265813,337.9759,104.318,327.3889,0,False,False
614.7493,0.078567,1.561643,-0.138774,7.355011,85.38243,1.845328,0,0,0,0,0,0,0.273173,1.128852,-0.264408,338.6402,104.6761,327.2514,0,False,False
614.7603,0.078725,1.561396,-0.138084,7.366031,85.29011,1.831991,0,0,0,0,0,0,0.273328,1.127289,-0.262801,339.2355,104.9485,327.1612,0,False,False
614.7715,0.078846,1.561084,-0.137433,7.391144,85.20467,1.813662,0,0,0,0,0,0,0.273502,1.125675,-0.26117,339.7416,105.0882,327.0403,0,False,False
614.7826,0.078997,1.56082,-0.13677,7.425386,85.10453,1.791932,0,0,0,0,0,0,0.273724,1.124258,-0.259276,340.1379,105.0363,326.9464,0,False,False
614.7936,0.079132,1.560448,-0.136115,7.472919,85.01133,1.726109,0,0,0,0,0,0,0.274094,1.122899,-0.257443,340.5758,104.9421,326.8608,0,False,False
614.805,0.079288,1.560079,-0.135423,7.55295,84.90228,1.646867,0,0,0,0,0,0,0.274413,1.121701,-0.255334,340.864,104.6177,326.7617,0,False,False
614.8159,0.079432,1.559731,-0.134768,7.651493,84.80926,1.578827,0,0,0,0,0,0,0.274743,1.120416,-0.253444,341.121,104.3166,326.6411,0,False,False
614.827,0.079558,1.559283,-0.13413,7.781932,84.71621,1.479119,0,0,0,0,0,0,0.275088,1.11915,-0.251448,341.2524,103.8203,326.6288,0,False,False
614.8382,0.079706,1.558891,-0.133471,7.916601,84.63214,1.401448,0,0,0,0,0,0,0.275569,1.118149,-0.249398,341.2738,103.1965,326.8359,0,False,False
614.8491,0.079814,1.558434,-0.132835,8.065454,84.56461,1.316118,0,0,0,0,0,0,0.276056,1.117351,-0.247477,341.2438,102.589,327.2483,0,False,False
614.8603,0.079924,1.558031,-0.132192,8.246523,84.48975,1.257119,0,0,0,0,0,0,0.276444,1.116629,-0.245433,341.1063,101.9969,327.825,0,False,False
614.8715,0.079969,1.557652,-0.131574,8.428248,84.43605,1.19584,0,0,0,0,0,0,0.276842,1.116165,-0.243548,340.9193,101.4515,328.4564,0,False,False
614.8825,0.079952,1.557209,-0.130939,8.623911,84.38924,1.170732,0,0,0,0,0,0,0.277339,1.115821,-0.241909,340.6944,100.9203,329.1282,0,False,False
614.8937,0.079903,1.556836,-0.130377,8.824497,84.35297,1.162361,0,0,0,0,0,0,0.277726,1.115261,-0.240187,340.5231,100.3971,329.7788,0,False,False
614.9047,0.079855,1.556439,-0.129835,9.020782,84.33377,1.173635,0,0,0,0,0,0,0.278201,1.11512,-0.238582,340.3324,99.88478,330.4945,0,False,False
614.9158,0.079829,1.556077,-0.129244,9.197501,84.31203,1.185557,0,0,0,0,0,0,0.27871,1.114818,-0.237103,340.1838,99.41455,331.1021,0,False,False
614.927,0.079841,1.555793,-0.128663,9.359132,84.29731,1.198185,0,0,0,0,0,0,0.279202,1.114761,-0.235633,340.0412,99.03747,331.6512,0,False,False
614.9381,0.079845,1.555556,-0.128073,9.503853,84.29533,1.226936,0,0,0,0,0,0,0.279754,1.11485,-0.234325,339.9372,98.7495,332.0459,0,False,False
614.9492,0.079906,1.555353,-0.127452,9.632553,84.2747,1.250596,0,0,0,0,0,0,0.279965,1.114831,-0.233078,339.8124,98.48338,332.3538,0,False,False
614.9928,0.08,1.555025,-0.125602,9.864716,84.20663,1.268249,0,0,0,0,0,0,0.281192,1.115255,-0.228114,339.3392,97.40508,333.5964,0,False,False
614.998,0.080016,1.554897,-0.124994,9.91925,84.18214,1.25788,0,0,0,0,0,0,0.281342,1.11536,-0.227402,339.3393,97.33627,333.6744,0,False,False
615.003,0.080075,1.554716,-0.124413,9.975918,84.14713,1.240141,0,0,0,0,0,0,0.281521,1.115353,-0.226861,339.3504,97.25822,333.7369,0,False,False
615.0111,0.080088,1.554588,-0.123835,10.0235,84.10287,1.238182,0,0,0,0,0,0,0.281757,1.115458,-0.226038,339.419,97.18061,333.7706,0,False,False
615.0223,0.080055,1.554467,-0.123273,10.08426,84.06622,1.230684,0,0,0,0,0,0,0.282001,1.115304,-0.224909,339.5944,97.12088,333.6708,0,False,False
615.0331,0.080025,1.554349,-0.122738,10.1731,84.02584,1.230751,0,0,0,0,0,0,0.282199,1.115221,-0.223862,339.8303,97.10197,333.4337,0,False,False
615.0442,0.079971,1.554212,-0.122085,10.26248,83.998,1.237404,0,0,0,0,0,0,0.282471,1.115064,-0.222883,340.0853,97.13602,333.1368,0,False,False
615.0554,0.079893,1.554011,-0.121504,10.37413,83.98352,1.229095,0,0,0,0,0,0,0.282601,1.114982,-0.2218,340.2985,97.19603,332.8453,0,False,False
615.0663,0.079804,1.553793,-0.120901,10.49609,83.97115,1.210178,0,0,0,0,0,0,0.282644,1.114889,-0.220951,340.4996,97.34335,332.4215,0,False,False
615.0774,0.079648,1.553553,-0.12036,10.63575,83.96562,1.16898,0,0,0,0,0,0,0.282521,1.114943,-0.219921,340.6911,97.47996,332.0344,0,False,False
615.0887,0.079482,1.553323,-0.119836,10.75942,83.96854,1.157637,0,0,0,0,0,0,0.28233,1.114946,-0.218807,340.8481,97.59269,331.7141,0,False,False
615.0997,0.079223,1.553025,-0.119352,10.87107,83.97764,1.137842,0,0,0,0,0,0,0.282108,1.114939,-0.21772,340.9903,97.65182,331.4797,0,False,False
615.1108,0.078991,1.552813,-0.118883,10.98873,83.9907,1.146104,0,0,0,0,0,0,0.281822,1.114899,-0.216475,341.1039,97.70616,331.2894,0,False,False
615.122,0.078727,1.5526,-0.11843,11.09905,84.00361,1.134252,0,0,0,0,0,0,0.281513,1.115002,-0.215263,341.2079,97.76634,331.0688,0,False,False
615.1329,0.07842,1.552358,-0.117926,11.1992,84.01504,1.13865,0,0,0,0,0,0,0.281056,1.114998,-0.214123,341.2523,97.76878,330.8508,0,False,False
615.144,0.078071,1.552205,-0.117506,11.29089,84.02495,1.120452,0,0,0,0,0,0,0.280568,1.115058,-0.212836,341.2355,97.68701,330.7116,0,False,False
615.1554,0.077762,1.552043,-0.117078,11.37995,84.04582,1.118172,0,0,0,0,0,0,0.280057,1.115137,-0.211504,341.1868,97.51064,330.6778,0,False,False
615.1663,0.077381,1.55194,-0.116666,11.44277,84.06767,1.084025,0,0,0,0,0,0,0.279457,1.115326,-0.21009,341.084,97.29861,330.7422,0,False,False
615.1776,0.076982,1.551879,-0.116286,11.49314,84.07487,1.040888,0,0,0,0,0,0,0.278926,1.115458,-0.208766,340.9919,97.09025,330.7791,0,False,False
615.1887,0.076583,1.551787,-0.115825,11.53256,84.10471,1.002601,0,0,0,0,0,0,0.278376,1.11566,-0.207511,340.863,96.79531,330.8893,0,False,False
615.1996,0.07617,1.551774,-0.115411,11.55627,84.1245,0.943347,0,0,0,0,0,0,0.277723,1.115811,-0.206344,340.7095,96.4396,331.0755,0,False,False
615.211,0.075739,1.551763,-0.115042,11.56272,84.14495,0.880287,0,0,0,0,0,0,0.277219,1.115986,-0.205117,340.5449,96.0501,331.2844,0,False,False
615.2218,0.075299,1.551823,-0.11472,11.51927,84.16633,0.817512,0,0,0,0,0,0,0.276653,1.116355,-0.204032,340.3298,95.60474,331.5954,0,False,False
615.2329,0.074842,1.551932,-0.114291,11.49435,84.18355,0.760549,0,0,0,0,0,0,0.276153,1.116566,-0.20297,340.1057,95.16737,331.9548,0,False,False
615.2441,0.074357,1.552067,-0.113967,11.41376,84.20876,0.704686,0,0,0,0,0,0,0.275679,1.116964,-0.202106,339.8547,94.75935,332.3746,0,False,False
615.2554,0.073894,1.552238,-0.113576,11.34489,84.23761,0.650244,0,0,0,0,0,0,0.274983,1.117437,-0.2013,339.5539,94.40303,332.8293,0,False,False
615.2662,0.073429,1.552349,-0.113243,11.25165,84.27402,0.599734,0,0,0,0,0,0,0.274462,1.117836,-0.200726,339.2654,94.08756,333.2647,0,False,False
615.2775,0.072961,1.552517,-0.112941,11.17037,84.30334,0.56495,0,0,0,0,0,0,0.273773,1.118339,-0.200333,338.9109,93.82655,333.8063,0,False,False
615.2886,0.072494,1.552658,-0.112582,11.09325,84.33481,0.536963,0,0,0,0,0,0,0.273218,1.118827,-0.199959,338.5828,93.58224,334.3418,0,False,False
615.2996,0.072062,1.552823,-0.112316,10.99824,84.39023,0.543566,0,0,0,0,0,0,0.272695,1.119268,-0.199799,338.2824,93.44122,334.8847,0,False,False
615.311,0.071701,1.553049,-0.112012,10.91131,84.42765,0.555937,0,0,0,0,0,0,0.272167,1.119645,-0.199691,338.0181,93.34261,335.3619,0,False,False
615.322,0.071304,1.553201,-0.111767,10.80531,84.47585,0.581085,0,0,0,0,0,0,0.27171,1.119926,-0.199706,337.8307,93.27831,335.7376,0,False,False
615.3329,0.070971,1.553325,-0.111475,10.73427,84.51502,0.592955,0,0,0,0,0,0,0.271204,1.120051,-0.199767,337.7119,93.21374,336.007,0,False,False
615.3441,0.070614,1.553493,-0.111243,10.67163,84.56689,0.633498,0,0,0,0,0,0,0.27086,1.120143,-0.19974,337.6051,93.13385,336.2519,0,False,False
615.3553,0.070261,1.553576,-0.111061,10.61513,84.61559,0.652987,0,0,0,0,0,0,0.270427,1.120329,-0.199639,337.5966,93.06393,336.3654,0,False,False
615.3662,0.069855,1.55363,-0.110924,10.56213,84.65088,0.671014,0,0,0,0,0,0,0.270155,1.120245,-0.199642,337.6573,93.02138,336.3435,0,False,False
615.3775,0.069543,1.553719,-0.110778,10.54038,84.68304,0.696567,0,0,0,0,0,0,0.26992,1.12019,-0.199558,337.7721,92.98762,336.2376,0,False,False
615.3887,0.069206,1.55378,-0.110631,10.50553,84.71635,0.724385,0,0,0,0,0,0,0.269654,1.119984,-0.199548,337.9578,92.94849,336.0857,0,False,False
615.3995,0.068929,1.553768,-0.11054,10.4828,84.74769,0.739921,0,0,0,0,0,0,0.269489,1.119672,-0.199403,338.1604,92.91515,335.8858,0,False,False
615.4108,0.068609,1.553678,-0.110494,10.47736,84.7753,0.76124,0,0,0,0,0,0,0.269213,1.119227,-0.199274,338.3297,92.88598,335.7835,0,False,False
615.4219,0.068348,1.553638,-0.110445,10.46397,84.79939,0.783334,0,0,0,0,0,0,0.269237,1.119037,-0.199124,338.5248,92.89477,335.6207,0,False,False
615.4329,0.068134,1.553595,-0.110378,10.4692,84.8198,0.811941,0,0,0,0,0,0,0.269006,1.118776,-0.198962,338.6872,92.93388,335.4439,0,False,False
615.4442,0.067931,1.553548,-0.110328,10.47962,84.82304,0.830373,0,0,0,0,0,0,0.268991,1.118541,-0.198896,338.8352,92.99579,335.2367,0,False,False
615.4556,0.067723,1.553496,-0.11035,10.50906,84.83971,0.849061,0,0,0,0,0,0,0.268845,1.118359,-0.198627,338.9745,93.0395,335.0413,0,False,False
615.4672,0.06753,1.553355,-0.110381,10.52178,84.83907,0.869837,0,0,0,0,0,0,0.268457,1.118206,-0.198473,339.0859,93.09868,334.8332,0,False,False
615.4786,0.067369,1.553269,-0.110439,10.55852,84.83642,0.869897,0,0,0,0,0,0,0.268227,1.118034,-0.198116,339.2022,93.11916,334.6713,0,False,False
615.49,0.067279,1.553184,-0.110503,10.58589,84.83171,0.877577,0,0,0,0,0,0,0.268027,1.117885,-0.197775,339.3315,93.10562,334.5478,0,False,False
615.5014,0.067197,1.553122,-0.110597,10.62437,84.83825,0.875826,0,0,0,0,0,0,0.267881,1.117696,-0.197434,339.4476,93.03044,334.452,0,False,False
615.5129,0.067123,1.553033,-0.110726,10.65855,84.85384,0.884253,0,0,0,0,0,0,0.267718,1.117563,-0.197123,339.5535,92.90755,334.3446,0,False,False
615.5244,0.06704,1.552949,-0.110949,10.69344,84.86657,0.881904,0,0,0,0,0,0,0.267612,1.117466,-0.196837,339.6577,92.73956,334.278,0,False,False
615.5358,0.066988,1.552881,-0.111155,10.73743,84.88059,0.875955,0,0,0,0,0,0,0.26752,1.117364,-0.19654,339.7665,92.575,334.2334,0,False,False
615.5472,0.066942,1.552767,-0.111377,10.78018,84.91422,0.864628,0,0,0,0,0,0,0.267453,1.117388,-0.196269,339.8297,92.37149,334.2334,0,False,False
615.5588,0.066881,1.552643,-0.11161,10.83385,84.9462,0.867374,0,0,0,0,0,0,0.267214,1.117454,-0.195974,339.8156,92.22442,334.2145,0,False,False
615.5702,0.066832,1.552495,-0.111883,10.88636,84.97776,0.880791,0,0,0,0,0,0,0.266918,1.117708,-0.195832,339.7475,92.09539,334.1619,0,False,False
615.5824,0.06681,1.552386,-0.112183,10.9661,85.01282,0.886451,0,0,0,0,0,0,0.266593,1.118061,-0.195764,339.6142,92.01566,334.1133,0,False,False
615.593,0.066808,1.552258,-0.112488,11.02821,85.0494,0.905934,0,0,0,0,0,0,0.266316,1.118376,-0.195755,339.4677,91.94818,334.1166,0,False,False
615.6044,0.066776,1.552092,-0.112785,11.09987,85.09396,0.914768,0,0,0,0,0,0,0.266071,1.118706,-0.195854,339.3342,91.88614,334.1811,0,False,False
615.6156,0.066777,1.551938,-0.113121,11.16626,85.13108,0.94246,0,0,0,0,0,0,0.265862,1.119032,-0.195886,339.2116,91.80205,334.2774,0,False,False
615.6267,0.06681,1.551811,-0.113484,11.23612,85.16679,0.949971,0,0,0,0,0,0,0.265725,1.119314,-0.195964,339.1192,91.72327,334.4128,0,False,False
615.6378,0.066806,1.551666,-0.113866,11.28667,85.19135,0.966666,0,0,0,0,0,0,0.26552,1.119419,-0.196075,339.0637,91.65272,334.4995,0,False,False
615.6489,0.066879,1.551583,-0.114267,11.3438,85.21354,0.980598,0,0,0,0,0,0,0.26543,1.119487,-0.196043,339.027,91.54712,334.5565,0,False,False
615.66,0.066899,1.551463,-0.114628,11.38352,85.24478,1.003605,0,0,0,0,0,0,0.265392,1.119464,-0.195969,339.049,91.47884,334.5645,0,False,False
615.6711,0.066993,1.551361,-0.115025,11.42679,85.26118,1.012591,0,0,0,0,0,0,0.265279,1.119466,-0.195947,339.064,91.38254,334.5697,0,False,False
615.6822,0.067069,1.551261,-0.115434,11.47003,85.27132,1.026522,0,0,0,0,0,0,0.265232,1.119424,-0.195862,339.1602,91.2858,334.55,0,False,False
615.6934,0.067176,1.551156,-0.115842,11.51958,85.2883,1.051736,0,0,0,0,0,0,0.265283,1.119325,-0.195865,339.2337,91.20552,334.5313,0,False,False
615.7045,0.067305,1.551054,-0.116228,11.56452,85.29633,1.041493,0,0,0,0,0,0,0.265376,1.119009,-0.195862,339.3524,91.16165,334.4965,0,False,False
615.7155,0.067429,1.550962,-0.116645,11.61253,85.30082,1.046693,0,0,0,0,0,0,0.265297,1.118749,-0.195852,339.4121,91.10015,334.5059,0,False,False
615.7266,0.067589,1.550879,-0.117089,11.6588,85.29299,1.033718,0,0,0,0,0,0,0.265317,1.1185,-0.195761,339.4843,91.02628,334.4854,0,False,False
615.738,0.067733,1.550831,-0.117475,11.71483,85.29137,1.00719,0,0,0,0,0,0,0.265308,1.118163,-0.195667,339.5534,90.9722,334.5062,0,False,False
615.7488,0.067899,1.550737,-0.11792,11.77254,85.27675,0.992875,0,0,0,0,0,0,0.265176,1.117847,-0.19562,339.6405,90.92036,334.528,0,False,False
615.7599,0.068052,1.550637,-0.118401,11.83559,85.25909,0.971475,0,0,0,0,0,0,0.264935,1.117345,-0.195609,339.7506,90.88551,334.491,0,False,False
615.7712,0.068196,1.550552,-0.118864,11.89502,85.24755,0.959478,0,0,0,0,0,0,0.264855,1.116946,-0.195503,339.8339,90.84879,334.4472,0,False,False
615.7822,0.068399,1.550456,-0.119272,11.94848,85.2157,0.946394,0,0,0,0,0,0,0.264783,1.116683,-0.195581,339.9484,90.80518,334.392,0,False,False
615.7934,0.068545,1.55037,-0.11973,12.01398,85.19204,0.92735,0,0,0,0,0,0,0.264827,1.116278,-0.195344,340.0429,90.72295,334.3495,0,False,False
615.8043,0.068732,1.55029,-0.12017,12.08585,85.1707,0.904394,0,0,0,0,0,0,0.264861,1.115796,-0.19512,340.1675,90.64009,334.3186,0,False,False
615.8156,0.068896,1.550194,-0.120636,12.14596,85.14771,0.867837,0,0,0,0,0,0,0.264921,1.115185,-0.194946,340.2849,90.52487,334.3047,0,False,False
615.8267,0.06913,1.550103,-0.121049,12.21601,85.12874,0.828032,0,0,0,0,0,0,0.265036,1.114792,-0.194733,340.3736,90.41247,334.3002,0,False,False
615.8378,0.06932,1.550045,-0.121479,12.28783,85.11216,0.77309,0,0,0,0,0,0,0.265068,1.114514,-0.194506,340.4648,90.3134,334.264,0,False,False
615.8488,0.069518,1.549951,-0.121955,12.33794,85.09099,0.711418,0,0,0,0,0,0,0.265089,1.114212,-0.194348,340.5285,90.22202,334.2462,0,False,False
615.8599,0.069692,1.54985,-0.122407,12.40268,85.09911,0.671988,0,0,0,0,0,0,0.265129,1.114151,-0.194133,340.5493,90.17791,334.209,0,False,False
615.8713,0.069905,1.549756,-0.122916,12.46149,85.11387,0.62206,0,0,0,0,0,0,0.265093,1.113912,-0.194207,340.5766,90.12809,334.1815,0,False,False
615.8821,0.07007,1.549703,-0.123397,12.52698,85.1344,0.589969,0,0,0,0,0,0,0.265115,1.113841,-0.194123,340.6075,90.07838,334.1942,0,False,False
615.8933,0.070232,1.54963,-0.123906,12.5854,85.16249,0.558746,0,0,0,0,0,0,0.265251,1.113755,-0.194098,340.6414,90.01898,334.225,0,False,False
615.9044,0.070428,1.549597,-0.124332,12.62604,85.19226,0.534668,0,0,0,0,0,0,0.265288,1.113744,-0.194174,340.662,89.96263,334.2567,0,False,False
615.9154,0.07062,1.54956,-0.124796,12.66368,85.23585,0.501813,0,0,0,0,0,0,0.265348,1.113627,-0.194117,340.6833,89.91106,334.2444,0,False,False
615.9266,0.070867,1.549534,-0.125277,12.69048,85.26427,0.475227,0,0,0,0,0,0,0.265453,1.113534,-0.194101,340.6832,89.85054,334.2212,0,False,False
615.9377,0.071094,1.549547,-0.125723,12.7284,85.30251,0.462507,0,0,0,0,0,0,0.265529,1.113522,-0.194213,340.6736,89.81008,334.1902,0,False,False
615.9487,0.071301,1.549552,-0.126169,12.751,85.34039,0.449624,0,0,0,0,0,0,0.26558,1.113582,-0.194236,340.6501,89.75904,334.1719,0,False,False
615.9599,0.071525,1.549581,-0.126589,12.74578,85.38267,0.434948,0,0,0,0,0,0,0.265675,1.113663,-0.194396,340.6159,89.73177,334.197,0,False,False
615.971,0.071718,1.549588,-0.127,12.74749,85.41183,0.408767,0,0,0,0,0,0,0.265764,1.113639,-0.194475,340.6081,89.70903,334.2313,0,False,False
615.9821,0.071925,1.549617,-0.127432,12.75591,85.44003,0.379828,0,0,0,0,0,0,0.265821,1.113678,-0.194536,340.5953,89.68932,334.2979,0,False,False
615.9932,0.072123,1.549659,-0.127831,12.75512,85.47166,0.357198,0,0,0,0,0,0,0.265956,1.113604,-0.194657,340.6122,89.67641,334.3425,0,False,False
616.0045,0.072361,1.549659,-0.12824,12.76521,85.48346,0.328399,0,0,0,0,0,0,0.266176,1.113601,-0.194817,340.6217,89.68184,334.3463,0,False,False
616.0154,0.072551,1.549672,-0.128666,12.76264,85.50269,0.300077,0,0,0,0,0,0,0.266224,1.113447,-0.195059,340.6436,89.71009,334.3207,0,False,False
616.0266,0.072752,1.549685,-0.129061,12.77269,85.5121,0.268522,0,0,0,0,0,0,0.266406,1.113469,-0.195127,340.6685,89.74751,334.2601,0,False,False
616.0377,0.072969,1.549723,-0.1294,12.79427,85.50877,0.246352,0,0,0,0,0,0,0.266528,1.113388,-0.195256,340.7079,89.78511,334.1976,0,False,False
616.0487,0.073177,1.549712,-0.129766,12.79422,85.50388,0.222198,0,0,0,0,0,0,0.266729,1.113243,-0.195329,340.7561,89.82578,334.144,0,False,False
616.0599,0.073347,1.549704,-0.130097,12.79915,85.50085,0.185434,0,0,0,0,0,0,0.26676,1.113019,-0.195554,340.7986,89.86307,334.078,0,False,False
616.071,0.073551,1.5497,-0.130429,12.81104,85.50304,0.156242,0,0,0,0,0,0,0.266767,1.11263,-0.19552,340.8723,89.90269,334.048,0,False,False
616.082,0.07373,1.549745,-0.130742,12.81262,85.50056,0.120312,0,0,0,0,0,0,0.266858,1.112367,-0.195653,340.9342,89.94264,334.0085,0,False,False
616.0931,0.073957,1.549773,-0.131089,12.81707,85.493,0.077897,0,0,0,0,0,0,0.267001,1.112105,-0.195726,340.9949,90.00053,333.9215,0,False,False
616.1046,0.074196,1.549815,-0.131426,12.80625,85.48595,0.035842,0,0,0,0,0,0,0.267157,1.111908,-0.195839,341.0464,90.05235,333.842,0,False,False
616.1154,0.074396,1.549815,-0.131729,12.79978,85.48589,0.001266,0,0,0,0,0,0,0.267241,1.111615,-0.195996,341.0888,90.10616,333.7683,0,False,False
616.1265,0.074649,1.549837,-0.132019,12.78985,85.48188,359.9527,0,0,0,0,0,0,0.267264,1.111473,-0.196107,341.1537,90.15134,333.6953,0,False,False
616.1376,0.074864,1.549843,-0.132346,12.77873,85.48151,359.9128,0,0,0,0,0,0,0.267417,1.111306,-0.196146,341.2013,90.20508,333.6241,0,False,False
616.1487,0.075094,1.549905,-0.132667,12.77572,85.47955,359.8695,0,0,0,0,0,0,0.26746,1.111055,-0.196261,341.2442,90.25031,333.5561,0,False,False
616.1598,0.075301,1.549904,-0.132993,12.76168,85.48044,359.8168,0,0,0,0,0,0,0.267562,1.110786,-0.196402,341.2981,90.28507,333.4997,0,False,False
616.1709,0.075506,1.549898,-0.133293,12.74296,85.49137,359.7682,0,0,0,0,0,0,0.267552,1.110492,-0.196593,341.3452,90.294,333.4901,0,False,False
616.1819,0.075733,1.549904,-0.133598,12.71948,85.49751,359.7151,0,0,0,0,0,0,0.267609,1.110254,-0.196668,341.3964,90.28645,333.4909,0,False,False
616.1932,0.075924,1.549894,-0.133875,12.69964,85.5194,359.6617,0,0,0,0,0,0,0.267756,1.109988,-0.196656,341.4436,90.29502,333.4746,0,False,False
616.2044,0.076088,1.54989,-0.134158,12.69355,85.55083,359.6147,0,0,0,0,0,0,0.267761,1.10964,-0.196887,341.4891,90.33721,333.4232,0,False,False
616.2153,0.076285,1.549866,-0.134483,12.68596,85.57473,359.5539,0,0,0,0,0,0,0.267926,1.109551,-0.197116,341.5096,90.40688,333.357,0,False,False
616.2266,0.076539,1.549888,-0.134808,12.69362,85.61618,359.5059,0,0,0,0,0,0,0.268062,1.109405,-0.197338,341.5358,90.4725,333.298,0,False,False
616.2375,0.076738,1.549845,-0.135067,12.69463,85.6579,359.4619,0,0,0,0,0,0,0.268184,1.109296,-0.197596,341.544,90.55825,333.2295,0,False,False
616.2486,0.076963,1.549847,-0.135359,12.70384,85.70403,359.4139,0,0,0,0,0,0,0.268436,1.109076,-0.197772,341.5553,90.63099,333.1772,0,False,False
616.2598,0.077175,1.54981,-0.135633,12.69762,85.76071,359.3848,0,0,0,0,0,0,0.268575,1.109006,-0.19789,341.5621,90.70398,333.1435,0,False,False
616.2709,0.077441,1.549839,-0.135909,12.71939,85.81342,359.3642,0,0,0,0,0,0,0.26867,1.10908,-0.198038,341.5605,90.75193,333.143,0,False,False
616.282,0.077627,1.549791,-0.136223,12.72298,85.87406,359.3335,0,0,0,0,0,0,0.268685,1.109088,-0.198232,341.5518,90.78497,333.1533,0,False,False
616.2931,0.077863,1.549777,-0.136495,12.75279,85.93184,359.3142,0,0,0,0,0,0,0.268886,1.109136,-0.19845,341.5419,90.81367,333.1578,0,False,False
616.3046,0.078136,1.54974,-0.136737,12.76214,85.99767,359.2836,0,0,0,0,0,0,0.269068,1.109163,-0.198641,341.5397,90.79786,333.1828,0,False,False
616.3154,0.078383,1.549697,-0.136971,12.77997,86.06041,359.275,0,0,0,0,0,0,0.269165,1.109161,-0.198769,341.5293,90.79226,333.1939,0,False,False
616.3264,0.078654,1.549673,-0.137235,12.79877,86.11045,359.2409,0,0,0,0,0,0,0.269199,1.109135,-0.198991,341.515,90.80992,333.1786,0,False,False
616.3375,0.07891,1.54962,-0.137426,12.82675,86.18201,359.2314,0,0,0,0,0,0,0.269286,1.109272,-0.199487,341.4825,90.83981,333.1326,0,False,False
616.3486,0.079187,1.549573,-0.137638,12.85578,86.23418,359.2033,0,0,0,0,0,0,0.269405,1.109289,-0.199658,341.4454,90.88639,333.1243,0,False,False
616.3597,0.079463,1.549516,-0.137801,12.89052,86.29179,359.167,0,0,0,0,0,0,0.269569,1.109399,-0.199977,341.4135,90.92897,333.1601,0,False,False
616.3709,0.079765,1.549465,-0.137926,12.93287,86.34648,359.1351,0,0,0,0,0,0,0.269751,1.10943,-0.200243,341.3976,90.98499,333.2019,0,False,False
616.3819,0.080037,1.549366,-0.138083,12.98626,86.39668,359.0976,0,0,0,0,0,0,0.269923,1.10952,-0.200297,341.379,91.0359,333.2411,0,False,False
616.393,0.080308,1.549237,-0.13824,13.0321,86.44244,359.0734,0,0,0,0,0,0,0.270114,1.109553,-0.200597,341.3841,91.09416,333.2504,0,False,False
616.4043,0.080591,1.549092,-0.13837,13.09499,86.48915,359.0558,0,0,0,0,0,0,0.270342,1.109488,-0.200976,341.419,91.15986,333.2195,0,False,False
616.4152,0.080866,1.548942,-0.138484,13.16027,86.5255,359.0473,0,0,0,0,0,0,0.270654,1.109429,-0.201172,341.4766,91.21323,333.1705,0,False,False
616.4263,0.081124,1.548813,-0.138594,13.24309,86.55504,359.0452,0,0,0,0,0,0,0.27083,1.109415,-0.201397,341.5198,91.26307,333.1298,0,False,False
616.4374,0.081393,1.548671,-0.138689,13.32338,86.5879,359.043,0,0,0,0,0,0,0.271002,1.109334,-0.201687,341.5612,91.30217,333.093,0,False,False
616.4487,0.0816,1.548515,-0.138796,13.39787,86.61687,359.0406,0,0,0,0,0,0,0.271181,1.109297,-0.201889,341.5821,91.32478,333.0815,0,False,False
616.4597,0.081873,1.548357,-0.138908,13.46374,86.63223,359.0316,0,0,0,0,0,0,0.271275,1.109218,-0.202143,341.5784,91.35223,333.0815,0,False,False
616.4708,0.082094,1.54823,-0.138992,13.53231,86.65668,359.0185,0,0,0,0,0,0,0.271451,1.109179,-0.202327,341.559,91.37111,333.1066,0,False,False
616.4819,0.082297,1.548073,-0.139073,13.58622,86.67881,359.013,0,0,0,0,0,0,0.271627,1.109249,-0.202581,341.5451,91.39098,333.1368,0,False,False
616.4929,0.082515,1.547945,-0.139119,13.64482,86.692,359.0038,0,0,0,0,0,0,0.27174,1.109289,-0.202803,341.5431,91.39986,333.1818,0,False,False
616.5042,0.08272,1.547817,-0.139181,13.69544,86.70817,359.0139,0,0,0,0,0,0,0.27193,1.109327,-0.202973,341.5427,91.40959,333.1876,0,False,False
616.5152,0.082885,1.547695,-0.139188,13.75176,86.72273,359.0253,0,0,0,0,0,0,0.272065,1.109351,-0.203209,341.556,91.43178,333.179,0,False,False
616.5264,0.08311,1.547595,-0.139192,13.8016,86.72341,359.0358,0,0,0,0,0,0,0.272274,1.109319,-0.203392,341.5812,91.44891,333.1672,0,False,False
616.5374,0.083296,1.547512,-0.139235,13.85055,86.72914,359.0523,0,0,0,0,0,0,0.272471,1.109305,-0.203346,341.5951,91.4403,333.1763,0,False,False
616.5486,0.083434,1.547473,-0.139274,13.8968,86.71857,359.0734,0,0,0,0,0,0,0.272564,1.109264,-0.203544,341.6111,91.41451,333.1988,0,False,False
616.5598,0.083596,1.547419,-0.139281,13.93298,86.71523,359.089,0,0,0,0,0,0,0.272733,1.109176,-0.20355,341.6281,91.37965,333.218,0,False,False
616.5707,0.083791,1.547388,-0.139345,13.95119,86.69213,359.1123,0,0,0,0,0,0,0.272778,1.109309,-0.203714,341.6464,91.34079,333.2336,0,False,False
616.5818,0.083942,1.547345,-0.139358,13.97902,86.68951,359.1364,0,0,0,0,0,0,0.272915,1.109265,-0.203744,341.6498,91.30517,333.2505,0,False,False
616.593,0.084137,1.547337,-0.139371,13.99593,86.67058,359.1686,0,0,0,0,0,0,0.273086,1.109337,-0.203705,341.6447,91.28987,333.2483,0,False,False
616.6041,0.084238,1.547336,-0.139419,14.01343,86.65415,359.1893,0,0,0,0,0,0,0.273165,1.109336,-0.20372,341.6239,91.29456,333.2363,0,False,False
616.6152,0.084376,1.547349,-0.139428,14.02618,86.62687,359.2017,0,0,0,0,0,0,0.273327,1.109319,-0.203734,341.6154,91.28454,333.2406,0,False,False
616.6265,0.084536,1.547286,-0.13941,14.01487,86.60629,359.2144,0,0,0,0,0,0,0.273401,1.10939,-0.203853,341.5896,91.2891,333.2239,0,False,False
616.6374,0.084642,1.54728,-0.139444,14.03394,86.59031,359.2296,0,0,0,0,0,0,0.273461,1.109479,-0.20389,341.5563,91.31681,333.1978,0,False,False
616.6487,0.084741,1.547218,-0.13944,14.03444,86.55703,359.2454,0,0,0,0,0,0,0.273337,1.109804,-0.204077,341.4071,91.41817,333.0896,0,False,False
616.6598,0.084845,1.547227,-0.139408,14.0491,86.53558,359.2723,0,0,0,0,0,0,0.272828,1.110469,-0.204334,341.0335,91.66574,332.7511,0,False,False
616.6709,0.084912,1.547223,-0.139367,14.04417,86.51475,359.2971,0,0,0,0,0,0,0.272264,1.111531,-0.204978,340.464,91.92783,332.0066,0,False,False
616.6818,0.084994,1.547235,-0.139377,14.05662,86.48421,359.3294,0,0,0,0,0,0,0.271593,1.112833,-0.205419,339.7392,91.92626,331.2671,0.015686,False,False
616.6929,0.085079,1.547231,-0.139374,14.05489,86.46561,359.3491,0,0,0,0,0,0,0.271042,1.114179,-0.20539,339.0181,91.78333,330.9091,0.266667,False,True
616.7041,0.085149,1.547205,-0.139393,14.06127,86.4228,359.3461,0,0,0,0,0,0,0.270307,1.115921,-0.205122,338.1576,91.48275,330.896,0.627451,False,True
616.7151,0.085257,1.547235,-0.13935,14.05142,86.39662,359.3632,0,0,0,0,0,0,0.2699,1.117405,-0.204495,337.4265,91.1452,331.4762,0.87451,False,True
616.7262,0.08539,1.547281,-0.139359,14.04765,86.34443,359.3666,0,0,0,0,0,0,0.269146,1.118793,-0.203891,336.76,90.76722,331.9159,1,False,True
616.7374,0.08552,1.547288,-0.13935,14.04421,86.29564,359.3813,0,0,0,0,0,0,0.268997,1.120564,-0.203126,336.0287,90.1311,332.533,1,False,True
616.7485,0.085613,1.547333,-0.139307,14.04712,86.25906,359.3963,0,0,0,0,0,0,0.268546,1.12199,-0.20209,335.334,89.55222,333.0941,1,False,True
616.7596,0.085686,1.54734,-0.139324,14.0433,86.21642,359.411,0,0,0,0,0,0,0.267662,1.123882,-0.201227,334.5767,88.85706,333.668,1,False,True
616.7708,0.08577,1.547349,-0.139393,14.05443,86.17821,359.4372,0,0,0,0,0,0,0.267169,1.124733,-0.199685,333.9795,88.15437,334.4108,1,False,True
616.7817,0.08586,1.547361,-0.139383,14.06105,86.13928,359.4567,0,0,0,0,0,0,0.266718,1.125882,-0.19859,333.4221,87.48809,335.1175,1,False,True
616.7929,0.085929,1.547327,-0.139423,14.07636,86.12377,359.4875,0,0,0,0,0,0,0.266409,1.126742,-0.197264,333.0438,86.85916,335.8835,1,False,True
616.8039,0.08604,1.547333,-0.139414,14.08883,86.10328,359.5008,0,0,0,0,0,0,0.26592,1.127523,-0.195867,332.6238,86.2984,336.5413,1,False,True
616.8151,0.086118,1.547315,-0.139445,14.09978,86.09215,359.5172,0,0,0,0,0,0,0.26567,1.128204,-0.194835,332.3706,85.8548,337.1355,1,False,True
616.8264,0.086207,1.547305,-0.139487,14.10315,86.08397,359.5368,0,0,0,0,0,0,0.265521,1.128684,-0.193785,332.1212,85.45349,337.6884,1,False,True
616.8377,0.086303,1.54727,-0.139523,14.11468,86.08035,359.5645,0,0,0,0,0,0,0.265617,1.128913,-0.192902,332.063,85.26611,338.0487,1,False,True
616.8485,0.086404,1.547274,-0.139519,14.14007,86.07957,359.5796,0,0,0,0,0,0,0.265932,1.12879,-0.192198,332.137,85.28497,338.1548,1,False,True
616.8597,0.086524,1.547282,-0.139543,14.1415,86.07925,359.6196,0,0,0,0,0,0,0.266322,1.128452,-0.191474,332.4149,85.33867,338.2087,1,False,True
616.8708,0.086633,1.547264,-0.139525,14.15521,86.0882,359.6331,0,0,0,0,0,0,0.266699,1.127916,-0.1911,332.7913,85.4939,337.854,0.67451,False,True
616.8817,0.086718,1.547235,-0.139536,14.15577,86.09711,359.6571,0,0,0,0,0,0,0.267107,1.127288,-0.190645,333.2075,85.54008,337.64,0.207843,False,True
616.8928,0.086818,1.547227,-0.139512,14.17136,86.10175,359.6837,0,0,0,0,0,0,0.267828,1.126217,-0.190067,333.8982,85.52227,337.3432,0,False,False
616.904,0.086929,1.547209,-0.139521,14.16958,86.10206,359.701,0,0,0,0,0,0,0.268566,1.124855,-0.189372,334.6541,85.49468,337.063,0,False,False
616.9152,0.087057,1.547192,-0.139503,14.18729,86.11099,359.7277,0,0,0,0,0,0,0.268984,1.123383,-0.188974,335.4257,85.57822,336.6277,0,False,False
616.9263,0.087191,1.547183,-0.139483,14.19818,86.11136,359.7509,0,0,0,0,0,0,0.269744,1.121889,-0.188466,336.1779,85.65261,336.2365,0,False,False
616.9373,0.087343,1.547148,-0.139463,14.20516,86.11967,359.759,0,0,0,0,0,0,0.270472,1.120496,-0.187972,336.8696,85.667,335.8663,0,False,False
616.9485,0.087518,1.547103,-0.139452,14.22092,86.10957,359.7803,0,0,0,0,0,0,0.271246,1.118781,-0.187494,337.5935,85.66019,335.4488,0,False,False
616.9595,0.087724,1.547069,-0.139356,14.23445,86.11195,359.792,0,0,0,0,0,0,0.271894,1.117405,-0.187148,338.2432,85.63413,335.1155,0,False,False
616.9706,0.087916,1.547029,-0.139278,14.24758,86.10973,359.7988,0,0,0,0,0,0,0.272531,1.115769,-0.186786,338.8581,85.61181,334.8905,0,False,False
616.9816,0.088145,1.546966,-0.139204,14.25343,86.11099,359.8044,0,0,0,0,0,0,0.273037,1.114242,-0.186446,339.4609,85.583,334.7179,0,False,False
616.9929,0.088388,1.546942,-0.13915,14.27168,86.09921,359.7916,0,0,0,0,0,0,0.273643,1.112725,-0.186095,340.0139,85.51322,334.7231,0,False,False
617.0041,0.088572,1.546937,-0.139057,14.27678,86.099,359.7812,0,0,0,0,0,0,0.274119,1.111098,-0.185664,340.5595,85.3864,334.882,0,False,False
617.0151,0.088815,1.5469,-0.138969,14.29858,86.08226,359.7803,0,0,0,0,0,0,0.274467,1.109491,-0.185172,341.096,85.20548,335.2013,0,False,False
617.0261,0.089022,1.546878,-0.138885,14.30695,86.08115,359.7863,0,0,0,0,0,0,0.274858,1.107879,-0.184601,341.6514,84.99725,335.6,0,False,False
617.0372,0.089289,1.546808,-0.138794,14.32865,86.06327,359.784,0,0,0,0,0,0,0.275133,1.106237,-0.184248,342.2125,84.8225,335.9094,0,False,False
617.0483,0.089579,1.546779,-0.138755,14.35462,86.04382,359.8074,0,0,0,0,0,0,0.275426,1.104844,-0.183808,342.7096,84.66296,336.1305,0,False,False
617.0598,0.089853,1.546729,-0.138684,14.36159,86.03981,359.8348,0,0,0,0,0,0,0.275762,1.103517,-0.183618,343.1711,84.58237,336.1065,0,False,False
617.0705,0.090112,1.546699,-0.138623,14.38375,86.03564,359.854,0,0,0,0,0,0,0.275888,1.102372,-0.183755,343.5523,84.55011,335.9829,0,False,False
617.0817,0.090453,1.546667,-0.138555,14.38864,86.02848,359.8606,0,0,0,0,0,0,0.27606,1.101318,-0.183624,343.9631,84.51872,335.8564,0,False,False
617.0928,0.090778,1.546621,-0.138465,14.3737,86.01955,359.8588,0,0,0,0,0,0,0.276055,1.100058,-0.183653,344.3701,84.49192,335.7489,0,False,False
617.1038,0.091078,1.546593,-0.138391,14.35955,85.99988,359.8481,0,0,0,0,0,0,0.275917,1.099194,-0.183613,344.6801,84.48022,335.715,0,False,False
617.115,0.091363,1.546629,-0.138284,14.32503,86.01129,359.8558,0,0,0,0,0,0,0.275796,1.098238,-0.183672,344.9833,84.47676,335.6552,0,False,False
617.1261,0.091682,1.546676,-0.138245,14.28314,86.00211,359.8505,0,0,0,0,0,0,0.275723,1.097409,-0.183715,345.2543,84.50826,335.5905,0,False,False
617.1371,0.091929,1.546719,-0.138176,14.23143,85.98807,359.8512,0,0,0,0,0,0,0.275658,1.096673,-0.18379,345.5071,84.55144,335.5859,0,False,False
617.1483,0.092262,1.54679,-0.138124,14.18927,85.9819,359.8535,0,0,0,0,0,0,0.275521,1.096143,-0.183975,345.6682,84.63546,335.6066,0,False,False
617.1595,0.0926,1.546854,-0.138107,14.13817,85.96341,359.837,0,0,0,0,0,0,0.275492,1.095669,-0.184162,345.7868,84.67322,335.6115,0,False,False
617.1705,0.092937,1.546947,-0.138014,14.07904,85.96017,359.8192,0,0,0,0,0,0,0.275411,1.095238,-0.184193,345.8709,84.72199,335.6237,0,False,False
617.1815,0.093227,1.547055,-0.137966,14.02236,85.94579,359.7879,0,0,0,0,0,0,0.275314,1.094864,-0.184255,345.9338,84.7457,335.6603,0,False,False
617.1927,0.093557,1.547135,-0.138006,13.95358,85.92485,359.7394,0,0,0,0,0,0,0.275314,1.094557,-0.184291,346.0363,84.77014,335.6928,0,False,False
617.2039,0.093813,1.547249,-0.138035,13.87404,85.90261,359.7093,0,0,0,0,0,0,0.275163,1.094391,-0.184355,346.0995,84.7856,335.7124,0,False,False
617.2149,0.094034,1.547454,-0.138009,13.81422,85.90205,359.6792,0,0,0,0,0,0,0.274933,1.094164,-0.184393,346.1538,84.79948,335.6527,0,False,False
617.2261,0.09422,1.547601,-0.138055,13.7271,85.89445,359.6432,0,0,0,0,0,0,0.274871,1.094013,-0.184602,346.1957,84.82077,335.5437,0,False,False
617.2372,0.094402,1.547758,-0.13809,13.63298,85.89443,359.6207,0,0,0,0,0,0,0.274714,1.093727,-0.184612,346.2528,84.84195,335.467,0,False,False
617.2482,0.094561,1.547947,-0.138163,13.53367,85.89781,359.5646,0,0,0,0,0,0,0.274618,1.093549,-0.18477,346.2841,84.87017,335.3666,0,False,False
617.2594,0.0947,1.548156,-0.138271,13.42835,85.90432,359.5079,0,0,0,0,0,0,0.274626,1.093396,-0.18485,346.3099,84.88476,335.3232,0,False,False
617.2704,0.09482,1.548343,-0.138371,13.30748,85.9227,359.4582,0,0,0,0,0,0,0.2746,1.093195,-0.18498,346.3352,84.90208,335.291,0,False,False
617.2816,0.094914,1.548575,-0.138517,13.19322,85.94427,359.4073,0,0,0,0,0,0,0.274632,1.093116,-0.185054,346.3589,84.90766,335.319,0,False,False
617.2926,0.095012,1.548749,-0.138682,13.07627,85.97845,359.3566,0,0,0,0,0,0,0.27474,1.093056,-0.185219,346.381,84.92899,335.3468,0,False,False
617.3038,0.09507,1.548933,-0.138854,12.95962,86.02643,359.3263,0,0,0,0,0,0,0.274889,1.092991,-0.185378,346.4009,84.95599,335.3976,0,False,False
617.3149,0.09512,1.549095,-0.138961,12.84085,86.07233,359.2947,0,0,0,0,0,0,0.275033,1.092869,-0.185449,346.4077,84.98358,335.4214,0,False,False
617.326,0.095124,1.549288,-0.139134,12.74987,86.12639,359.2464,0,0,0,0,0,0,0.275227,1.093041,-0.185519,346.4089,85.01849,335.4276,0,False,False
617.3373,0.095113,1.549443,-0.139323,12.65882,86.18852,359.1982,0,0,0,0,0,0,0.275434,1.093082,-0.185773,346.3963,85.07616,335.376,0,False,False
617.3482,0.095092,1.549589,-0.139561,12.57332,86.2514,359.1558,0,0,0,0,0,0,0.275527,1.093125,-0.185866,346.3722,85.11717,335.3209,0,False,False
617.3595,0.095031,1.549716,-0.139767,12.50021,86.33385,359.1059,0,0,0,0,0,0,0.275705,1.093266,-0.186084,346.3259,85.13941,335.2703,0,False,False
617.3705,0.094997,1.54985,-0.139977,12.42471,86.40544,359.0638,0,0,0,0,0,0,0.275844,1.093306,-0.186141,346.2812,85.13892,335.2493,0,False,False
617.3815,0.094961,1.549971,-0.14019,12.37313,86.48302,359.0246,0,0,0,0,0,0,0.276059,1.093393,-0.186135,346.2192,85.10004,335.2677,0,False,False
617.3926,0.094908,1.550073,-0.140364,12.31082,86.56516,358.9932,0,0,0,0,0,0,0.276267,1.093542,-0.186052,346.147,85.03046,335.316,0,False,False
617.4037,0.094862,1.550148,-0.140601,12.27614,86.63152,358.9778,0,0,0,0,0,0,0.276596,1.09374,-0.185948,346.0779,84.93154,335.4804,0,False,False
617.4148,0.0948,1.550205,-0.140786,12.23727,86.69747,358.954,0,0,0,0,0,0,0.27685,1.093873,-0.185813,346.0272,84.83321,335.7136,0,False,False
617.426,0.094705,1.550276,-0.14097,12.22341,86.75607,358.9308,0,0,0,0,0,0,0.277005,1.09397,-0.18547,345.9732,84.68438,335.9662,0,False,False
617.437,0.094608,1.550281,-0.141166,12.22969,86.81314,358.92,0,0,0,0,0,0,0.277164,1.094127,-0.185144,345.9066,84.47874,336.1446,0,False,False
617.4482,0.094523,1.550271,-0.14134,12.2161,86.87413,358.9012,0,0,0,0,0,0,0.277272,1.09426,-0.184789,345.8909,84.21677,336.0569,0,False,False
617.4593,0.09438,1.55027,-0.141503,12.2436,86.93267,358.8918,0,0,0,0,0,0,0.277463,1.094466,-0.184126,345.9318,83.88818,335.6741,0,False,False
617.4705,0.094277,1.550245,-0.141648,12.26598,86.99298,358.8639,0,0,0,0,0,0,0.277585,1.094526,-0.183589,346.0612,83.54966,335.2042,0,False,False
617.4814,0.094157,1.550145,-0.141823,12.2939,87.03075,358.868,0,0,0,0,0,0,0.277605,1.094173,-0.183065,346.4751,83.03455,333.6815,0,False,False
617.4927,0.094058,1.550083,-0.14194,12.3172,87.07624,358.8503,0,0,0,0,0,0,0.277675,1.093828,-0.182509,346.86,82.53366,332.3373,0,False,False
617.5037,0.09394,1.550043,-0.142057,12.37389,87.10639,358.8547,0,0,0,0,0,0,0.277845,1.093393,-0.182013,347.313,81.99668,330.8868,0,False,False
617.5147,0.09386,1.549945,-0.142097,12.40916,87.14008,358.8449,0,0,0,0,0,0,0.277971,1.09258,-0.181173,347.9454,81.43365,329.2916,0,False,False
617.5259,0.093763,1.549884,-0.142173,12.46768,87.15574,358.8421,0,0,0,0,0,0,0.27831,1.091799,-0.180346,348.6011,81.01328,328.0843,0,False,False
617.5371,0.093651,1.549772,-0.142214,12.53742,87.18143,358.8495,0,0,0,0,0,0,0.278541,1.090859,-0.179715,349.2938,80.70021,327.2502,0,False,False
617.5482,0.093568,1.549673,-0.142286,12.58908,87.19355,358.8478,0,0,0,0,0,0,0.278646,1.089873,-0.178783,349.9761,80.42976,326.7196,0,False,False
617.5593,0.093474,1.549603,-0.142318,12.6526,87.19549,358.8625,0,0,0,0,0,0,0.278727,1.089002,-0.178215,350.5752,80.20566,326.0876,0,False,False
617.5703,0.093416,1.549491,-0.142323,12.6951,87.21253,358.8717,0,0,0,0,0,0,0.278715,1.088289,-0.177736,351.0304,80.17452,325.5651,0,False,False
617.5814,0.093302,1.549373,-0.142302,12.74197,87.20682,358.8942,0,0,0,0,0,0,0.278624,1.087747,-0.177375,351.3185,80.22112,324.9209,0,False,False
617.5925,0.093185,1.549258,-0.142321,12.7929,87.19839,358.9054,0,0,0,0,0,0,0.278306,1.087465,-0.177078,351.4705,80.30827,324.172,0,False,False
617.6038,0.09308,1.549195,-0.142309,12.85312,87.19761,358.9171,0,0,0,0,0,0,0.277963,1.087379,-0.176985,351.5235,80.40868,323.4356,0,False,False
617.6148,0.092975,1.549121,-0.142288,12.88908,87.19125,358.9111,0,0,0,0,0,0,0.277608,1.087213,-0.176722,351.5953,80.43011,322.752,0,False,False
617.6259,0.092898,1.549022,-0.142247,12.93376,87.1862,358.9066,0,0,0,0,0,0,0.277308,1.08725,-0.176388,351.5926,80.42481,322.1262,0,False,False
617.6369,0.092812,1.548936,-0.142194,12.96967,87.18517,358.8981,0,0,0,0,0,0,0.276962,1.087216,-0.176025,351.5952,80.36378,321.6562,0,False,False
617.6483,0.092747,1.548876,-0.142078,13.00894,87.17017,358.8956,0,0,0,0,0,0,0.27654,1.087084,-0.175428,351.6429,80.26692,321.2626,0,False,False
617.6593,0.092643,1.548814,-0.141982,13.05812,87.16542,358.9034,0,0,0,0,0,0,0.276187,1.087008,-0.174811,351.6724,80.09404,321.1407,0,False,False
617.6704,0.092574,1.548768,-0.141919,13.08541,87.14399,358.9046,0,0,0,0,0,0,0.275753,1.086918,-0.174111,351.7401,79.89613,321.0286,0,False,False
617.6815,0.092492,1.5487,-0.141825,13.11653,87.12595,358.9205,0,0,0,0,0,0,0.275393,1.08681,-0.173415,351.8106,79.68072,320.9442,0,False,False
617.6925,0.092384,1.548629,-0.141759,13.16063,87.1053,358.9529,0,0,0,0,0,0,0.275027,1.086659,-0.172959,351.8707,79.46367,320.8435,0,False,False
617.7036,0.092255,1.548522,-0.141685,13.21125,87.08328,358.9651,0,0,0,0,0,0,0.27475,1.086632,-0.172398,351.9049,79.28631,320.8014,0,False,False
617.7148,0.092148,1.548458,-0.141623,13.25651,87.06537,358.9778,0,0,0,0,0,0,0.274265,1.086742,-0.171856,351.8905,79.12963,320.8937,0,False,False
617.7259,0.092061,1.548327,-0.141524,13.31151,87.03741,358.9711,0,0,0,0,0,0,0.273984,1.086754,-0.171268,351.8437,78.99209,321.0175,0,False,False
617.7371,0.091923,1.548231,-0.141373,13.37518,87.01787,358.9651,0,0,0,0,0,0,0.273809,1.086936,-0.170656,351.7352,78.89323,321.2783,0,False,False
617.748,0.091777,1.548095,-0.141181,13.43509,86.97782,358.9641,0,0,0,0,0,0,0.273644,1.087202,-0.170441,351.6111,78.82119,321.5092,0,False,False
617.7592,0.091632,1.547972,-0.141008,13.49369,86.95296,358.9499,0,0,0,0,0,0,0.273422,1.087435,-0.170081,351.4875,78.73862,321.6729,0,False,False
617.7703,0.091429,1.547868,-0.140805,13.54995,86.92834,358.9547,0,0,0,0,0,0,0.273312,1.087952,-0.169873,351.3268,78.69444,321.816,0,False,False
617.7814,0.091285,1.547751,-0.14063,13.60678,86.90164,358.9547,0,0,0,0,0,0,0.273159,1.088375,-0.169684,351.1677,78.62724,321.8835,0,False,False
617.7924,0.091103,1.547648,-0.140475,13.65151,86.87103,358.9729,0,0,0,0,0,0,0.273152,1.088874,-0.169536,351.0011,78.56714,321.9416,0,False,False
617.8036,0.090871,1.547516,-0.140234,13.69275,86.8492,358.98,0,0,0,0,0,0,0.273017,1.089344,-0.169363,350.8134,78.50381,322.0217,0,False,False
617.8147,0.090661,1.547422,-0.140047,13.73858,86.82587,358.9765,0,0,0,0,0,0,0.272886,1.089841,-0.16922,350.6426,78.44858,322.0872,0,False,False
617.8257,0.090424,1.547355,-0.139854,13.77057,86.8036,358.9904,0,0,0,0,0,0,0.272799,1.090326,-0.169241,350.4744,78.39365,321.9498,0,False,False
617.8369,0.090147,1.547238,-0.139602,13.80281,86.77507,358.9959,0,0,0,0,0,0,0.272787,1.090832,-0.169271,350.2669,78.30321,321.7459,0,False,False
617.8481,0.089885,1.547164,-0.139376,13.84322,86.74901,359.0059,0,0,0,0,0,0,0.272696,1.091368,-0.16915,350.0047,78.19593,321.6237,0,False,False
617.8594,0.08959,1.547121,-0.13922,13.87168,86.7194,358.9966,0,0,0,0,0,0,0.272632,1.092014,-0.169051,349.7229,78.09695,321.5774,0,False,False
617.8704,0.089324,1.547055,-0.139025,13.89022,86.691,358.9915,0,0,0,0,0,0,0.27256,1.092704,-0.169035,349.4435,78.05989,321.6513,0,False,False
617.8814,0.089044,1.547025,-0.138852,13.9024,86.66373,358.9772,0,0,0,0,0,0,0.272603,1.093333,-0.169153,349.1943,78.02834,321.7704,0,False,False
617.8925,0.088773,1.54698,-0.138672,13.90707,86.61978,358.9654,0,0,0,0,0,0,0.272535,1.094065,-0.169202,348.9506,78.04874,321.8821,0,False,False
617.9036,0.088493,1.546952,-0.138485,13.91425,86.58483,358.9508,0,0,0,0,0,0,0.272528,1.094647,-0.16925,348.7202,78.09151,321.9023,0,False,False
617.9147,0.088196,1.546944,-0.138297,13.91147,86.55477,358.9454,0,0,0,0,0,0,0.272425,1.095214,-0.16932,348.4801,78.11547,321.853,0,False,False
617.9257,0.087955,1.54697,-0.138135,13.90757,86.51649,358.9365,0,0,0,0,0,0,0.272467,1.095785,-0.169464,348.2625,78.18686,321.7053,0,False,False
617.9368,0.087699,1.547007,-0.137978,13.88836,86.47351,358.9417,0,0,0,0,0,0,0.272525,1.096354,-0.169676,348.0502,78.27,321.5722,0,False,False
617.9481,0.08743,1.54702,-0.137843,13.86532,86.4371,358.9315,0,0,0,0,0,0,0.272652,1.096863,-0.169818,347.8467,78.35898,321.5851,0,False,False
617.959,0.087205,1.547071,-0.137676,13.83743,86.40244,358.9315,0,0,0,0,0,0,0.272728,1.097377,-0.169871,347.6469,78.43996,321.6758,0,False,False
617.9702,0.086992,1.547131,-0.137525,13.79571,86.36302,358.9177,0,0,0,0,0,0,0.27286,1.097795,-0.169988,347.4773,78.55278,321.9843,0,False,False
617.9813,0.086752,1.54717,-0.137379,13.75967,86.32845,358.9082,0,0,0,0,0,0,0.273007,1.098191,-0.170184,347.318,78.67866,322.374,0,False,False
617.9924,0.086528,1.547204,-0.137205,13.72847,86.30005,358.8945,0,0,0,0,0,0,0.273119,1.098486,-0.170374,347.154,78.82548,322.7825,0,False,False
618.0035,0.086295,1.54725,-0.13709,13.68434,86.26006,358.8775,0,0,0,0,0,0,0.273269,1.098875,-0.170579,346.9699,78.94662,323.1111,0,False,False
618.0148,0.086096,1.547298,-0.136935,13.66011,86.23449,358.863,0,0,0,0,0,0,0.273231,1.099286,-0.170827,346.7719,79.07682,323.3812,0,False,False
618.0258,0.085836,1.547328,-0.136821,13.63627,86.22034,358.852,0,0,0,0,0,0,0.273306,1.099659,-0.171044,346.549,79.16668,323.605,0,False,False
618.0369,0.085637,1.547354,-0.136713,13.61247,86.19797,358.8606,0,0,0,0,0,0,0.273257,1.100055,-0.171375,346.3297,79.2547,323.7779,0,False,False
618.048,0.085449,1.547383,-0.136598,13.59257,86.19051,358.8615,0,0,0,0,0,0,0.273324,1.100425,-0.171633,346.1168,79.34725,323.9596,0,False,False
618.0591,0.085256,1.547396,-0.136484,13.57775,86.18652,358.847,0,0,0,0,0,0,0.273397,1.100804,-0.171948,345.9271,79.46132,324.168,0,False,False
618.0702,0.085181,1.547393,-0.136296,13.55487,86.17895,358.8552,0,0,0,0,0,0,0.273614,1.101106,-0.172235,345.7766,79.58762,324.3856,0,False,False
618.0812,0.085015,1.547404,-0.136131,13.52919,86.17501,358.8518,0,0,0,0,0,0,0.273706,1.101394,-0.172566,345.6535,79.72607,324.628,0,False,False
618.0924,0.084904,1.547428,-0.135958,13.50338,86.19125,358.8534,0,0,0,0,0,0,0.273835,1.101489,-0.172801,345.5814,79.91004,324.9002,0,False,False
618.1035,0.084739,1.547498,-0.135803,13.48359,86.19504,358.869,0,0,0,0,0,0,0.274078,1.101544,-0.173209,345.5313,80.12325,325.1481,0,False,False
618.1145,0.084604,1.547562,-0.135673,13.4708,86.202,358.8828,0,0,0,0,0,0,0.274217,1.101483,-0.173468,345.4935,80.34335,325.4,0,False,False
618.1257,0.084477,1.54761,-0.13554,13.43966,86.23055,358.8968,0,0,0,0,0,0,0.274336,1.101392,-0.173976,345.5242,80.6031,325.6551,0,False,False
618.1368,0.084368,1.547598,-0.135453,13.4103,86.23541,358.9234,0,0,0,0,0,0,0.274609,1.101141,-0.174506,345.5706,80.89326,325.8568,0,False,False
618.1478,0.084279,1.547635,-0.135308,13.38741,86.25694,358.9365,0,0,0,0,0,0,0.274969,1.100925,-0.175223,345.6069,81.24827,326.0038,0,False,False
618.1591,0.084195,1.547688,-0.135133,13.38039,86.27742,358.9582,0,0,0,0,0,0,0.27523,1.100794,-0.175909,345.6171,81.62753,326.1145,0,False,False
618.1702,0.084142,1.547685,-0.134981,13.35424,86.29855,358.9674,0,0,0,0,0,0,0.275582,1.10051,-0.176804,345.6207,82.07347,326.1757,0,False,False
618.1812,0.084078,1.547738,-0.134845,13.32847,86.30138,358.981,0,0,0,0,0,0,0.275899,1.100439,-0.177481,345.6102,82.49446,326.2979,0,False,False
618.1923,0.084026,1.547745,-0.134686,13.31182,86.30798,358.9791,0,0,0,0,0,0,0.276197,1.100246,-0.17809,345.5966,82.86163,326.5959,0,False,False
618.2035,0.084008,1.547772,-0.134496,13.29619,86.31532,358.982,0,0,0,0,0,0,0.276586,1.100071,-0.178546,345.5887,83.16082,327.1105,0,False,False
618.2145,0.084038,1.547805,-0.134288,13.27786,86.30608,358.9944,0,0,0,0,0,0,0.276886,1.099867,-0.178981,345.5624,83.41219,327.7412,0,False,False
618.2256,0.084035,1.547784,-0.134056,13.27407,86.29571,358.9983,0,0,0,0,0,0,0.277278,1.099764,-0.179119,345.5038,83.56587,328.6635,0,False,False
618.2369,0.084058,1.54781,-0.13378,13.26503,86.29293,359.0082,0,0,0,0,0,0,0.277573,1.099506,-0.179328,345.4338,83.6639,329.4999,0,False,False
618.2479,0.084126,1.547775,-0.133564,13.27319,86.27579,359.0098,0,0,0,0,0,0,0.277899,1.099329,-0.179566,345.3651,83.71657,330.1425,0,False,False
618.259,0.084208,1.547737,-0.133361,13.27434,86.26315,359.0102,0,0,0,0,0,0,0.278036,1.09906,-0.179718,345.2508,83.75106,330.5607,0,False,False
618.2701,0.084304,1.547725,-0.133155,13.28456,86.24998,359.0012,0,0,0,0,0,0,0.278276,1.099005,-0.179884,345.1061,83.79922,330.8747,0,False,False
618.2811,0.084417,1.547676,-0.132908,13.29848,86.24616,358.9893,0,0,0,0,0,0,0.278409,1.09897,-0.180229,344.9203,83.83618,331.0001,0,False,False
618.2922,0.084538,1.547638,-0.132719,13.32202,86.23638,358.9953,0,0,0,0,0,0,0.278539,1.099052,-0.180511,344.7366,83.82384,331.1474,0,False,False
618.3033,0.084675,1.547561,-0.132486,13.333,86.22165,358.997,0,0,0,0,0,0,0.278756,1.099125,-0.180825,344.5948,83.85382,331.3384,0,False,False
618.3146,0.084878,1.547474,-0.132223,13.36854,86.20885,359,0,0,0,0,0,0,0.278898,1.099219,-0.180978,344.4517,83.87251,331.4761,0,False,False
618.3257,0.085047,1.547382,-0.131987,13.39833,86.18887,359.0152,0,0,0,0,0,0,0.279082,1.099286,-0.181088,344.3474,83.96024,331.6037,0,False,False
618.3367,0.085256,1.547292,-0.13171,13.44471,86.16953,359.0328,0,0,0,0,0,0,0.279227,1.09944,-0.181032,344.286,84.03699,331.7204,0,False,False
618.3478,0.085467,1.547164,-0.131425,13.48817,86.14758,359.0435,0,0,0,0,0,0,0.279438,1.099521,-0.181203,344.2229,84.10053,331.8206,0,False,False
618.3591,0.085701,1.547038,-0.131145,13.54584,86.12711,359.047,0,0,0,0,0,0,0.279615,1.099472,-0.181145,344.2593,84.18894,331.7731,0,False,False
618.3701,0.085944,1.546909,-0.130884,13.6038,86.09091,359.0573,0,0,0,0,0,0,0.279865,1.099435,-0.181248,344.2852,84.2474,331.7564,0,False,False
618.3812,0.0862,1.546734,-0.130595,13.67532,86.06053,359.0716,0,0,0,0,0,0,0.280108,1.099332,-0.18135,344.3799,84.30238,331.6288,0,False,False
618.3923,0.08648,1.546557,-0.130248,13.73775,86.02735,359.0825,0,0,0,0,0,0,0.2804,1.099111,-0.18139,344.466,84.34319,331.5405,0,False,False
618.4033,0.086759,1.546404,-0.129916,13.81015,86.0024,359.0963,0,0,0,0,0,0,0.280787,1.098809,-0.181387,344.6401,84.39648,331.3855,0,False,False
618.4144,0.087046,1.546281,-0.129623,13.88744,85.97303,359.1071,0,0,0,0,0,0,0.281147,1.098548,-0.181226,344.8153,84.47174,331.2446,0,False,False
618.4255,0.087344,1.546136,-0.12935,13.95629,85.941,359.1178,0,0,0,0,0,0,0.281596,1.098295,-0.181303,344.9625,84.57072,331.0829,0,False,False
618.4368,0.08761,1.54599,-0.129066,14.02343,85.91569,359.1287,0,0,0,0,0,0,0.281912,1.098132,-0.18126,345.0652,84.70106,330.8445,0,False,False
618.4477,0.087876,1.54588,-0.128728,14.08505,85.89063,359.1415,0,0,0,0,0,0,0.282274,1.097933,-0.181312,345.1536,84.8198,330.6064,0,False,False
618.459,0.088204,1.545781,-0.128429,14.1369,85.86953,359.1583,0,0,0,0,0,0,0.28262,1.097694,-0.181402,345.2304,84.94875,330.4295,0,False,False
618.4702,0.088563,1.54571,-0.128131,14.17642,85.8343,359.1707,0,0,0,0,0,0,0.283023,1.097611,-0.181327,345.2948,85.0322,330.3889,0,False,False
618.481,0.089001,1.545642,-0.127835,14.21433,85.81438,359.2041,0,0,0,0,0,0,0.28341,1.097536,-0.181266,345.3294,85.09167,330.3852,0,False,False
618.4923,0.089387,1.545595,-0.127538,14.24141,85.78938,359.2202,0,0,0,0,0,0,0.283696,1.097528,-0.180987,345.3367,85.12827,330.3922,0,False,False
618.5033,0.089739,1.545535,-0.127244,14.27301,85.76836,359.2505,0,0,0,0,0,0,0.283903,1.097617,-0.180839,345.3378,85.15431,330.3952,0,False,False
618.5145,0.090122,1.545499,-0.126956,14.30393,85.75531,359.2666,0,0,0,0,0,0,0.284186,1.097676,-0.180529,345.2962,85.15734,330.402,0,False,False
618.5255,0.090508,1.545506,-0.126692,14.35539,85.73875,359.2906,0,0,0,0,0,0,0.284392,1.097874,-0.180279,345.2542,85.1417,330.4102,0,False,False
618.5367,0.090892,1.545439,-0.126443,14.38791,85.73125,359.2997,0,0,0,0,0,0,0.284701,1.097959,-0.179916,345.2163,85.1092,330.3999,0,False,False
618.5478,0.091302,1.545381,-0.126183,14.4297,85.72825,359.3341,0,0,0,0,0,0,0.284913,1.098078,-0.179575,345.1816,85.08772,330.3671,0,False,False
618.5588,0.091725,1.545332,-0.125926,14.47613,85.71978,359.3477,0,0,0,0,0,0,0.285168,1.098198,-0.179209,345.1368,85.07298,330.3065,0,False,False
618.5699,0.092154,1.545248,-0.125692,14.51561,85.72189,359.3709,0,0,0,0,0,0,0.285303,1.098418,-0.178898,345.0807,85.07542,330.2232,0,False,False
618.5811,0.092598,1.545182,-0.12546,14.56777,85.72884,359.3766,0,0,0,0,0,0,0.285477,1.09858,-0.17845,345.0211,85.06986,330.1398,0,False,False
618.5922,0.093037,1.545091,-0.125258,14.6246,85.73059,359.383,0,0,0,0,0,0,0.285551,1.098701,-0.178111,344.9468,85.05314,330.0765,0,False,False
618.6033,0.093468,1.545,-0.125012,14.67496,85.74186,359.3764,0,0,0,0,0,0,0.285706,1.098933,-0.177819,344.8664,85.0491,330.0531,0,False,False
618.6144,0.093921,1.544913,-0.124805,14.72605,85.75571,359.3682,0,0,0,0,0,0,0.285766,1.099178,-0.177502,344.788,85.05761,330.0499,0,False,False
618.6256,0.094367,1.54482,-0.124629,14.79111,85.76141,359.3515,0,0,0,0,0,0,0.28577,1.099399,-0.177035,344.6811,85.07134,330.1116,0,False,False
618.6365,0.094752,1.544717,-0.124416,14.85115,85.78629,359.3561,0,0,0,0,0,0,0.285785,1.099581,-0.176748,344.5967,85.08823,330.1655,0,False,False
618.6476,0.095208,1.54461,-0.124223,14.91612,85.80484,359.343,0,0,0,0,0,0,0.285765,1.099793,-0.176524,344.5334,85.07813,330.2111,0,False,False
618.6588,0.095631,1.544474,-0.124034,14.98271,85.83873,359.3354,0,0,0,0,0,0,0.285833,1.099909,-0.176046,344.4568,85.07518,330.2005,0,False,False
618.6699,0.096059,1.544343,-0.123841,15.05292,85.87778,359.3303,0,0,0,0,0,0,0.285703,1.100051,-0.175756,344.3609,85.07108,330.1166,0,False,False
618.6809,0.096489,1.544201,-0.123685,15.1266,85.91383,359.32,0,0,0,0,0,0,0.285632,1.100194,-0.175502,344.2622,85.08093,329.9846,0,False,False
618.6924,0.096887,1.544065,-0.123573,15.19151,85.95848,359.2927,0,0,0,0,0,0,0.285635,1.100365,-0.175274,344.1458,85.08977,329.8948,0,False,False
618.7035,0.09727,1.54396,-0.123431,15.26832,86.01786,359.2798,0,0,0,0,0,0,0.285501,1.100594,-0.174803,344.0204,85.06521,329.9013,0,False,False
618.7144,0.097631,1.543866,-0.123301,15.3375,86.07854,359.2562,0,0,0,0,0,0,0.2854,1.100809,-0.174541,343.919,85.03118,329.9412,0,False,False
618.7255,0.097988,1.543736,-0.123195,15.405,86.14796,359.2476,0,0,0,0,0,0,0.285272,1.100847,-0.174166,343.8521,84.97334,330.0656,0,False,False
618.7365,0.098345,1.543608,-0.123071,15.46432,86.21193,359.2197,0,0,0,0,0,0,0.285234,1.100816,-0.173786,343.8109,84.92381,330.1992,0,False,False
618.7477,0.098679,1.543493,-0.12293,15.51998,86.2858,359.2104,0,0,0,0,0,0,0.285238,1.100731,-0.173566,343.7822,84.89714,330.2922,0,False,False
618.7588,0.098979,1.54339,-0.12282,15.58715,86.37236,359.197,0,0,0,0,0,0,0.285245,1.100657,-0.173446,343.7596,84.87436,330.3655,0,False,False
618.77,0.099241,1.543293,-0.122752,15.63895,86.44736,359.1896,0,0,0,0,0,0,0.285162,1.100582,-0.173238,343.7624,84.85713,330.4094,0,False,False
618.7809,0.099486,1.543184,-0.122675,15.69688,86.51176,359.1725,0,0,0,0,0,0,0.285042,1.100531,-0.173184,343.7917,84.83739,330.4585,0,False,False
618.7921,0.099712,1.543118,-0.122602,15.74978,86.59243,359.1502,0,0,0,0,0,0,0.284993,1.100388,-0.173244,343.8178,84.85149,330.4695,0,False,False
618.8032,0.09993,1.54309,-0.122529,15.80437,86.65987,359.1306,0,0,0,0,0,0,0.284962,1.100298,-0.17329,343.8389,84.8891,330.4474,0,False,False
618.8143,0.100131,1.543066,-0.122459,15.82653,86.72593,359.1175,0,0,0,0,0,0,0.28492,1.100168,-0.173376,343.8665,84.91623,330.4313,0,False,False
618.8254,0.100301,1.543041,-0.122379,15.84958,86.78388,359.0977,0,0,0,0,0,0,0.284911,1.100029,-0.17359,343.9083,84.99038,330.3986,0,False,False
618.8364,0.100487,1.543009,-0.122289,15.86627,86.84284,359.0834,0,0,0,0,0,0,0.285041,1.099884,-0.173674,343.9437,85.05386,330.3599,0,False,False
618.8476,0.100666,1.543024,-0.122218,15.86377,86.90683,359.0713,0,0,0,0,0,0,0.285053,1.099694,-0.173834,343.9986,85.12997,330.323,0,False,False
618.8588,0.100842,1.543073,-0.122154,15.8642,86.95999,359.0602,0,0,0,0,0,0,0.285128,1.099545,-0.173991,344.0456,85.1803,330.3215,0,False,False
618.87,0.100993,1.543095,-0.122091,15.86243,87.02432,359.0513,0,0,0,0,0,0,0.285253,1.099307,-0.174073,344.0989,85.2446,330.3393,0,False,False
618.881,0.101136,1.543093,-0.122074,15.85232,87.07828,359.035,0,0,0,0,0,0,0.28529,1.099099,-0.174235,344.151,85.32987,330.3846,0,False,False
618.8931,0.101235,1.543146,-0.122019,15.86278,87.13651,359.0242,0,0,0,0,0,0,0.285388,1.09894,-0.174437,344.2004,85.41906,330.4024,0,False,False
618.9031,0.101302,1.543176,-0.121955,15.86476,87.21284,359.0093,0,0,0,0,0,0,0.285492,1.09883,-0.174769,344.2539,85.52378,330.3909,0,False,False
618.9142,0.10138,1.543156,-0.121919,15.8542,87.27813,358.9981,0,0,0,0,0,0,0.285565,1.098697,-0.175053,344.3073,85.64077,330.3469,0,False,False
618.9255,0.101401,1.543172,-0.121884,15.86062,87.34264,359.0078,0,0,0,0,0,0,0.285667,1.098472,-0.17557,344.3589,85.76754,330.2499,0,False,False
618.9364,0.10144,1.543172,-0.121826,15.87045,87.41433,359.0129,0,0,0,0,0,0,0.285661,1.098567,-0.175955,344.3804,85.94228,330.1269,0,False,False
618.9475,0.101408,1.543179,-0.121814,15.85843,87.48502,359.0314,0,0,0,0,0,0,0.285648,1.098712,-0.176441,344.3769,86.12982,329.9849,0,False,False
618.9587,0.101419,1.543199,-0.121755,15.86109,87.55095,359.0367,0,0,0,0,0,0,0.285614,1.098872,-0.176942,344.3488,86.31316,329.8293,0,False,False
618.9698,0.101424,1.543195,-0.121753,15.84856,87.61898,359.0514,0,0,0,0,0,0,0.285674,1.099042,-0.177374,344.3254,86.50393,329.6652,0,False,False
618.981,0.1014,1.543261,-0.121744,15.83477,87.68896,359.0685,0,0,0,0,0,0,0.285649,1.099416,-0.177972,344.2526,86.70136,329.4556,0,False,False
618.992,0.101396,1.543272,-0.121753,15.81521,87.74765,359.0637,0,0,0,0,0,0,0.285614,1.099876,-0.178575,344.1519,86.91364,329.2704,0,False,False
619.003,0.101366,1.543329,-0.121744,15.79614,87.80381,359.078,0,0,0,0,0,0,0.285512,1.100521,-0.179182,344.0013,87.13264,329.1322,0,False,False
619.0142,0.101363,1.543374,-0.121716,15.76938,87.84421,359.0842,0,0,0,0,0,0,0.285366,1.101237,-0.179731,343.8014,87.3191,329.0354,0,False,False
619.0253,0.101337,1.54347,-0.121667,15.76534,87.88255,359.0826,0,0,0,0,0,0,0.285196,1.102296,-0.180159,343.5319,87.515,328.9512,0,False,False
619.0364,0.101317,1.54354,-0.121626,15.73871,87.8995,359.0829,0,0,0,0,0,0,0.284997,1.103589,-0.180582,343.1829,87.74786,328.8617,0,False,False
619.0475,0.101242,1.543638,-0.121537,15.73348,87.91391,359.0625,0,0,0,0,0,0,0.284748,1.104959,-0.181214,342.8104,88.01134,328.7186,0,False,False
619.0587,0.101172,1.543715,-0.121428,15.72251,87.91235,359.0572,0,0,0,0,0,0,0.284405,1.10689,-0.181659,342.271,88.3875,328.4661,0,False,False
619.0698,0.101114,1.54381,-0.121337,15.69558,87.89677,359.0453,0,0,0,0,0,0,0.284231,1.108788,-0.182112,341.7614,88.74836,328.2072,0,False,False
619.0809,0.10107,1.543964,-0.121196,15.6611,87.86153,359.037,0,0,0,0,0,0,0.284037,1.11142,-0.182266,341.1171,89.12894,327.878,0,False,False
619.0922,0.101031,1.544139,-0.121028,15.62594,87.82864,359.0435,0,0,0,0,0,0,0.28377,1.11448,-0.182227,340.402,89.3523,327.6888,0,False,False
619.103,0.100973,1.544311,-0.120882,15.57742,87.76617,359.0608,0,0,0,0,0,0,0.283557,1.117935,-0.181841,339.6102,89.30233,327.7016,0,False,False
619.1142,0.100918,1.544482,-0.120705,15.52433,87.69189,359.0602,0,0,0,0,0,0,0.283471,1.122027,-0.180956,338.6355,88.98717,327.9833,0,False,False
619.1252,0.100911,1.544779,-0.120451,15.4918,87.60365,359.0536,0,0,0,0,0,0,0.283359,1.126132,-0.180079,337.5804,88.63318,328.3735,0,False,False
619.1364,0.100857,1.545019,-0.120204,15.44262,87.4986,359.0259,0,0,0,0,0,0,0.283398,1.131601,-0.177867,335.9255,87.73994,329.5559,0,False,False
619.1475,0.100837,1.545284,-0.119945,15.38529,87.39021,358.994,0,0,0,0,0,0,0.283476,1.136768,-0.176076,334.4055,87.03554,330.4517,0,False,False
619.1586,0.100823,1.54555,-0.119623,15.32567,87.2802,358.9161,0,0,0,0,0,0,0.283815,1.142613,-0.173919,332.6661,86.20467,331.2161,0,False,False
619.1697,0.100832,1.545783,-0.119298,15.22673,87.19837,358.8422,0,0,0,0,0,0,0.284122,1.148069,-0.171903,331.0336,85.48375,331.6676,0,False,False
619.1808,0.100952,1.545992,-0.118964,15.10828,87.12385,358.7724,0,0,0,0,0,0,0.285843,1.15431,-0.169496,329.2423,84.73823,331.6334,0,False,False
619.192,0.101055,1.546167,-0.118611,14.98655,87.06546,358.7376,0,0,0,0,0,0,0.287216,1.159902,-0.167091,327.6489,83.98234,331.9135,0,False,False
619.2031,0.101265,1.546324,-0.118249,14.86364,87.01028,358.7364,0,0,0,0,0,0,0.289503,1.165598,-0.164182,326.1945,83.23559,332.2885,0,False,False
619.2142,0.101415,1.546415,-0.117851,14.76528,86.96945,358.7664,0,0,0,0,0,0,0.292647,1.171336,-0.160919,324.9154,82.4501,333.1642,0,False,False
619.2253,0.101593,1.546447,-0.117435,14.70096,86.9118,358.8275,0,0,0,0,0,0,0.296256,1.17679,-0.157339,323.7508,81.49729,334.8274,0,False,False
619.2363,0.101765,1.546425,-0.116999,14.67985,86.85992,358.8794,0,0,0,0,0,0,0.299727,1.182212,-0.153523,322.5852,80.41499,336.7355,0,False,False
619.2475,0.101989,1.546319,-0.116475,14.70196,86.80662,358.9388,0,0,0,0,0,0,0.304202,1.187538,-0.149113,321.5357,78.96777,339.449,0,False,False
619.2585,0.102168,1.546243,-0.115953,14.73813,86.76173,358.9746,0,0,0,0,0,0,0.308905,1.192735,-0.144571,320.5811,77.44132,342.0013,0,False,False
619.2696,0.102402,1.546103,-0.11531,14.80507,86.70724,358.9946,0,0,0,0,0,0,0.313928,1.197796,-0.140136,319.7293,75.97726,344.3068,0,False,False
619.2808,0.102647,1.546027,-0.114596,14.83775,86.6412,359.0075,0,0,0,0,0,0,0.31912,1.202812,-0.135566,318.9189,74.55437,346.5154,0,False,False
619.2919,0.102976,1.545919,-0.113877,14.88666,86.55228,359.021,0,0,0,0,0,0,0.325326,1.207513,-0.131041,318.3037,73.3235,348.4163,0,False,False
619.303,0.103325,1.545921,-0.113173,14.90685,86.45628,359.0247,0,0,0,0,0,0,0.332593,1.211896,-0.126303,318.062,72.16291,350.0107,0,False,False
619.314,0.103791,1.545958,-0.112278,14.91669,86.33498,359.022,0,0,0,0,0,0,0.339112,1.216206,-0.121509,317.8256,70.91392,351.6558,0,False,False
619.3251,0.104286,1.546051,-0.111336,14.89518,86.19603,359.0056,0,0,0,0,0,0,0.346652,1.220181,-0.117038,317.904,69.9798,352.6245,0,False,False
619.3362,0.104866,1.546213,-0.11037,14.87962,86.05106,359.0207,0,0,0,0,0,0,0.354009,1.224346,-0.112617,317.8361,69.25705,353.2628,0,False,False
619.3474,0.105516,1.546358,-0.109342,14.83338,85.89117,359.0149,0,0,0,0,0,0,0.362045,1.22823,-0.109196,317.6321,69.30173,352.5749,0,False,False
619.3585,0.106189,1.546516,-0.108277,14.77548,85.72853,359.0211,0,0,0,0,0,0,0.370085,1.23241,-0.10637,317.0262,69.85069,351.3067,0,False,False
619.3696,0.106966,1.546735,-0.107076,14.68354,85.53997,359.0082,0,0,0,0,0,0,0.377756,1.236355,-0.103528,316.3789,70.33883,350.3502,0,False,False
619.3807,0.107757,1.546928,-0.105857,14.60161,85.35576,358.9857,0,0,0,0,0,0,0.385958,1.240007,-0.100903,315.4948,71.25351,349.1136,0,False,False
619.3919,0.108676,1.547133,-0.10458,14.51401,85.14233,358.9757,0,0,0,0,0,0,0.394023,1.243102,-0.098433,314.6116,71.86949,348.5551,0,False,False
619.403,0.109607,1.547299,-0.103183,14.42775,84.92545,358.9761,0,0,0,0,0,0,0.402273,1.245776,-0.094994,313.7717,72.19154,348.4858,0,False,False
619.4141,0.110555,1.547456,-0.101761,14.35118,84.67944,358.9566,0,0,0,0,0,0,0.410415,1.248322,-0.091892,313.0496,72.45166,348.4668,0,False,False
619.4252,0.111627,1.547643,-0.10015,14.28885,84.40443,358.946,0,0,0,0,0,0,0.418696,1.250042,-0.088414,312.5411,72.59838,348.7073,0,False,False
619.4362,0.112706,1.547762,-0.098553,14.21121,84.1282,358.9365,0,0,0,0,0,0,0.427234,1.251593,-0.084885,312.2814,72.84032,348.5976,0,False,False
619.4475,0.113851,1.54791,-0.096876,14.1429,83.80257,358.8996,0,0,0,0,0,0,0.436112,1.25272,-0.081543,312.1236,73.13758,348.1129,0,False,False
619.4584,0.114996,1.548052,-0.095179,14.07478,83.47402,358.8712,0,0,0,0,0,0,0.444851,1.253234,-0.078108,312.0711,73.43889,347.1862,0,False,False
619.4697,0.116219,1.548157,-0.093346,14.00463,83.11547,358.8378,0,0,0,0,0,0,0.453522,1.253963,-0.075007,311.98,73.7537,346.1349,0,False,False
619.4807,0.117484,1.548261,-0.091421,13.93544,82.74131,358.7758,0,0,0,0,0,0,0.462316,1.253747,-0.07163,312.0935,73.98093,344.8217,0,False,False
619.4918,0.118727,1.548355,-0.08955,13.87353,82.36694,358.7289,0,0,0,0,0,0,0.471145,1.253249,-0.068272,312.3269,74.14688,343.7541,0,False,False
619.5028,0.120093,1.548413,-0.087526,13.82293,81.96913,358.6754,0,0,0,0,0,0,0.479688,1.252497,-0.065232,312.6674,74.25733,342.9919,0,False,False
619.514,0.121469,1.548465,-0.085494,13.77605,81.57268,358.6444,0,0,0,0,0,0,0.488416,1.25159,-0.061747,313.0085,74.35698,342.4778,0,False,False
619.5254,0.122892,1.548488,-0.083459,13.73148,81.16768,358.6289,0,0,0,0,0,0,0.496659,1.250284,-0.058605,313.4993,74.3485,342.8995,0,False,False
619.5365,0.124408,1.548563,-0.081364,13.70284,80.78109,358.6203,0,0,0,0,0,0,0.504301,1.248665,-0.055144,313.9208,74.21483,344.2937,0,False,False
619.5516,0.125892,1.548616,-0.079339,13.66061,80.40189,358.6242,0,0,0,0,0,0,0.514057,1.246742,-0.050974,314.2802,74.07435,345.9779,0,False,False
619.5754,0.129056,1.548756,-0.07513,13.63219,79.70613,358.6664,0,0,0,0,0,0,0.526995,1.24469,-0.046592,313.7985,75.14478,344.6275,0,False,False
619.5981,0.13235,1.548769,-0.07111,13.65047,78.99427,358.7688,0,0,0,0,0,0,0.537415,1.243055,-0.044189,313.6628,76.82841,340.3938,0,False,False
619.6221,0.137739,1.548832,-0.065,13.68226,77.96173,358.9761,0,0,0,0,0,0,0.547435,1.241126,-0.041038,313.9347,77.99121,338.3134,0,False,False
619.6451,0.145417,1.548854,-0.05692,13.60552,76.64202,359.1113,0,0,0,0,0,0,0.553865,1.240023,-0.037312,313.846,78.28875,340.7607,0,True,False
619.6686,0.150236,1.548452,-0.053155,13.367,76.10351,359.0005,0,0,0,0,0,0,0.557897,1.240385,-0.034938,313.1458,78.69768,339.7368,0,True,False
619.6918,0.155516,1.547877,-0.049722,13.18688,75.59325,358.9296,0,0,0,0,0,0,0.56095,1.240633,-0.032424,312.5392,78.99314,338.5857,0,True,False
619.7089,0.161231,1.547363,-0.046622,13.33202,75.14822,359.0492,0,0,0,0,0,0,0.562927,1.24055,-0.030614,312.1385,79.3932,338.8127,0,True,False
619.7311,0.16732,1.546503,-0.043926,13.69223,74.82016,359.3426,0,0,0,0,0,0,0.565007,1.239698,-0.029588,311.7614,80.45643,338.9101,0,True,False
619.7535,0.173627,1.545218,-0.041427,14.28379,74.62945,359.5005,0,0,0,0,0,0,0.567679,1.237832,-0.028639,311.9628,81.17062,338.4665,0,True,False
619.7759,0.180057,1.543939,-0.039252,14.99345,74.6274,359.5287,0,0,0,0,0,0,0.571037,1.235248,-0.027522,312.5071,81.44876,337.8759,0,True,False
619.798,0.187036,1.542538,-0.037266,15.80647,74.7765,359.5221,0,0,0,0,0,0,0.574555,1.232412,-0.027386,313.0472,81.81839,337.2296,0,True,False
619.8201,0.194489,1.54097,-0.035533,16.4698,75.01579,359.5072,0,0,0,0,0,0,0.577933,1.229223,-0.028674,313.3495,82.56453,336.782,0,True,False
619.8424,0.202493,1.539418,-0.033653,16.90313,75.28525,359.5378,0,0,0,0,0,0,0.581462,1.226067,-0.031063,313.447,83.59392,336.1245,0,True,False
619.8646,0.211139,1.537933,-0.031753,17.16865,75.57996,359.58,0,0,0,0,0,0,0.585367,1.222552,-0.033658,313.6654,84.43056,335.6007,0,True,False
619.8867,0.220643,1.536255,-0.029848,17.19087,75.77638,359.5386,0,0,0,0,0,0,0.589279,1.218537,-0.037525,313.9251,85.18772,334.992,0,True,False
619.9091,0.230533,1.534481,-0.027771,17.27276,75.85132,359.5265,0,0,0,0,0,0,0.593653,1.214178,-0.043338,313.9778,86.28126,334.3367,0,True,False
619.9311,0.24084,1.532427,-0.025635,17.39468,75.80788,359.5062,0,0,0,0,0,0,0.597801,1.209405,-0.050859,314.0108,87.77843,334.0744,0,True,False
619.9534,0.251738,1.52996,-0.023271,17.50908,75.6121,359.4303,0,0,0,0,0,0,0.602593,1.20421,-0.059617,314.2664,89.58436,333.4727,0,True,False
619.9757,0.263157,1.527197,-0.020785,17.66687,75.20686,359.2941,0,0,0,0,0,0,0.607941,1.198253,-0.069747,314.9287,91.44668,332.2852,0,True,False
619.998,0.275338,1.52421,-0.018323,17.88788,74.68158,359.1716,0,0,0,0,0,0,0.614285,1.191041,-0.081583,315.9468,93.47095,330.6185,0,True,False
620.02,0.28842,1.52101,-0.016223,18.0575,74.11921,359.0174,0,0,0,0,0,0,0.620974,1.183618,-0.092915,316.7861,95.29259,329.4567,0,True,False
620.0422,0.302342,1.517855,-0.014747,18.16603,73.65099,358.7557,0,0,0,0,0,0,0.628369,1.175593,-0.104458,317.5556,96.90302,328.7633,0,True,False
620.0643,0.316831,1.514779,-0.013819,18.35573,73.34684,358.5562,0,0,0,0,0,0,0.636946,1.167241,-0.115738,318.2813,98.23465,328.8358,0,True,False
620.0865,0.331781,1.511827,-0.013366,18.6838,73.20431,358.4093,0,0,0,0,0,0,0.646075,1.159163,-0.127053,318.8862,99.61183,328.9829,0,True,False
620.1089,0.347488,1.509489,-0.013468,18.94111,73.25412,358.2751,0,0,0,0,0,0,0.656028,1.151377,-0.137921,319.4455,100.9452,329.0739,0,True,False
620.1312,0.363873,1.507661,-0.014118,18.96547,73.47622,358.1856,0,0,0,0,0,0,0.667028,1.143798,-0.148442,320.2144,102.1817,328.5734,0,True,False
620.1534,0.372921,1.507154,-0.015031,18.824,73.80021,358.2644,0,0,0,0,0,0,0.678729,1.136688,-0.15802,321.0672,103.3969,328.2358,0,True,False
620.1757,0.389659,1.506109,-0.015982,18.78057,74.19508,358.5302,0,0,0,0,0,0,0.690747,1.131142,-0.166641,321.3113,104.6645,328.3089,0,True,False
620.1865,0.398037,1.505954,-0.016358,18.81421,74.3987,358.7191,0,0,0,0,0,0,0.696188,1.12871,-0.170917,321.127,105.478,328.2939,0,True,False
620.1978,0.40644,1.506251,-0.016839,18.86645,74.59212,358.9584,0,0,0,0,0,0,0.701623,1.12688,-0.175205,320.5284,106.5018,328.4201,0,True,False
620.2087,0.415051,1.507059,-0.017176,18.95584,74.77853,359.2039,0,0,0,0,0,0,0.706695,1.125592,-0.179016,319.7145,107.4103,328.7756,0,True,False
620.2198,0.423777,1.508643,-0.017391,19.15413,74.93592,359.447,0,0,0,0,0,0,0.712097,1.124347,-0.182369,318.9947,108.0566,329.3293,0,True,False
620.231,0.432636,1.511,-0.017454,19.14981,75.11086,359.678,0,0,0,0,0,0,0.718267,1.122922,-0.185402,318.6056,108.4301,329.9595,0,True,False
620.2422,0.441587,1.513026,-0.017342,18.94028,75.28957,359.8683,0,0,0,0,0,0,0.724684,1.121308,-0.188205,318.3585,108.7505,330.6505,0,True,False
620.2531,0.450626,1.515367,-0.017179,18.58817,75.47603,0.043417,0,0,0,0,0,0,0.730828,1.119783,-0.191145,318.2391,109.2089,331.1955,0,True,False
620.2643,0.459461,1.51762,-0.017029,18.36099,75.68798,0.224242,0,0,0,0,0,0,0.737579,1.118322,-0.193963,318.4568,109.8241,331.5737,0,True,False
620.2755,0.468266,1.520097,-0.016792,18.15358,75.91724,0.392254,0,0,0,0,0,0,0.744147,1.116916,-0.196835,318.7397,110.5635,331.7929,0,True,False
620.2864,0.476981,1.522223,-0.016487,17.89993,76.13247,0.530209,0,0,0,0,0,0,0.751068,1.11562,-0.19965,319.3933,111.5511,331.5145,0,True,False
620.2977,0.485393,1.52389,-0.016242,17.70608,76.33753,0.674657,0,0,0,0,0,0,0.758158,1.114396,-0.202584,320.1873,112.6118,330.8562,0,True,False
620.3093,0.493622,1.524944,-0.01594,17.48161,76.54739,0.830987,0,0,0,0,0,0,0.765425,1.113245,-0.205137,321.0177,113.5978,330.0743,0,True,False
620.3204,0.501551,1.525293,-0.015596,17.25156,76.71504,0.896361,0,0,0,0,0,0,0.772773,1.112238,-0.20723,321.8578,114.3895,329.3542,0,True,False
620.3317,0.509286,1.525547,-0.015255,17.1497,76.88963,0.929976,0,0,0,0,0,0,0.780342,1.111277,-0.2091,322.6045,115.0162,328.7686,0,True,False
620.3431,0.51695,1.525599,-0.014789,17.25203,77.03011,0.891021,0,0,0,0,0,0,0.787806,1.110612,-0.210359,323.1454,115.4423,328.3633,0,True,False
620.3546,0.524631,1.525906,-0.014306,17.44412,77.17022,0.823526,0,0,0,0,0,0,0.795316,1.110092,-0.210948,323.4269,115.6193,328.2538,0,True,False
620.3661,0.532218,1.526314,-0.013634,17.72588,77.32671,0.788557,0,0,0,0,0,0,0.802917,1.109743,-0.210848,323.5009,115.5385,328.5686,0,True,False
620.3774,0.539872,1.526532,-0.013004,17.9586,77.47153,0.724772,0,0,0,0,0,0,0.810399,1.109249,-0.210684,323.579,115.4502,328.874,0,True,False
620.3889,0.547261,1.526502,-0.012171,18.18987,77.59773,0.630224,0,0,0,0,0,0,0.818074,1.109113,-0.209768,323.5347,115.092,329.3488,0,True,False
620.4002,0.554693,1.526451,-0.011222,18.41306,77.74632,0.430366,0,0,0,0,0,0,0.825843,1.108643,-0.208452,323.5565,114.6364,329.8157,0,True,False
620.4114,0.562024,1.526419,-0.010252,18.62492,77.87582,0.235055,0,0,0,0,0,0,0.833617,1.10827,-0.207286,323.6822,114.2897,330.168,0,True,False
620.4229,0.569376,1.526531,-0.009163,18.87422,78.00973,0.005997,0,0,0,0,0,0,0.841948,1.107687,-0.205348,323.8986,113.8378,330.536,0,True,False
620.4343,0.576728,1.526674,-0.008143,19.08423,78.13216,359.8344,0,0,0,0,0,0,0.850081,1.10716,-0.203227,324.1978,113.4835,330.6963,0,True,False
620.4457,0.584054,1.526859,-0.006945,19.28736,78.26112,359.6903,0,0,0,0,0,0,0.858076,1.10664,-0.201349,324.562,113.2765,330.6613,0,True,False
620.457,0.591386,1.526976,-0.005686,19.47625,78.3714,359.5316,0,0,0,0,0,0,0.866225,1.106025,-0.199112,324.975,113.1414,330.621,0,True,False
620.4684,0.598821,1.527201,-0.00427,19.67486,78.4917,359.3463,0,0,0,0,0,0,0.874233,1.105379,-0.196656,325.3163,113.0737,330.6097,0,True,False
620.4796,0.6063,1.527417,-0.002981,19.81366,78.59505,359.1918,0,0,0,0,0,0,0.882181,1.105064,-0.193941,325.5926,112.9748,330.6079,0,True,False
620.4912,0.613769,1.527483,-0.001535,19.8989,78.73148,359.0648,0,0,0,0,0,0,0.89047,1.104558,-0.19128,325.8436,112.7957,330.6501,0,True,False
620.5023,0.621266,1.527459,-0.000132,19.95778,78.87537,358.9872,0,0,0,0,0,0,0.898497,1.104427,-0.188103,325.9927,112.5665,330.6312,0,True,False
620.5136,0.628871,1.52739,0.001336,20.02192,79.0546,358.9256,0,0,0,0,0,0,0.906413,1.104546,-0.184738,326.0173,112.3616,330.4612,0,True,False
620.5247,0.636487,1.527124,0.002851,20.03547,79.25331,358.8818,0,0,0,0,0,0,0.913822,1.104875,-0.181265,325.8724,112.3145,330.169,0,True,False
620.5358,0.644195,1.52667,0.004315,20.02043,79.48391,358.8618,0,0,0,0,0,0,0.921161,1.1054,-0.177721,325.528,112.4615,329.8488,0,True,False
620.5469,0.651941,1.526135,0.005789,20.03477,79.70238,358.8533,0,0,0,0,0,0,0.928417,1.105896,-0.174312,325.1823,112.5727,329.7007,0,True,False
620.558,0.652137,1.525638,0.005927,20.00596,79.78033,358.9814,0,0,0,0,0,0,0.935859,1.10666,-0.170404,324.6172,112.6675,329.8519,0,True,False
620.5692,0.660007,1.524856,0.007436,20.05346,80.05143,359.048,0,0,0,0,0,0,0.943515,1.107287,-0.166309,323.9424,112.5938,330.2153,0,True,False
620.5802,0.667882,1.523811,0.008972,20.13499,80.34888,359.112,0,0,0,0,0,0,0.951225,1.108121,-0.161991,323.2131,112.3613,330.6893,0,True,False
620.5915,0.675849,1.522671,0.010486,20.21723,80.65738,359.1585,0,0,0,0,0,0,0.959221,1.108695,-0.157558,322.3975,112.0538,331.1695,0,True,False
620.6024,0.683914,1.521349,0.012098,20.34209,80.99447,359.2065,0,0,0,0,0,0,0.967025,1.109633,-0.153555,321.6162,111.8468,331.5432,0,True,False
620.6135,0.692115,1.519935,0.013708,20.48604,81.34417,359.2536,0,0,0,0,0,0,0.975184,1.110216,-0.149208,320.7367,111.6185,331.9173,0,True,False
620.6248,0.700453,1.518397,0.015403,20.64617,81.68819,359.2935,0,0,0,0,0,0,0.982791,1.110725,-0.144614,319.8791,111.5209,332.1421,0,True,False
620.6357,0.70871,1.516739,0.017159,20.81023,82.04939,359.379,0,0,0,0,0,0,0.99085,1.111193,-0.140464,319.1649,111.5433,332.2083,0,True,False
620.6469,0.717133,1.515022,0.019012,20.96358,82.42857,359.498,0,0,0,0,0,0,0.99932,1.111452,-0.13645,318.5022,111.5957,332.2351,0,True,False
620.6581,0.725746,1.513052,0.02094,21.09022,82.81521,359.6498,0,0,0,0,0,0,1.007884,1.111401,-0.132624,317.9576,111.8677,331.9265,0,True,False
620.6691,0.734301,1.510996,0.022861,21.17916,83.19467,359.8243,0,0,0,0,0,0,1.016663,1.111281,-0.129147,317.5026,112.3095,331.4258,0,True,False
620.6802,0.743,1.50867,0.024917,21.2598,83.59358,0.027767,0,0,0,0,0,0,1.025448,1.111015,-0.125779,317.1619,112.7636,330.97,0,True,False
620.6913,0.751646,1.506361,0.027004,21.36172,84.00918,0.252766,0,0,0,0,0,0,1.034681,1.110621,-0.122309,316.9129,113.1914,330.4987,0,True,False
620.7023,0.760488,1.50406,0.029307,21.50333,84.41367,0.467278,0,0,0,0,0,0,1.044002,1.109986,-0.118861,316.6809,113.5638,329.9748,0,True,False
620.7137,0.769517,1.501763,0.03178,21.64594,84.84676,0.681333,0,0,0,0,0,0,1.053783,1.109323,-0.115331,316.5787,113.8842,329.3062,0,True,False
620.7246,0.778397,1.499483,0.034279,21.74287,85.26292,0.847238,0,0,0,0,0,0,1.063564,1.108489,-0.111876,316.5147,114.1266,328.6715,0,True,False
620.7357,0.787617,1.497225,0.036985,21.83386,85.69334,0.995989,0,0,0,0,0,0,1.073696,1.10761,-0.108704,316.398,114.3345,328.1063,0,True,False
620.7469,0.797014,1.495156,0.039825,21.9368,86.13818,1.106281,0,0,0,0,0,0,1.083659,1.106722,-0.10516,316.2273,114.5162,327.6284,0,True,False
620.7579,0.806575,1.493192,0.042776,21.98618,86.57363,1.187091,0,0,0,0,0,0,1.093622,1.105881,-0.101744,315.9929,114.5906,327.2953,0,True,False
620.769,0.81623,1.491198,0.045836,21.97684,87.01189,1.27977,0,0,0,0,0,0,1.103774,1.105025,-0.097867,315.6555,114.6706,327.1322,0,True,False
620.7801,0.826258,1.489354,0.049222,21.93639,87.47356,1.327255,0,0,0,0,0,0,1.113753,1.104199,-0.094234,315.3116,114.6958,327.1412,0,True,False
620.7913,0.83644,1.487649,0.052643,21.87663,87.91883,1.367968,0,0,0,0,0,0,1.123961,1.10327,-0.090636,315.001,114.7136,327.151,0,True,False
620.8023,0.84701,1.486109,0.056098,21.72938,88.3755,1.39981,0,0,0,0,0,0,1.13403,1.102421,-0.08706,314.7215,114.724,327.029,0,True,False
620.8136,0.857924,1.484817,0.059706,21.6119,88.83863,1.379225,0,0,0,0,0,0,1.144448,1.101486,-0.083383,314.4739,114.6321,326.9003,0,True,False
620.8249,0.869095,1.483965,0.063386,21.57096,89.32646,1.375136,0,0,0,0,0,0,1.154877,1.100548,-0.079877,314.2335,114.4161,326.9331,0,True,False
620.8358,0.880732,1.483616,0.067153,21.49917,89.78885,1.305016,0,0,0,0,0,0,1.164934,1.099586,-0.076339,313.9622,114.1541,327.1434,0,True,False
620.8469,0.892205,1.482716,0.070824,21.29856,90.22295,1.218172,0,0,0,0,0,0,1.175204,1.098465,-0.072646,313.6783,113.7575,327.5962,0,True,False
620.858,0.903929,1.481629,0.074458,20.97843,90.58833,1.102243,0,0,0,0,0,0,1.185531,1.097416,-0.068969,313.411,113.4073,328.0728,0,True,False
620.8691,0.915769,1.480512,0.078152,20.853,90.97239,1.04255,0,0,0,0,0,0,1.195915,1.096259,-0.065596,313.2399,113.0822,328.5339,0,True,False
620.8801,0.927515,1.47965,0.081702,20.89531,91.32358,1.06701,0,0,0,0,0,0,1.206341,1.094994,-0.062359,313.0637,112.8307,328.8886,0,True,False
620.8912,0.939445,1.478508,0.085268,20.85705,91.62402,1.093296,0,0,0,0,0,0,1.216782,1.093546,-0.058839,312.8657,112.5698,329.2133,0,True,False
620.9023,0.95101,1.476717,0.088605,20.64372,91.85162,1.154867,0,0,0,0,0,0,1.227177,1.092109,-0.055739,312.7701,112.3174,329.348,0,True,False
620.9135,0.962675,1.474467,0.09185,20.39763,92.05234,1.21185,0,0,0,0,0,0,1.237881,1.090385,-0.052603,312.7532,112.1121,329.33,0,True,False
620.9246,0.97407,1.471818,0.094918,20.23878,92.2131,1.422257,0,0,0,0,0,0,1.248471,1.088486,-0.049828,312.8192,111.9359,329.1049,0,True,False
620.9356,0.985351,1.469044,0.097976,20.14564,92.35134,1.563259,0,0,0,0,0,0,1.259338,1.086615,-0.046967,312.9204,111.7272,328.8473,0,True,False
620.9467,0.996538,1.465771,0.100896,20.016,92.43365,1.715824,0,0,0,0,0,0,1.269836,1.084565,-0.044273,312.9504,111.5417,328.6281,0,True,False
620.9578,1.007567,1.462085,0.103726,19.81758,92.47967,1.787499,0,0,0,0,0,0,1.280339,1.08257,-0.041721,312.9117,111.47,328.3077,0,True,False
620.9689,1.018606,1.458414,0.106526,19.69122,92.54497,1.928782,0,0,0,0,0,0,1.290725,1.080323,-0.039302,312.7852,111.4482,328.0376,0,True,False
620.9801,1.029433,1.454308,0.109017,19.6146,92.58565,2.110103,0,0,0,0,0,0,1.301135,1.077808,-0.037068,312.6044,111.4501,327.8294,0,True,False
620.9911,1.040151,1.45035,0.111551,19.62424,92.62482,2.226095,0,0,0,0,0,0,1.311152,1.075387,-0.034787,312.4598,111.4111,327.6365,0,True,False
621.0023,1.050586,1.446078,0.113901,19.81312,92.66191,2.36042,0,0,0,0,0,0,1.321175,1.072246,-0.032933,312.3011,111.4481,327.4744,0,True,False
621.0134,1.06089,1.441617,0.116083,19.99744,92.65382,2.490384,0,0,0,0,0,0,1.331364,1.068916,-0.03113,312.2238,111.512,327.4804,0,True,False
621.0245,1.070936,1.437198,0.11814,20.11482,92.63273,2.631414,0,0,0,0,0,0,1.341114,1.065186,-0.029317,312.2821,111.5621,327.5894,0,True,False
621.0355,1.080725,1.432599,0.120112,20.18293,92.57205,2.801488,0,0,0,0,0,0,1.35089,1.061244,-0.027829,312.5108,111.7202,327.4185,0,True,False
621.0467,1.090529,1.427995,0.121951,20.22587,92.51459,2.926705,0,0,0,0,0,0,1.360788,1.057405,-0.026259,312.7618,111.9181,327.0817,0,True,False
621.0578,1.099768,1.423162,0.123424,20.2894,92.48315,2.992147,0,0,0,0,0,0,1.370594,1.053045,-0.025386,313.1905,112.2783,326.5388,0,True,False
621.0689,1.10886,1.418634,0.12507,20.42194,92.48859,3.041727,0,0,0,0,0,0,1.380485,1.048568,-0.024278,313.6077,112.7592,326.1055,0,True,False
621.0801,1.117525,1.414283,0.126518,20.66686,92.50411,3.109593,0,0,0,0,0,0,1.38983,1.044037,-0.023239,313.9069,113.2917,325.7509,0,True,False
621.0911,1.125842,1.410306,0.127744,20.89533,92.48934,3.170939,0,0,0,0,0,0,1.398853,1.039522,-0.02241,314.1632,113.8458,325.5738,0,True,False
621.1022,1.134138,1.406556,0.129054,21.06907,92.42365,3.26199,0,0,0,0,0,0,1.407828,1.035138,-0.021339,314.3525,114.3454,325.5869,0,True,False
621.1133,1.14195,1.402899,0.130017,21.16077,92.31376,3.355151,0,0,0,0,0,0,1.416045,1.030739,-0.020185,314.4132,114.7377,325.989,0,True,False
621.1245,1.14982,1.399304,0.131004,21.22723,92.18517,3.478506,0,0,0,0,0,0,1.424413,1.026479,-0.018633,314.4395,114.9505,326.4468,0,True,False
621.1356,1.157129,1.395849,0.131714,21.24573,92.04082,3.60498,0,0,0,0,0,0,1.432754,1.02213,-0.017154,314.466,115.1056,326.8448,0,True,False
621.1467,1.164416,1.392387,0.132365,21.31002,91.94837,3.731205,0,0,0,0,0,0,1.440832,1.018014,-0.015178,314.3817,114.9666,327.5318,0,True,False
621.1578,1.171187,1.389048,0.132898,21.38751,91.88814,3.789418,0,0,0,0,0,0,1.448426,1.013981,-0.013164,314.2343,114.6952,328.2223,0,True,False
621.1689,1.177567,1.385632,0.133171,21.46877,91.90031,3.796703,0,0,0,0,0,0,1.455421,1.00979,-0.011392,314.1324,114.3669,328.8118,0,True,False
621.18,1.183902,1.382239,0.133561,21.57675,91.95309,3.783398,0,0,0,0,0,0,1.462714,1.005685,-0.009322,314.1435,113.9071,329.3878,0,True,False
621.1912,1.189761,1.378586,0.133768,21.65665,92.07008,3.686802,0,0,0,0,0,0,1.46967,1.001294,-0.007767,314.3529,113.5294,329.7036,0,True,False
621.2022,1.195406,1.374938,0.133856,21.77326,92.22083,3.55695,0,0,0,0,0,0,1.476718,0.996963,-0.006207,314.5971,113.297,329.8521,0,True,False
621.2133,1.200862,1.371282,0.134031,21.94071,92.40747,3.431036,0,0,0,0,0,0,1.483307,0.992358,-0.00495,315.0301,113.2878,329.7101,0,True,False
621.2244,1.206162,1.36757,0.13411,22.1192,92.59044,3.348839,0,0,0,0,0,0,1.489557,0.987592,-0.004169,315.4911,113.4781,329.4739,0,True,False
621.2355,1.211273,1.363906,0.134224,22.31659,92.75227,3.333584,0,0,0,0,0,0,1.495823,0.98274,-0.003483,315.9128,113.6031,329.2743,0,True,False
621.2466,1.216201,1.360274,0.134186,22.5229,92.88686,3.346494,0,0,0,0,0,0,1.501659,0.977736,-0.003057,316.3737,113.7978,329.1577,0,True,False
621.2578,1.221147,1.356705,0.134279,22.7078,93.03942,3.387411,0,0,0,0,0,0,1.507175,0.972622,-0.002589,316.6601,113.8671,329.3549,0,True,False
621.2689,1.225841,1.353205,0.134294,22.85621,93.16167,3.407107,0,0,0,0,0,0,1.512249,0.967694,-0.002169,316.812,113.8063,329.6223,0,True,False
621.2799,1.230573,1.34979,0.134383,22.96838,93.2769,3.4183,0,0,0,0,0,0,1.51741,0.962717,-0.00158,316.9644,113.6472,329.936,0,True,False
621.2911,1.235219,1.346335,0.134454,23.01754,93.36547,3.40859,0,0,0,0,0,0,1.522308,0.957543,-0.000952,317.0638,113.2295,330.4631,0,True,False
621.3021,1.239791,1.342943,0.134605,23.08856,93.46018,3.402139,0,0,0,0,0,0,1.527013,0.952221,-0.000394,317.2264,112.7699,330.957,0,True,False
621.3132,1.244393,1.339654,0.134691,23.16434,93.54181,3.383449,0,0,0,0,0,0,1.531533,0.946937,0.000022,317.4423,112.3392,331.4206,0,True,False
621.3244,1.248996,1.336395,0.134761,23.24106,93.62286,3.39802,0,0,0,0,0,0,1.535936,0.941524,0.000295,317.6287,111.9139,332.0236,0,True,False
621.3355,1.253443,1.333233,0.134887,23.30005,93.68819,3.421006,0,0,0,0,0,0,1.54028,0.936152,0.000576,317.7486,111.5271,332.6343,0,True,False
621.3467,1.257802,1.329921,0.134916,23.3989,93.73858,3.469573,0,0,0,0,0,0,1.544124,0.930842,0.000702,317.8058,111.0368,333.4586,0,True,False
621.3577,1.261957,1.326745,0.134765,23.53689,93.79755,3.532151,0,0,0,0,0,0,1.547773,0.92558,0.000965,317.8844,110.3931,334.3243,0,True,False
621.3687,1.265929,1.323569,0.134704,23.70173,93.85477,3.576379,0,0,0,0,0,0,1.551422,0.920529,0.001146,317.9866,109.7761,335.126,0,True,False
621.3801,1.269877,1.320455,0.134578,23.83469,93.93675,3.613913,0,0,0,0,0,0,1.55442,0.915485,0.00139,318.0618,109.0368,336.2792,0,True,False
621.3909,1.27368,1.31753,0.134432,23.97213,94.02566,3.655461,0,0,0,0,0,0,1.557775,0.910602,0.001578,318.1627,108.4321,337.1948,0,True,False
621.4021,1.27747,1.314641,0.134293,24.08659,94.12262,3.705103,0,0,0,0,0,0,1.560539,0.906095,0.001398,318.2462,107.8941,337.9169,0,True,False
621.4133,1.281078,1.311972,0.13405,24.16391,94.22597,3.769924,0,0,0,0,0,0,1.562997,0.901648,0.001098,318.2998,107.4916,338.5737,0,True,False
621.4243,1.284595,1.309385,0.133823,24.19124,94.30542,3.842734,0,0,0,0,0,0,1.565135,0.897582,0.000791,318.2923,107.1946,339.3165,0,True,False
621.4355,1.288037,1.306889,0.133569,24.18247,94.4053,3.940499,0,0,0,0,0,0,1.567172,0.893673,0.000454,318.2061,106.9557,340.0234,0,True,False
621.4466,1.291396,1.304518,0.133271,24.18252,94.48279,4.049269,0,0,0,0,0,0,1.568627,0.89018,-0.000137,318.0138,106.9017,340.674,0,True,False
621.4577,1.294634,1.30219,0.133011,24.2296,94.53666,4.159652,0,0,0,0,0,0,1.570044,0.887022,-0.000637,317.8719,106.8756,341.2133,0,True,False
621.4687,1.297729,1.299942,0.132708,24.29115,94.56119,4.266318,0,0,0,0,0,0,1.571552,0.883638,-0.001216,317.8759,106.808,341.4468,0,True,False
621.4799,1.300816,1.297752,0.132499,24.37307,94.5608,4.326363,0,0,0,0,0,0,1.573189,0.880307,-0.001641,317.9406,106.6705,341.6007,0,True,False
621.491,1.303643,1.295708,0.132305,24.4625,94.5373,4.359361,0,0,0,0,0,0,1.574624,0.877169,-0.002063,318.1573,106.4642,341.5597,0,True,False
621.502,1.30631,1.293828,0.132128,24.56395,94.50243,4.372177,0,0,0,0,0,0,1.576148,0.874217,-0.002431,318.411,106.2206,341.6239,0,True,False
621.5131,1.308978,1.29195,0.131898,24.68982,94.4818,4.406329,0,0,0,0,0,0,1.577561,0.871219,-0.002581,318.5719,105.9759,341.8541,0,True,False
621.5242,1.311473,1.290244,0.131642,24.81601,94.43546,4.436245,0,0,0,0,0,0,1.578891,0.868503,-0.002803,318.7099,105.7662,341.9902,0,True,False
621.5354,1.313893,1.288601,0.13142,24.93543,94.38892,4.486464,0,0,0,0,0,0,1.580119,0.86594,-0.002929,318.782,105.5762,342.0727,0,True,False
621.5466,1.316137,1.287148,0.131171,25.09482,94.34738,4.510926,0,0,0,0,0,0,1.581046,0.863839,-0.002715,318.774,105.3926,342.2155,0,True,False
621.5577,1.318268,1.285733,0.130858,25.22336,94.32256,4.549484,0,0,0,0,0,0,1.581968,0.861621,-0.002782,318.7547,105.2417,342.3819,0,True,False
621.5687,1.320259,1.284399,0.130464,25.38187,94.30511,4.57678,0,0,0,0,0,0,1.582978,0.859523,-0.002985,318.7505,105.1224,342.4363,0,True,False
621.5798,1.322093,1.283227,0.13007,25.52447,94.30262,4.587937,0,0,0,0,0,0,1.584008,0.857561,-0.003155,318.7733,105.0311,342.3672,0,True,False
621.5909,1.323913,1.281988,0.129651,25.64366,94.31445,4.60348,0,0,0,0,0,0,1.585149,0.855532,-0.003098,318.8138,104.9212,342.3766,0,True,False
621.6021,1.325572,1.280883,0.129212,25.73571,94.3303,4.609991,0,0,0,0,0,0,1.58628,0.853779,-0.00314,318.8799,104.8635,342.3258,0,True,False
621.613,1.32728,1.27985,0.128809,25.81443,94.35114,4.622713,0,0,0,0,0,0,1.587396,0.852024,-0.003159,318.9522,104.8406,342.1727,0,True,False
621.6243,1.328889,1.278917,0.128327,25.8595,94.37004,4.647274,0,0,0,0,0,0,1.588534,0.850498,-0.00317,318.9728,104.8188,342.0123,0,True,False
621.6353,1.330492,1.278054,0.127872,25.89356,94.38401,4.685406,0,0,0,0,0,0,1.589363,0.849055,-0.003517,318.9467,104.7733,341.9196,0,True,False
621.6475,1.332129,1.277221,0.127357,25.9008,94.39909,4.715971,0,0,0,0,0,0,1.59033,0.847956,-0.003459,318.8117,104.7631,341.7685,0,True,False
621.6577,1.33362,1.276374,0.126727,25.85402,94.42909,4.753566,0,0,0,0,0,0,1.591084,0.847235,-0.003314,318.6546,104.7229,341.651,0,True,False
621.6689,1.335194,1.2756,0.126213,25.81288,94.46146,4.790134,0,0,0,0,0,0,1.592125,0.846372,-0.00294,318.507,104.6229,341.5775,0,True,False
621.6799,1.336777,1.274955,0.125542,25.69347,94.49972,4.804249,0,0,0,0,0,0,1.593048,0.845579,-0.002534,318.3743,104.5108,341.5809,0,True,False
621.6909,1.338312,1.274181,0.124946,25.59617,94.53529,4.815698,0,0,0,0,0,0,1.594098,0.84483,-0.002227,318.213,104.3927,341.5635,0,True,False
621.702,1.339817,1.273635,0.124356,25.40574,94.56503,4.77963,0,0,0,0,0,0,1.594854,0.844406,-0.002015,318.0423,104.3126,341.4413,0,True,False
621.7131,1.341288,1.273118,0.12368,25.16747,94.58926,4.676871,0,0,0,0,0,0,1.595836,0.843897,-0.001565,317.9132,104.2935,341.216,0,True,False
621.7241,1.342723,1.272544,0.123146,24.95239,94.62623,4.611765,0,0,0,0,0,0,1.596786,0.84328,-0.00143,317.787,104.3151,341.0106,0,True,False
621.7354,1.344145,1.272034,0.122504,24.68257,94.64052,4.478571,0,0,0,0,0,0,1.597597,0.84292,-0.001561,317.6542,104.4247,340.8748,0,True,False
621.7465,1.345556,1.271522,0.121899,24.40672,94.67274,4.352351,0,0,0,0,0,0,1.598468,0.842384,-0.001455,317.4788,104.5682,340.8599,0,True,False
621.7575,1.346905,1.271035,0.121349,24.1741,94.67323,4.218524,0,0,0,0,0,0,1.599261,0.842102,-0.001414,317.325,104.7297,340.6935,0,True,False
621.7687,1.348156,1.270465,0.120705,23.97141,94.67809,4.117309,0,0,0,0,0,0,1.600127,0.841677,-0.001412,317.1778,104.9108,340.4047,0,True,False
621.7797,1.349366,1.269946,0.120062,23.78691,94.68652,4.04965,0,0,0,0,0,0,1.60087,0.841434,-0.00143,317.058,105.0662,340.0812,0,True,False
621.791,1.350497,1.269439,0.119414,23.62999,94.73092,3.986517,0,0,0,0,0,0,1.601694,0.841125,-0.001441,317.0017,105.1396,339.886,0,True,False
621.8019,1.351613,1.268956,0.118762,23.48261,94.77947,3.943689,0,0,0,0,0,0,1.602536,0.840671,-0.001367,316.965,105.1755,339.7064,0,True,False
621.813,1.352659,1.268528,0.118088,23.34352,94.85673,3.902843,0,0,0,0,0,0,1.60348,0.840222,-0.001317,317.007,105.1582,339.4455,0,True,False
621.8244,1.353669,1.268121,0.117434,23.19372,94.93587,3.859329,0,0,0,0,0,0,1.604274,0.839758,-0.001259,317.0123,105.151,339.1956,0,True,False
621.8353,1.354568,1.26772,0.11683,23.08363,95.02451,3.814675,0,0,0,0,0,0,1.604843,0.839476,-0.001157,316.9302,105.1546,339.093,0,True,False
621.8463,1.35549,1.267302,0.116199,22.96644,95.12514,3.777187,0,0,0,0,0,0,1.605362,0.839288,-0.001034,316.8184,105.1274,339.0007,0,True,False
621.8578,1.35628,1.266881,0.115608,22.86042,95.24651,3.728203,0,0,0,0,0,0,1.605888,0.838865,-0.000873,316.7143,105.0915,338.8834,0,True,False
621.8685,1.35698,1.266532,0.115012,22.76875,95.34653,3.69645,0,0,0,0,0,0,1.606301,0.838578,-0.000733,316.6002,105.0464,338.8615,0,True,False
621.8798,1.357714,1.266198,0.114374,22.69939,95.4314,3.681994,0,0,0,0,0,0,1.60657,0.838267,-0.000599,316.4881,104.9861,338.9053,0,True,False
621.8907,1.358367,1.265966,0.113835,22.65377,95.51532,3.695641,0,0,0,0,0,0,1.606951,0.837866,-0.000387,316.4164,104.8947,338.9368,0,True,False
621.9019,1.359025,1.265745,0.113278,22.59461,95.58603,3.710633,0,0,0,0,0,0,1.607413,0.837431,-0.000133,316.4123,104.7868,339.004,0,True,False
621.9131,1.359551,1.265609,0.112672,22.53811,95.62625,3.74334,0,0,0,0,0,0,1.60788,0.836898,0.000082,316.4116,104.7003,338.9685,0,True,False
621.9241,1.36002,1.265484,0.112172,22.49169,95.66832,3.789414,0,0,0,0,0,0,1.60837,0.836283,0.000294,316.4894,104.6164,338.9729,0,True,False
621.9352,1.360476,1.265326,0.111627,22.45011,95.68661,3.819763,0,0,0,0,0,0,1.608791,0.835653,0.000582,316.5645,104.514,338.9977,0,True,False
621.9463,1.360827,1.265248,0.111142,22.4338,95.72302,3.865487,0,0,0,0,0,0,1.60917,0.835075,0.000843,316.6117,104.43,338.9512,0,True,False
621.9574,1.361092,1.265119,0.110634,22.41584,95.74879,3.891974,0,0,0,0,0,0,1.609394,0.834604,0.001125,316.648,104.3441,338.8978,0,True,False
621.9686,1.361357,1.265046,0.11015,22.43047,95.7812,3.91636,0,0,0,0,0,0,1.60963,0.834055,0.001342,316.6526,104.2529,338.8849,0,True,False
621.9797,1.361584,1.264968,0.109673,22.43973,95.80021,3.928029,0,0,0,0,0,0,1.609679,0.833691,0.001454,316.6345,104.1546,338.9015,0,True,False
621.9907,1.361629,1.264973,0.109247,22.48251,95.79785,3.922362,0,0,0,0,0,0,1.609703,0.833385,0.001506,316.6296,104.0635,338.8727,0,True,False
622.0018,1.361709,1.264955,0.108848,22.5081,95.78236,3.921358,0,0,0,0,0,0,1.609713,0.83307,0.001685,316.6597,104.023,338.8266,0,True,False
622.013,1.361774,1.264985,0.108435,22.51411,95.76077,3.888063,0,0,0,0,0,0,1.60965,0.832748,0.001575,316.7009,104.082,338.7453,0,True,False
622.0242,1.361783,1.265088,0.108033,22.50017,95.74029,3.820174,0,0,0,0,0,0,1.609437,0.832691,0.001657,316.7145,104.1609,338.8809,0,False,False
622.0352,1.361797,1.265258,0.107654,22.4884,95.72064,3.757235,0,0,0,0,0,0,1.609118,0.832598,0.001684,316.7398,104.27,339.2067,0,False,False
622.0462,1.361725,1.265496,0.107253,22.47249,95.71272,3.673069,0,0,0,0,0,0,1.608745,0.832504,0.001839,316.7762,104.3836,339.5262,0,False,False
622.0574,1.361624,1.265692,0.106864,22.47398,95.68945,3.594671,0,0,0,0,0,0,1.608155,0.832427,0.001749,316.8593,104.5122,339.5698,0,False,False
622.0685,1.361467,1.265959,0.106528,22.49899,95.67632,3.519022,0,0,0,0,0,0,1.607554,0.832311,0.001584,316.9627,104.668,339.2801,0,False,False
622.0797,1.361224,1.266213,0.106191,22.51919,95.66965,3.4677,0,0,0,0,0,0,1.606545,0.832365,0.001338,317.1108,104.82,338.4935,0,False,False
622.0908,1.360914,1.266497,0.10586,22.53819,95.66573,3.4161,0,0,0,0,0,0,1.605666,0.832279,0.001419,317.1573,104.8554,338.2254,0,False,False
622.1018,1.360587,1.266843,0.105554,22.55774,95.68538,3.380622,0,0,0,0,0,0,1.604241,0.832583,0.001542,317.0829,104.7459,338.2371,0,False,False
622.1129,1.360252,1.267256,0.105223,22.58168,95.71682,3.361875,0,0,0,0,0,0,1.602927,0.832815,0.001817,316.9851,104.6529,338.3658,0,False,False
622.124,1.359858,1.267765,0.104935,22.61109,95.74597,3.320104,0,0,0,0,0,0,1.601069,0.83327,0.002323,316.768,104.4968,338.8273,0,False,False
622.1351,1.359373,1.268247,0.104659,22.63109,95.79541,3.294256,0,0,0,0,0,0,1.598593,0.833702,0.002579,316.4878,104.3291,339.4237,0,False,False
622.1523,1.358734,1.268787,0.104406,22.6582,95.84266,3.256539,0,0,0,0,0,0,1.594278,0.834978,0.003457,316.075,103.9945,340.3661,0,False,False
622.1763,1.357413,1.270169,0.103964,22.65774,95.93169,3.202645,0,0,0,0,0,0,1.58731,0.836176,0.003248,316.0457,104.3922,339.3966,0,False,False
622.2009,1.354898,1.272843,0.103482,22.62482,96.06284,3.156536,0,0,0,0,0,0,1.57902,0.837273,0.0027,316.5273,105.2071,337.9461,0,False,False
622.2247,1.352821,1.275083,0.103375,22.58196,96.19758,3.188463,0,0,0,0,0,0,1.568413,0.837954,0.000768,317.8538,107.0301,335.9842,0,False,False
622.2494,1.348345,1.279966,0.103141,22.46881,96.4613,3.328376,0,0,0,0,0,0,1.554139,0.838593,-0.001644,320.1968,109.843,333.5864,0,False,False
622.273,1.345186,1.282948,0.103156,22.43127,96.57537,3.497912,0,0,0,0,0,0,1.538367,0.839292,-0.002978,322.7207,111.9539,331.0698,0,False,False
622.2969,1.341889,1.286001,0.103145,22.48895,96.70574,3.532407,0,0,0,0,0,0,1.520416,0.839947,-0.003372,325.042,113.3555,328.7637,0,False,False
622.3205,1.338378,1.289468,0.102861,22.51868,96.86453,3.591021,0,0,0,0,0,0,1.499943,0.840541,-0.001284,326.9897,113.5063,327.5442,0,False,False
622.3444,1.334563,1.293299,0.102416,22.53383,97.05289,3.664815,0,0,0,0,0,0,1.477883,0.840777,0.002512,328.9703,112.8652,327.0258,0,False,False
622.3676,1.330246,1.297316,0.101837,22.5451,97.13412,3.688898,0,0,0,0,0,0,1.454751,0.840709,0.007108,331.21,111.8381,326.7516,0,False,False
622.3907,1.323598,1.304023,0.1011,22.43036,97.15762,3.399047,0,0,0,0,0,0,1.430413,0.839632,0.012298,333.687,110.4684,326.6972,0,False,False
622.4133,1.316331,1.311627,0.100331,22.28747,97.3252,3.152391,0,0,0,0,0,0,1.405962,0.838234,0.017753,336.1884,108.9452,326.8806,0,False,False
622.4381,1.307133,1.320717,0.099398,22.92874,97.29421,3.721963,0,0,0,0,0,0,1.37794,0.836068,0.024628,339.0219,106.7607,327.6325,0,False,False
622.4635,1.296583,1.329684,0.098131,24.31222,96.99163,4.91252,0,0,0,0,0,0,1.348913,0.833815,0.031656,342.267,104.1606,328.9343,0,False,False
622.4968,1.285779,1.338542,0.096218,25.14314,97.02956,6.181129,0,0,0,0,0,0,1.310222,0.831673,0.039018,347.067,101.1015,330.4393,0,False,False
622.5301,1.273443,1.34742,0.093541,24.95027,97.02528,6.396253,0,0,0,0,0,0,1.270816,0.833188,0.042384,351.2856,99.53851,331.534,0,False,False
622.5638,1.260018,1.356999,0.090865,25.07555,97.17546,6.259489,0,0,0,0,0,0,1.231983,0.838145,0.042912,354.5437,98.31169,332.663,0,False,False
622.5967,1.243989,1.367765,0.088022,24.22622,96.89993,5.563616,0,0,0,0,0,0,1.196675,0.845686,0.042582,356.519,96.58398,334.3251,0,False,False
622.6301,1.226415,1.380383,0.085464,23.6698,96.69293,5.306857,0,0,0,0,0,0,1.16516,0.855214,0.041445,357.6506,94.51089,335.6188,0,False,False
622.6634,1.206437,1.393371,0.082995,23.29229,95.92015,5.656614,0,0,0,0,0,0,1.137662,0.865499,0.037684,358.2185,93.07157,336.3636,0,False,False
622.6967,1.184505,1.407478,0.079767,22.55332,95.53817,5.994799,0,0,0,0,0,0,1.115119,0.875474,0.032005,358.2812,91.75031,336.3467,0.152941,False,False
622.73,1.161697,1.42053,0.076231,21.46,95.14694,6.485815,0,0,0,0,0,0,1.096853,0.884703,0.026536,357.54,89.94441,337.3067,1,False,True
622.7635,1.137888,1.432096,0.072548,20.11202,93.99406,6.478272,0,0,0,0,0,0,1.082865,0.893445,0.019794,356.47,87.94259,337.3575,1,False,True
622.7967,1.113444,1.442523,0.067867,19.28989,92.96655,6.010985,0,0,0,0,0,0,1.071948,0.901364,0.012794,354.9765,86.13045,338.8233,1,False,True
622.83,1.086902,1.450864,0.061652,19.23986,91.87537,5.33641,0,0,0,0,0,0,1.063888,0.908986,0.004065,353.1006,85.02843,340.4509,1,False,True
622.8635,1.059026,1.456714,0.054395,19.79634,90.80756,4.388238,0,0,0,0,0,0,1.057791,0.914062,-0.004776,352.071,84.25378,342.7443,1,False,True
622.8967,1.032141,1.462713,0.046572,20.14546,89.64031,3.497375,0,0,0,0,0,0,1.053468,0.917455,-0.014658,351.9942,84.07358,344.652,0.337255,False,True
622.9301,1.006794,1.469061,0.038171,20.04929,88.58231,2.794286,0,0,0,0,0,0,1.049406,0.921426,-0.026066,351.8136,84.99698,345.8681,0,False,False
622.9633,0.982935,1.475497,0.029926,19.48731,87.88148,2.164039,0,0,0,0,0,0,1.044847,0.926283,-0.039283,351.6031,87.15002,345.5855,0,False,False
622.9965,0.959195,1.48064,0.022138,19.35352,87.74055,2.319113,0,0,0,0,0,0,1.039135,0.931998,-0.052417,351.5027,89.36386,345.0946,0,False,False
623.03,0.938285,1.486378,0.01508,18.73591,87.61818,3.538064,0,0,0,0,0,0,1.031509,0.937147,-0.066205,352.0264,91.44821,343.5152,0,False,False
623.0637,0.921003,1.494234,0.008924,17.39112,87.46764,4.512406,0,0,0,0,0,0,1.021064,0.940072,-0.081649,353.2744,93.70577,340.1639,0,False,False
623.0965,0.903372,1.499664,0.003559,17.17155,87.94358,4.404608,0,0,0,0,0,0,1.007549,0.943639,-0.098336,353.4624,96.4207,339.9114,0,False,False
623.1299,0.890701,1.501112,0.000378,18.45887,88.61021,3.959823,0,0,0,0,0,0,0.990253,0.948607,-0.114775,352.7052,98.90541,343.1946,0,False,False
623.1632,0.87341,1.505914,-0.004218,18.9733,89.24902,3.596198,0,0,0,0,0,0,0.970472,0.952456,-0.131127,352.3837,101.4239,344.8661,0,False,False
623.1853,0.863365,1.509879,-0.006654,18.53747,89.58895,3.20778,0,0,0,0,0,0,0.956384,0.953469,-0.141291,352.7178,102.9549,344.7903,0,False,False
623.2078,0.853376,1.513184,-0.008712,17.98177,89.84463,2.889583,0,0,0,0,0,0,0.94154,0.95381,-0.150265,353.2425,104.1248,345.7661,0,False,False
623.2299,0.843217,1.51617,-0.010426,17.79851,90.04945,2.779881,0,0,0,0,0,0,0.926834,0.953846,-0.158384,353.7784,105.0666,347.2363,0,False,False
623.252,0.83334,1.518795,-0.011818,17.7245,90.19,2.749929,0,0,0,0,0,0,0.911824,0.953619,-0.165646,354.368,105.7842,348.3689,0,False,False
623.2742,0.823602,1.521286,-0.012628,17.58211,90.31357,2.608754,0,0,0,0,0,0,0.896427,0.953591,-0.172619,354.7679,106.5698,348.8073,0,False,False
623.2964,0.814172,1.522882,-0.013155,17.43928,90.41238,2.44738,0,0,0,0,0,0,0.881123,0.953639,-0.178803,355.1031,107.2487,349.6197,0,False,False
623.3197,0.805146,1.523856,-0.013189,17.35949,90.43648,2.530706,0,0,0,0,0,0,0.866237,0.953449,-0.18423,355.5704,107.8286,350.6634,0,False,False
623.341,0.796472,1.52405,-0.012957,17.30622,90.31551,2.794533,0,0,0,0,0,0,0.851327,0.953024,-0.189397,356.1183,108.4926,351.2614,0,False,False
623.3632,0.788111,1.523417,-0.012434,17.47974,90.14391,3.118977,0,0,0,0,0,0,0.836728,0.952731,-0.19436,356.628,109.3714,351.3099,0,False,False
623.3852,0.779845,1.521755,-0.011346,18.04278,90.05161,3.289798,0,0,0,0,0,0,0.822213,0.952224,-0.199289,357.1261,110.4215,351.2467,0,False,False
623.4075,0.771229,1.518507,-0.009815,19.10466,90.0119,3.399501,0,0,0,0,0,0,0.807773,0.951474,-0.203998,357.6529,111.6138,351.5003,0,False,False
623.4296,0.76198,1.514453,-0.007901,20.64023,89.99497,3.575643,0,0,0,0,0,0,0.793679,0.950705,-0.208211,357.9923,112.8698,351.8905,0,False,False
623.4518,0.752525,1.509841,-0.005715,22.37213,89.95738,3.824737,0,0,0,0,0,0,0.779501,0.950044,-0.212234,358.1947,114.1906,352.2185,0,False,False
623.4742,0.743127,1.50511,-0.003158,24.09602,89.938,3.940452,0,0,0,0,0,0,0.765871,0.949271,-0.215706,358.1968,115.6308,352.6605,0,False,False
623.4963,0.733667,1.500466,-0.000188,25.7126,89.96842,3.936515,0,0,0,0,0,0,0.752492,0.947949,-0.218517,358.324,116.9915,353.2248,0,False,False
623.5187,0.724185,1.495517,0.00326,27.31647,89.99622,3.784441,0,0,0,0,0,0,0.739432,0.946324,-0.220648,358.6454,118.3601,353.6421,0,False,False
623.5407,0.714506,1.490063,0.007318,28.95123,90.08362,3.677121,0,0,0,0,0,0,0.726579,0.945178,-0.222258,358.8895,119.7458,353.6871,0,False,False
623.5629,0.704368,1.483107,0.011662,30.77096,90.20998,3.626396,0,0,0,0,0,0,0.713857,0.944606,-0.223575,359.0121,121.2428,353.4464,0,False,False
623.5851,0.69344,1.475237,0.016442,33.42987,90.4057,3.817677,0,0,0,0,0,0,0.701197,0.944668,-0.224155,358.9867,122.8144,353.0114,0,False,False
623.6074,0.682835,1.46805,0.021536,36.77209,90.50185,4.302191,0,0,0,0,0,0,0.688693,0.945228,-0.22408,358.894,124.2715,352.3834,0,False,False
623.6296,0.67325,1.461286,0.026916,40.09998,90.3847,4.803588,0,0,0,0,0,0,0.676567,0.946102,-0.222427,358.7142,125.2188,351.9162,0,False,False
623.652,0.663298,1.453729,0.032265,43.20897,90.18094,4.937619,0,0,0,0,0,0,0.664996,0.947909,-0.219316,358.5381,125.5319,352.0247,0,False,False
623.6741,0.652421,1.445526,0.037259,46.45373,89.92368,4.498193,0,0,0,0,0,0,0.653672,0.950806,-0.2156,358.4029,125.5799,352.1568,0,False,False
623.6964,0.641092,1.437353,0.04179,49.70744,89.38266,3.494858,0,0,0,0,0,0,0.642173,0.955719,-0.211507,357.8494,125.6473,351.4845,0,False,False
623.7184,0.630151,1.429708,0.04586,52.68293,88.65484,2.381197,0,0,0,0,0,0,0.630848,0.96155,-0.207496,356.9019,125.7723,350.5274,0,False,False
623.7407,0.619761,1.422531,0.049129,55.20153,87.94784,1.417094,0,0,0,0,0,0,0.619529,0.967933,-0.203096,355.3826,125.6567,350.0021,0,False,False
