time,ori_x,ori_y,ori_z,dir_x,dir_y,dir_z,gaze_x,gaze_y,gaze_z,gaze_object,pupil_l,pupil_r
123.4732,0.029001,0.001818,-0.025013,-0.080688,-0.33458,0.938904,0.181822,0,0.129488,Ground,2.491043,-1
123.4846,0.029,0.001809,-0.025002,-0.080612,-0.333557,0.93927,0.1818,0,0.128909,Ground,2.488815,-1
123.4954,0.02899,0.001686,-0.024957,-0.083023,-0.314331,0.945664,0.21121,0,0.131235,Ground,2.474625,-1
123.5066,0.02899,0.001686,-0.024953,-0.082626,-0.323624,0.942566,0.195245,0,0.130409,Ground,2.480179,-1
123.5179,0.02899,0.001686,-0.024953,-0.082626,-0.323624,0.942566,0.194169,0,0.129837,Ground,2.480179,-1
123.5288,0.029004,0.001686,-0.024953,-0.079407,-0.325455,0.942215,0.191127,0,0.124822,Ground,2.47377,-1
123.5398,0.029016,0.001686,-0.024953,-0.07666,-0.325546,0.942398,0.190812,0,0.120389,Ground,2.473724,-1
123.551,0.029016,0.001686,-0.024953,-0.07666,-0.325546,0.942398,0.191803,0,0.120336,Ground,2.473724,-1
123.5621,0.029016,0.001701,-0.024953,-0.077271,-0.328796,0.941223,0.188325,0,0.121515,Ground,2.474152,-1
123.5732,0.02902,0.00177,-0.025017,-0.079758,-0.340057,0.936997,0.172634,0,0.125977,Ground,2.514114,-1
123.5843,0.02902,0.00177,-0.025017,-0.079758,-0.340057,0.936997,0.175709,0,0.125809,Ground,2.514114,-1
123.5954,0.029016,0.00185,-0.025017,-0.080704,-0.349075,0.933594,0.164405,0,0.127566,Ground,2.521484,-1
123.6065,0.029019,0.00185,-0.025017,-0.08075,-0.339768,0.937027,0.182602,0,0.126881,Ground,2.523804,-1
123.6176,0.029019,0.00185,-0.025017,-0.080948,-0.338562,0.937439,0.187778,0,0.127072,Ground,2.524109,-1
123.6287,0.029019,0.00185,-0.025017,-0.080948,-0.338562,0.937439,0.190595,0,0.127034,Ground,2.524109,-1
123.6398,0.029019,0.00185,-0.025008,-0.084076,-0.339005,0.937012,0.192285,0,0.131574,Ground,2.524551,-1
123.651,0.029018,0.001844,-0.024961,-0.091293,-0.340363,0.935837,0.192272,0,0.142884,Ground,2.526306,-1
123.662,0.029018,0.001844,-0.024961,-0.091293,-0.340363,0.935837,0.193682,0,0.142945,Ground,2.526306,-1
123.6731,0.029112,0.001881,-0.025528,-0.070068,-0.349411,0.934341,0.1798,0,0.111211,Ground,2.60347,-1
123.6842,0.028672,0.001258,-0.024597,-0.033798,-0.41066,0.911148,0.079253,0,0.058772,Ground,2.610107,-1
123.6953,0.028521,0.001235,-0.025107,-0.030853,-0.460922,0.886902,-0.006293,0,0.056874,Ground,2.500092,-1
123.7067,0.028521,0.001235,-0.025107,-0.030853,-0.460922,0.886902,-0.007111,0,0.057454,Ground,2.500092,-1
123.7177,0.028924,0.001628,-0.024769,0.080566,-0.559143,0.825134,-0.194673,0,-0.111567,Ground,2.54158,-1
123.7287,0.028544,0.001196,-0.024884,-0.00798,-0.46196,0.886856,-0.010361,0,0.023361,Ground,2.599091,-1
123.7399,0.028544,0.001196,-0.024884,-0.00798,-0.46196,0.886856,-0.010435,0,0.024005,Ground,2.599091,-1
123.7508,0.028925,0.001629,-0.024807,0.082123,-0.551163,0.830338,-0.179581,0,-0.11347,Ground,2.629898,-1
123.762,0.028925,0.001635,-0.024807,0.078506,-0.55069,0.831009,-0.177658,0,-0.107502,Ground,2.650314,-1
123.773,0.028925,0.001635,-0.024807,0.078506,-0.55069,0.831009,-0.176101,0,-0.107322,Ground,2.650314,-1
123.7843,0.028544,0.001212,-0.024813,-0.012314,-0.464722,0.885361,-0.011015,0,0.031696,Ground,2.612579,-1
123.7953,0.028543,0.001208,-0.024813,-0.015533,-0.461655,0.886917,-0.003112,0,0.036515,Ground,2.612274,-1
123.8065,0.028538,0.001204,-0.024802,-0.016586,-0.453598,0.891037,0.01404,0,0.038113,Ground,2.609238,-1
123.8175,0.028538,0.001204,-0.024802,-0.016586,-0.453598,0.891037,0.018244,0,0.038158,Ground,2.609238,-1
123.8285,0.028522,0.001204,-0.0248,-0.020233,-0.452423,0.891571,0.025623,0,0.043481,Ground,2.612152,-1
123.8397,0.028521,0.001204,-0.024796,-0.020401,-0.447784,0.89389,0.039506,0,0.04356,Ground,2.626465,-1
123.8509,0.028521,0.001204,-0.024796,-0.020401,-0.447784,0.89389,0.046012,0,0.043442,Ground,2.626465,-1
123.862,0.028521,0.001212,-0.024789,-0.020523,-0.44725,0.894165,0.05304,0,0.043707,Ground,2.608948,-1
123.873,0.02852,0.001212,-0.024789,-0.020309,-0.447189,0.894196,0.060643,0,0.043401,Ground,2.606262,-1
123.8842,0.02852,0.001212,-0.024789,-0.020309,-0.447189,0.894196,0.068963,0,0.043246,Ground,2.606262,-1
123.8953,0.028519,0.001224,-0.024796,-0.020828,-0.448975,0.893295,0.075948,0,0.043814,Ground,2.547913,-1
123.9065,0.028291,0.001217,-0.024705,-0.026978,-0.461655,0.886643,0.065655,0,0.053576,Ground,2.510605,-1
123.9175,0.028245,0.001229,-0.024644,-0.045181,-0.458679,0.887436,0.086123,0,0.080359,Ground,2.470108,-1
123.9286,0.028245,0.001229,-0.024644,-0.045181,-0.458679,0.887436,0.102243,0,0.07921,Ground,2.470108,-1
123.9397,0.028336,0.000667,-0.022588,0.009537,-0.434189,0.900757,0.160967,0,-0.008902,Ground,2.435303,-1
123.9508,0,0,0,0,0,1,-99999,-99999,-99999,,2.240784,-1
123.9619,0,0,0,0,0,1,-99999,-99999,-99999,,2.240784,-1
123.973,0,0,0,0,0,1,-99999,-99999,-99999,,2.081818,-1
123.9842,0,0,0,0,0,1,-99999,-99999,-99999,,-1,-1
123.9952,0,0,0,0,0,1,-99999,-99999,-99999,,-1,-1
124.0064,0,0,0,0,0,1,-99999,-99999,-99999,,-1,-1
124.0175,0,0,0,0,0,1,-99999,-99999,-99999,,-1,-1
124.0286,0,0,0,0,0,1,-99999,-99999,-99999,,-1,-1
124.0396,0,0,0,0,0,1,-99999,-99999,-99999,,-1,-1
124.0508,0,0,0,0,0,1,-99999,-99999,-99999,,-1,-1
124.0618,0,0,0,0,0,1,-99999,-99999,-99999,,-1,-1
124.0731,0,0,0,0,0,1,-99999,-99999,-99999,,-1,-1
124.0841,0,0,0,0,0,1,-99999,-99999,-99999,,-1,-1
124.0953,0,0,0,0,0,1,-99999,-99999,-99999,,-1,-1
124.1064,0,0,0,0,0,1,-99999,-99999,-99999,,-1,-1
124.1176,0,0,0,0,0,1,-99999,-99999,-99999,,-1,-1
124.1286,-0.030836,0.003544,-0.030967,0.439636,0.139328,0.887283,1.714606,0,-1.993561,Ground,-1,2.307541
124.1397,-0.030683,0.002416,-0.026802,0.505066,0.209381,0.83728,2.031357,0,-2.768278,Ground,-1,2.563065
124.1508,-0.030683,0.002416,-0.026802,0.505066,0.209381,0.83728,2.067655,0,-2.940695,Ground,-1,2.563065
124.1618,-0.030692,0.002502,-0.026793,0.49884,0.242966,0.831924,2.337106,0,-3.364863,Ground,-1,2.625351
124.1729,-0.030762,0.002915,-0.028093,0.492981,0.237747,0.836914,2.354131,0,-3.50944,Ground,-1,2.712967
124.1841,-0.030762,0.002915,-0.028093,0.492981,0.237747,0.836914,2.405743,0,-3.764616,Ground,-1,2.712967
124.1951,0,0,0,0,0,1,-99999,-99999,-99999,,-1,2.812851
124.2062,0,0,0,0,0,1,-99999,-99999,-99999,,2.328537,2.83757
124.2174,0,0,0,0,0,1,-99999,-99999,-99999,,2.203354,2.812988
124.2284,0,0,0,0,0,1,-99999,-99999,-99999,,2.203354,2.812988
124.2395,0,0,0,0,0,1,-99999,-99999,-99999,,-1,2.899353
124.2507,-0.030547,0.003429,-0.028722,0.452545,0.239258,0.859039,2.877808,0,-5.593205,Ground,-1,2.884918
124.2619,-0.030547,0.003429,-0.028722,0.452545,0.239258,0.859039,2.955976,0,-6.092284,Ground,-1,2.884918
124.2729,0.025315,0.007077,-0.027339,0.468842,0.408417,0.783173,19.15872,0,-43.99516,Ground,2.726501,2.84726
124.2839,0.025913,0.007343,-0.029652,0.444489,0.346848,0.825897,7.16381,0,-16.22367,Ground,2.085861,2.927856
124.2952,0.025913,0.007343,-0.029652,0.444489,0.346848,0.825897,8.391887,0,-20.33022,Ground,2.085861,2.927856
124.3063,-0.028141,0.00395,-0.029512,0.386688,0.214493,0.896912,3.272867,0,-7.07458,Ground,2.400024,2.656799
124.3174,-0.029922,0.003543,-0.028282,0.363632,0.209473,0.907669,3.45513,0,-7.389669,Ground,2.713242,2.855331
124.3285,-0.029698,0.00349,-0.027875,0.341034,0.18779,0.921097,3.339235,0,-7.0542,Ground,3.137253,2.738953
124.3396,-0.029698,0.00349,-0.027875,0.341034,0.18779,0.921097,3.454866,0,-7.670337,Ground,3.137253,2.738953
124.3506,-0.029649,0.003611,-0.028214,0.322067,0.17598,0.930206,3.413953,0,-7.546088,Ground,2.924789,2.694611
124.3618,-0.029375,0.003565,-0.027703,0.306351,0.159775,0.9384,3.248234,0,-7.21367,Ground,2.810043,2.731598
124.3729,-0.029375,0.003565,-0.027703,0.306351,0.159775,0.9384,3.236688,0,-7.565035,Ground,2.810043,2.731598
124.3839,-0.02921,0.003693,-0.027942,0.272263,0.140915,0.951843,3.126891,0,-6.973865,Ground,2.741547,2.823547
124.395,-0.029043,0.003629,-0.027991,0.25119,0.121735,0.960251,2.984321,0,-6.604309,Ground,2.758957,2.674011
124.4062,-0.029043,0.003629,-0.027991,0.25119,0.121735,0.960251,2.976433,0,-6.939846,Ground,2.758957,2.674011
124.4173,-0.028891,0.003568,-0.028076,0.234528,0.11586,0.965164,2.992082,0,-6.996124,Ground,2.733551,2.722458
124.4283,-0.028677,0.003719,-0.028313,0.23877,0.110535,0.964752,2.855617,0,-7.12281,Ground,2.837051,2.705978
124.4394,-0.029237,0.003615,-0.027735,0.32811,0.138229,0.934464,2.472619,0,-9.026217,Ground,-1,2.733902
124.4507,-0.029237,0.003615,-0.027735,0.32811,0.138229,0.934464,2.342187,0,-9.264997,Ground,-1,2.733902
124.4617,-0.029726,0.004096,-0.029469,0.369965,0.141464,0.918198,1.826305,0,-9.915489,Ground,3.013107,2.741211
124.4728,-0.029237,0.004265,-0.029779,0.415833,0.153565,0.896378,1.266942,0,-11.38766,Ground,2.839935,2.828506
124.4839,-0.029237,0.004265,-0.029779,0.415833,0.153565,0.896378,1.079425,0,-11.83344,Ground,2.839935,2.828506
124.495,-0.029697,0.004247,-0.029479,0.368713,0.143601,0.918366,1.402095,0,-11.24415,Ground,2.829254,2.712051
124.5062,-0.029753,0.004267,-0.02951,0.35994,0.146225,0.921433,1.391943,0,-12.08521,Ground,2.711014,2.661087
124.5173,-0.029516,0.003855,-0.027779,0.368469,0.133713,0.919952,1.040065,0,-11.7528,Ground,3.089127,2.67601
124.5292,-0.029516,0.003855,-0.027779,0.368469,0.133713,0.919952,0.895019,0,-12.61136,Ground,3.089127,2.67601
124.5395,-0.029302,0.003743,-0.02718,0.364853,0.149429,0.918991,0.878089,0,-15.65225,Ground,2.923386,2.755951
124.5506,-0.029245,0.003633,-0.02686,0.341614,0.142944,0.928894,1.027747,0,-15.94242,Ground,2.769485,2.771576
124.5616,-0.029245,0.003633,-0.02686,0.341614,0.142944,0.928894,0.822902,0,-17.4858,Ground,2.769485,2.771576
124.5727,-0.029147,0.003652,-0.027084,0.312073,0.140259,0.939636,1.134342,0,-18.41894,Ground,3.013458,2.778854
124.5838,-0.029037,0.003754,-0.027551,0.297607,0.116013,0.947601,0.971054,0,-15.48053,Ground,2.851868,2.705032
124.595,-0.029037,0.003754,-0.027551,0.297607,0.116013,0.947601,0.770585,0,-16.64892,Ground,2.851868,2.705032
124.6062,-0.028532,0.003825,-0.027934,0.274307,0.115494,0.954666,0.976181,0,-17.83748,Ground,2.707291,2.733795
124.6171,-0.028587,0.003659,-0.027092,0.307861,0.148468,0.939758,-0.010837,0,-30.73539,Ground,2.857208,2.781952
124.6284,-0.028906,0.003736,-0.027322,0.327301,0.151978,0.932602,-1.346032,0,-36.34245,Ground,2.879196,2.778778
124.6394,-0.028906,0.003736,-0.027322,0.327301,0.151978,0.932602,-2.072956,0,-39.33212,Ground,2.879196,2.778778
124.6506,-0.028981,0.003732,-0.027341,0.322525,0.156738,0.933487,-3.116003,0,-48.51031,Ground,2.85527,2.701874
124.6617,-0.028768,0.003675,-0.027179,0.311432,0.145844,0.938995,-2.547645,0,-38.1965,Ground,2.889923,2.748734
124.6728,-0.028768,0.003675,-0.027179,0.311432,0.145844,0.938995,-3.294563,0,-39.43267,Ground,2.889923,2.748734
124.6839,-0.028715,0.003857,-0.027866,0.287933,0.137009,0.947784,-2.507132,0,-33.76985,Ground,2.768433,2.690125
124.6949,-0.028158,0.003857,-0.027864,0.257721,0.131973,0.957153,-1.939682,0,-32.52866,Ground,2.840622,2.660889
124.7061,-0.028158,0.003857,-0.027864,0.257721,0.131973,0.957153,-2.591271,0,-33.52582,Ground,2.840622,2.660889
124.7172,-0.027776,0.003505,-0.026616,0.264679,0.13089,0.955399,-3.423632,0,-33.45266,Ground,2.733139,2.707947
124.7282,-0.02644,0.003505,-0.026274,0.251541,0.146942,0.956619,-99999,-99999,-99999,,2.770386,2.770355
124.7394,-0.022386,0.004113,-0.027434,0.217529,0.138535,0.966156,-4.422781,0,-47.80156,Ground,2.678802,2.766754
124.7506,-0.022386,0.004113,-0.027434,0.217529,0.138535,0.966156,-5.165799,0,-45.83071,Ground,2.678802,2.766754
124.7617,-0.010534,0.004511,-0.026482,0.195618,0.148865,0.969299,-99999,-99999,-99999,,2.787476,2.692764
124.7726,0.005146,0.004879,-0.025404,0.176178,0.16687,0.970093,-99999,-99999,-99999,,2.511398,2.662399
124.7838,0.005146,0.004879,-0.025404,0.176178,0.16687,0.970093,-99999,-99999,-99999,,2.511398,2.662399
124.7949,-0.00027,0.004609,-0.02575,0.168167,0.155945,0.973328,-99999,-99999,-99999,,2.555374,2.73764
124.806,-0.026595,0.004013,-0.027967,0.226364,0.118851,0.966751,-6.364146,0,-30.83696,Ground,2.545227,2.641632
124.8171,-0.027963,0.004018,-0.027667,0.229385,0.111801,0.966888,-5.950294,0,-26.80755,Ground,2.598541,2.630432
124.8283,-0.027963,0.004018,-0.027667,0.229385,0.111801,0.966888,-6.073099,0,-25.79472,Ground,2.598541,2.630432
124.8395,-0.02657,0.003939,-0.027148,0.205856,0.112808,0.972046,-5.870944,0,-26.25154,Ground,2.509491,2.667603
124.8505,-0.003033,0.004522,-0.025864,0.178864,0.150116,0.972351,-99999,-99999,-99999,,2.499908,2.661621
124.8615,-0.003033,0.004522,-0.025864,0.178864,0.150116,0.972351,-99999,-99999,-99999,,2.499908,2.661621
124.8727,-0.016631,0.00412,-0.026862,0.165741,0.126831,0.977966,-8.179543,0,-36.28762,Ground,2.571045,2.67659
124.8838,-0.025516,0.003689,-0.027014,0.158478,0.104248,0.981842,-5.569029,0,-24.62437,Ground,2.508865,2.55867
124.8949,-0.018838,0.003964,-0.026811,0.127441,0.127335,0.983627,-8.691881,0,-42.11739,Ground,2.461197,2.731293
124.9059,-0.018838,0.003964,-0.026811,0.127441,0.127335,0.983627,-9.491764,0,-44.16975,Ground,2.461197,2.731293
124.9171,-0.007364,0.004197,-0.025516,0.128128,0.144745,0.981125,-99999,-99999,-99999,,2.379166,2.637482
124.9281,0.010249,0.004953,-0.025038,0.100601,0.172852,0.979782,-99999,-99999,-99999,,2.444275,2.720963
124.9393,0.010249,0.004953,-0.025038,0.100601,0.172852,0.979782,-99999,-99999,-99999,,2.444275,2.720963
124.9504,0.000673,0.004626,-0.025862,0.108261,0.150116,0.982712,-99999,-99999,-99999,,2.355499,2.635422
124.9616,-0.021628,0.003632,-0.026771,0.093781,0.119156,0.988434,-8.864298,0,-40.31805,Ground,2.54332,2.69371
124.9726,-0.021628,0.003632,-0.026771,0.093781,0.119156,0.988434,-8.628006,0,-38.04574,Ground,2.54332,2.69371
124.9838,-0.027284,0.003374,-0.026991,0.082535,0.120575,0.989258,-8.320861,0,-37.48338,Ground,2.430237,2.735046
124.995,-0.027053,0.003318,-0.026853,0.069778,0.110992,0.991364,-6.262634,0,-29.28016,Ground,2.499329,2.70015
125.0061,-0.027053,0.003318,-0.026853,0.069778,0.110992,0.991364,-6.175405,0,-28.05289,Ground,2.499329,2.70015
125.0172,-0.024667,0.003401,-0.02678,0.06337,0.117035,0.991089,-6.674398,0,-30.37841,Ground,2.560486,2.691498
125.0281,-0.00083,0.004317,-0.025511,0.036758,0.147354,0.988388,-99999,-99999,-99999,,2.750916,2.603333
125.0392,-0.013433,0.003796,-0.025896,0.037308,0.134567,0.990189,-8.949777,0,-43.7888,Ground,2.585938,2.762039
125.0504,-0.013433,0.003796,-0.025896,0.037308,0.134567,0.990189,-9.161906,0,-43.87341,Ground,2.585938,2.762039
125.0615,-0.021611,0.003491,-0.026241,0.049271,0.123184,0.99115,-7.480044,0,-33.27835,Ground,2.545624,2.641479
125.0725,-0.02075,0.003356,-0.025497,0.046127,0.12059,0.991623,-7.115916,0,-31.57169,Ground,2.526245,2.713974
125.0837,-0.022134,0.00326,-0.025558,0.043747,0.122726,0.99147,-7.403221,0,-32.63912,Ground,2.546402,2.648254
125.0948,-0.022134,0.00326,-0.025558,0.043747,0.122726,0.99147,-7.374049,0,-32.03496,Ground,2.546402,2.648254
125.1061,-0.020447,0.003482,-0.026053,0.026367,0.122864,0.992065,-6.68212,0,-31.21407,Ground,2.557556,2.660599
125.1171,-0.017546,0.003688,-0.026091,0.00827,0.117752,0.992996,-5.379335,0,-27.38827,Ground,2.592606,2.615829
125.1282,-0.017546,0.003688,-0.026091,0.00827,0.117752,0.992996,-5.210671,0,-26.42691,Ground,2.592606,2.615829
125.1393,0.011227,0.004918,-0.024875,-0.026398,0.155899,0.987412,-99999,-99999,-99999,,2.598465,2.764099
125.1503,0.019481,0.005271,-0.024535,-0.037582,0.166214,0.985367,-99999,-99999,-99999,,2.602219,2.739944
125.1614,0.019481,0.005271,-0.024535,-0.037582,0.166214,0.985367,-99999,-99999,-99999,,2.602219,2.739944
125.1725,0.014096,0.005008,-0.024746,-0.041855,0.166168,0.985199,-99999,-99999,-99999,,2.614716,2.693405
125.1836,-0.016821,0.003623,-0.025899,-0.007813,0.140259,0.990082,-6.812152,0,-38.31955,Ground,2.638733,2.796387
125.1948,-0.020816,0.003447,-0.026061,-0.00386,0.135376,0.990784,-6.27685,0,-34.96283,Ground,2.64122,2.803574
125.2058,-0.020816,0.003447,-0.026061,-0.00386,0.135376,0.990784,-6.347323,0,-35.88995,Ground,2.64122,2.803574
125.2171,-0.021897,0.0034,-0.0261,-0.003143,0.134003,0.990967,-6.266623,0,-35.92442,Ground,2.64151,2.794464
125.228,-0.015361,0.00369,-0.02583,-0.01062,0.145386,0.989304,-99999,-99999,-99999,,2.652359,2.794434
125.2393,-0.015361,0.00369,-0.02583,-0.01062,0.145386,0.989304,-99999,-99999,-99999,,2.652359,2.794434
125.2504,-0.0048,0.004171,-0.025404,-0.022964,0.165329,0.985962,-99999,-99999,-99999,,2.670685,2.796692
125.2613,0.002638,0.004543,-0.025105,-0.031052,0.173828,0.984283,-99999,-99999,-99999,,2.653702,2.787064
125.2724,0.002638,0.004543,-0.025105,-0.031052,0.173828,0.984283,-99999,-99999,-99999,,2.653702,2.787064
125.2836,0.005186,0.004722,-0.025156,-0.03038,0.171906,0.984634,-99999,-99999,-99999,,2.647583,2.744797
125.2946,0.001704,0.004463,-0.025123,-0.011765,0.162933,0.986557,-99999,-99999,-99999,,2.612534,2.650604
125.3057,0.001704,0.004463,-0.025123,-0.011765,0.162933,0.986557,-99999,-99999,-99999,,2.612534,2.650604
125.317,-0.005981,0.004122,-0.025456,0.000183,0.152039,0.988358,-99999,-99999,-99999,,2.672287,2.683136
125.3281,0.000728,0.004435,-0.025303,-0.004166,0.157684,0.987473,-99999,-99999,-99999,,2.625854,2.811615
125.3391,0.003354,0.004561,-0.025214,-0.00209,0.153305,0.988174,-99999,-99999,-99999,,2.609085,2.689728
125.3504,0.003354,0.004561,-0.025214,-0.00209,0.153305,0.988174,-99999,-99999,-99999,,2.609085,2.689728
125.3613,-0.008774,0.003947,-0.025406,0.018555,0.132889,0.990952,-99999,-99999,-99999,,2.623856,2.675888
125.3724,-0.000676,0.004315,-0.025097,0.017807,0.141083,0.989822,-99999,-99999,-99999,,2.643127,2.716858
125.3836,-0.000676,0.004315,-0.025097,0.017807,0.141083,0.989822,-99999,-99999,-99999,,2.643127,2.716858
125.3946,0.008035,0.004738,-0.024926,0.010574,0.155594,0.987747,-99999,-99999,-99999,,2.651886,2.690353
125.4057,0.007325,0.004728,-0.025098,0.011963,0.154999,0.987839,-99999,-99999,-99999,,2.649139,2.69043
125.4168,-0.003926,0.004229,-0.025594,0.022552,0.136307,0.990402,-99999,-99999,-99999,,2.659943,2.692551
125.4281,-0.003926,0.004229,-0.025594,0.022552,0.136307,0.990402,-99999,-99999,-99999,,2.659943,2.692551
125.4391,0.002964,0.004525,-0.025306,0.00827,0.149735,0.988678,-99999,-99999,-99999,,2.669571,2.692642
125.4502,0.012009,0.004929,-0.024829,0.026932,0.143082,0.989334,-99999,-99999,-99999,,2.669571,2.691956
125.4613,0.012009,0.004929,-0.024829,0.026932,0.143082,0.989334,-99999,-99999,-99999,,2.669571,2.691956
125.4723,0.016631,0.005113,-0.024594,0.025452,0.160751,0.986664,-99999,-99999,-99999,,2.674698,2.698517
125.4836,0.014464,0.005012,-0.024711,0.029602,0.143097,0.989258,-99999,-99999,-99999,,2.654663,2.700256
125.4946,0.014464,0.005012,-0.024711,0.029602,0.143097,0.989258,-99999,-99999,-99999,,2.654663,2.700256
125.5057,0.013775,0.004979,-0.024764,0.030045,0.140884,0.989563,-99999,-99999,-99999,,2.653824,2.699753
125.5167,0.010556,0.004911,-0.024993,0.030716,0.15271,0.987778,-99999,-99999,-99999,,2.692825,2.737915
125.5279,0.012946,0.005084,-0.024936,0.028702,0.15654,0.987244,-99999,-99999,-99999,,2.695633,2.795563
125.5391,0.012946,0.005084,-0.024936,0.028702,0.15654,0.987244,-99999,-99999,-99999,,2.695633,2.795563
125.5502,0.006703,0.004821,-0.025139,0.033356,0.166916,0.985397,-99999,-99999,-99999,,2.682465,2.901413
125.5613,-0.021589,0.003543,-0.026488,0.061081,0.132156,0.989334,-99999,-99999,-99999,,2.624451,2.87384
125.5724,-0.021589,0.003543,-0.026488,0.061081,0.132156,0.989334,-5.924141,0,-49.7669,Ground,2.624451,2.87384
125.5835,-0.027402,0.003289,-0.0268,0.06723,0.123764,0.990021,-4.913033,0,-39.70162,Ground,2.562561,2.874023
125.5946,-0.027271,0.003301,-0.026778,0.065369,0.122421,0.990311,-4.571681,0,-38.13451,Ground,2.665329,2.873795
125.6056,-0.027271,0.003301,-0.026778,0.065369,0.122421,0.990311,-4.495777,0,-38.14104,Ground,2.665329,2.873795
125.6167,-0.021889,0.003562,-0.026517,0.064835,0.130066,0.98938,-5.329736,0,-46.22669,Ground,2.692657,2.829819
125.628,0.007277,0.004923,-0.025094,0.064606,0.182495,0.981079,-99999,-99999,-99999,,2.709625,2.817078
125.639,0.0119,0.005147,-0.024882,0.065002,0.187958,0.980011,-99999,-99999,-99999,,2.708572,2.817078
125.6502,0.0119,0.005147,-0.024882,0.065002,0.187958,0.980011,-99999,-99999,-99999,,2.708572,2.817078
125.6612,0.009541,0.005046,-0.025022,0.064774,0.183685,0.980835,-99999,-99999,-99999,,2.710938,2.817474
125.6723,0.011088,0.005123,-0.024956,0.061646,0.187042,0.980408,-99999,-99999,-99999,,2.711655,2.813049
125.6835,0.011088,0.005123,-0.024956,0.061646,0.187042,0.980408,-99999,-99999,-99999,,2.711655,2.813049
125.6945,0.003522,0.004768,-0.025297,0.063278,0.176331,0.982285,-99999,-99999,-99999,,2.715012,2.807236
125.7057,0.003773,0.004779,-0.025271,0.067856,0.175568,0.982117,-99999,-99999,-99999,,2.735153,2.814911
125.7167,-0.00082,0.004565,-0.025464,0.074493,0.168518,0.982864,-99999,-99999,-99999,,2.736694,2.809723
125.7278,-0.00082,0.004565,-0.025464,0.074493,0.168518,0.982864,-99999,-99999,-99999,,2.736694,2.809723
125.7389,0.000624,0.004633,-0.025375,0.076218,0.17009,0.982468,-99999,-99999,-99999,,2.747238,2.804291
125.75,-0.001868,0.004508,-0.025472,0.083038,0.169556,0.98201,-99999,-99999,-99999,,2.766708,2.824509
125.7611,-0.001868,0.004508,-0.025472,0.083038,0.169556,0.98201,-99999,-99999,-99999,,2.766708,2.824509
125.7723,-0.005725,0.004324,-0.025624,0.085449,0.165146,0.982544,-99999,-99999,-99999,,2.768921,2.836929
125.7833,-0.004074,0.0044,-0.025534,0.084793,0.170639,0.981674,-99999,-99999,-99999,,2.784058,2.837677
125.7944,-0.004074,0.0044,-0.025534,0.084793,0.170639,0.981674,-99999,-99999,-99999,,2.784058,2.837677
125.8055,-0.002784,0.004518,-0.025456,0.085541,0.165375,0.982498,-99999,-99999,-99999,,2.79097,2.826859
125.8167,0.001395,0.004699,-0.025217,0.082047,0.1745,0.981216,-99999,-99999,-99999,,2.808136,2.832779
125.8278,0.001819,0.004718,-0.02519,0.081863,0.176483,0.980881,-99999,-99999,-99999,,2.808609,2.833206
125.8389,0.001819,0.004718,-0.02519,0.081863,0.176483,0.980881,-99999,-99999,-99999,,2.808609,2.833206
125.85,-0.002169,0.004559,-0.025441,0.082062,0.173309,0.98143,-99999,-99999,-99999,,2.819214,2.833649
125.8611,-0.005278,0.004406,-0.025383,0.083923,0.176254,0.980759,-99999,-99999,-99999,,2.844864,2.890106
125.8722,-0.005278,0.004406,-0.025383,0.083923,0.176254,0.980759,-99999,-99999,-99999,,2.844864,2.890106
125.8835,0.000814,0.004667,-0.025045,0.074417,0.186569,0.979614,-99999,-99999,-99999,,2.869553,2.859375
125.8943,0.007375,0.004965,-0.024721,0.068863,0.202759,0.976791,-99999,-99999,-99999,,2.870102,2.860718
125.9058,0.007375,0.004965,-0.024721,0.068863,0.202759,0.976791,-99999,-99999,-99999,,2.870102,2.860718
125.9168,0.007343,0.005087,-0.025066,0.063843,0.203476,0.97699,-99999,-99999,-99999,,2.781326,2.856781
125.9276,0.008037,0.005196,-0.025092,0.065979,0.196228,0.978333,-99999,-99999,-99999,,2.866577,2.828125
125.9389,-0.027738,0.003872,-0.027092,0.078644,0.133667,0.987885,-99999,-99999,-99999,,2.69577,2.885941
125.9502,-0.027738,0.003872,-0.027092,0.078644,0.133667,0.987885,-99999,-99999,-99999,,2.69577,2.885941
125.9613,-0.027756,0.003878,-0.027076,0.092636,0.082459,0.992264,-99999,-99999,-99999,,1.866745,2.599716
125.9722,-0.027649,0.003628,-0.026278,0.074051,0.01918,0.997055,-99999,-99999,-99999,,1.761765,2.542786
125.9835,-0.027649,0.003628,-0.026278,0.074051,0.01918,0.997055,-99999,-99999,-99999,,1.761765,2.542786
125.9946,0,0,0,0,0,1,-99999,-99999,-99999,,-1,2.226501
126.0054,0,0,0,0,0,1,-99999,-99999,-99999,,-1,2.789078
126.0166,0,0,0,0,0,1,-99999,-99999,-99999,,-1,2.789078
126.0277,0,0,0,0,0,1,-99999,-99999,-99999,,-1,2.631866
126.0388,0,0,0,0,0,1,-99999,-99999,-99999,,-1,2.967453
126.0499,-0.027315,0.001907,-0.02499,0.079987,-0.175278,0.981262,-99999,-99999,-99999,,-1,3.206619
126.0611,-0.027315,0.001907,-0.02499,0.079987,-0.175278,0.981262,-99999,-99999,-99999,,-1,3.206619
126.0721,0.028972,0.004356,-0.025566,-0.017792,-0.348938,0.936966,-99999,-99999,-99999,,2.040817,-1
126.0832,0.028842,0.003811,-0.023976,-0.057632,-0.41095,0.909821,-99999,-99999,-99999,,2.118637,-1
126.0943,0.028842,0.003811,-0.023976,-0.057632,-0.41095,0.909821,-99999,-99999,-99999,,2.118637,-1
126.1054,0,0,0,0,0,1,-99999,-99999,-99999,,-1,-1
126.1166,0.028836,0.003262,-0.022565,-0.086105,-0.349304,0.933029,-99999,-99999,-99999,,2.525284,-1
126.1276,0.029076,0.003886,-0.024617,-0.014923,-0.370209,0.928818,-99999,-99999,-99999,,2.441483,2.823807
126.1387,0.029076,0.003886,-0.024617,-0.014923,-0.370209,0.928818,-99999,-99999,-99999,,2.441483,2.823807
126.1499,0.028864,0.003877,-0.024095,-0.036514,-0.292145,0.955673,-99999,-99999,-99999,,2.807861,2.951462
126.1609,0.028865,0.003973,-0.024184,-0.035461,-0.283325,0.958359,-99999,-99999,-99999,,2.938431,2.90802
126.172,0.028865,0.003973,-0.024184,-0.035461,-0.283325,0.958359,-99999,-99999,-99999,,2.938431,2.90802
126.1833,-0.025108,0.002446,-0.028531,0.016647,-0.249863,0.968124,-0.076523,0.664729,-1.633492,O02_G01_01,2.687271,2.821854
126.2266,0.001232,0.003327,-0.026981,0.011475,-0.260284,0.965454,-0.068528,0.633854,-1.633492,O02_G01_01,2.677048,2.822296
126.2326,0.001232,0.003327,-0.026981,0.011475,-0.260284,0.965454,-0.069872,0.632352,-1.633492,O02_G01_01,2.677048,2.822296
126.2375,-0.001828,0.003222,-0.027153,0.015244,-0.258011,0.966019,-0.077977,0.634451,-1.633492,O02_G01_01,2.701385,2.822769
126.245,-0.001828,0.003222,-0.027153,0.015244,-0.258011,0.966019,-0.079863,0.6325,-1.633492,O02_G01_01,2.701385,2.822769
126.256,-0.004028,0.003141,-0.027266,0.018265,-0.255493,0.966629,-0.086795,0.636133,-1.633492,O02_G01_01,2.722855,2.8255
126.2672,-0.004028,0.003141,-0.027266,0.018265,-0.255493,0.966629,-0.088703,0.634321,-1.633492,O02_G01_01,2.722855,2.8255
126.2783,0.001533,0.003314,-0.02692,0.018723,-0.255631,0.966583,-0.091288,0.63082,-1.633492,O02_G01_01,2.776505,2.848572
126.2894,0.001642,0.003313,-0.026884,0.020935,-0.255417,0.966599,-0.09738,0.626708,-1.633492,O02_G01_01,2.83107,2.859314
126.3005,0.001642,0.003313,-0.026884,0.020935,-0.255417,0.966599,-0.099459,0.620638,-1.633492,O02_G01_01,2.83107,2.859314
126.3116,0.001793,0.003273,-0.026768,0.022079,-0.251724,0.967545,-0.103838,0.62187,-1.633492,O02_G01_01,2.83252,2.865128
126.3228,0.000815,0.00297,-0.025865,0.030106,-0.250336,0.967682,-0.122053,0.61613,-1.633492,O02_G01_01,2.839539,2.916992
126.3337,0.00099,0.002974,-0.025859,0.033463,-0.249847,0.967697,-0.131093,0.606343,-1.633492,O02_G01_01,2.878586,2.924301
126.345,0.00099,0.002974,-0.025859,0.033463,-0.249847,0.967697,-0.13451,0.595958,-1.633492,O02_G01_01,2.878586,2.924301
126.356,0.00022,0.002874,-0.02572,0.037018,-0.246216,0.968506,-0.144422,0.594814,-1.633492,O02_G01_01,2.930405,2.940674
126.3672,0.00004,0.002799,-0.02563,0.036819,-0.237183,0.970764,-0.145849,0.608749,-1.633492,O02_G01_01,2.947128,2.947693
126.3783,0.00004,0.002799,-0.02563,0.036819,-0.237183,0.970764,-0.148611,0.60347,-1.633492,O02_G01_01,2.947128,2.947693
126.3895,0.000803,0.002866,-0.02569,0.032043,-0.23317,0.971893,-0.141047,0.610169,-1.633492,O02_G01_01,2.878998,2.964813
126.4007,0.000725,0.002917,-0.025824,0.029266,-0.231354,0.972427,-0.137802,0.613138,-1.633492,O02_G01_01,2.913956,2.964417
126.4116,0.000725,0.002917,-0.025824,0.029266,-0.231354,0.972427,-0.140176,0.612718,-1.633492,O02_G01_01,2.913956,2.964417
126.4228,-0.005449,0.002719,-0.026049,0.032547,-0.239685,0.970291,-0.150061,0.593089,-1.633492,O02_G01_01,2.910248,2.980438
126.4338,0.012096,0.003292,-0.025763,-0.075272,-0.267563,0.960587,0.05182,0.604915,-1.529903,O02_L01_04,2.803986,3.023514
126.4451,0.030049,0.004054,-0.026354,-0.204239,-0.31604,0.926498,0.296195,0.49356,-1.516885,O02_G01_01,2.644348,-1
126.456,0.030049,0.004054,-0.026354,-0.204239,-0.31604,0.926498,0.296848,0.49356,-1.516561,O02_G01_01,2.644348,-1
126.4672,0.002455,0.002795,-0.026851,-0.302353,-0.333344,0.893005,0.436185,0.611358,-1.298748,O02_L18_06,2.578598,3.437225
126.4781,0.030864,0.00321,-0.023836,-0.308029,-0.33458,0.890595,0.451143,0.607622,-1.293126,O02_L18_06,2.542923,-1
126.4895,0.030864,0.00321,-0.023836,-0.308029,-0.33458,0.890595,0.460319,0.60469,-1.289676,O02_L18_06,2.542923,-1
126.5005,0.002668,0.002062,-0.024082,-0.227142,-0.428742,0.87439,0.331051,0.484856,-1.185896,O02_G01_01,2.569611,4.009842
126.5117,0.002627,0.002348,-0.025369,-0.255356,-0.350403,0.901108,0.401441,0.54773,-1.311809,O02_L18_06,2.536606,-1
126.5228,0.030824,0.003689,-0.026071,-0.326645,-0.306702,0.893982,0.474278,0.745114,-1.161631,O02_L18_06,2.541092,-1
126.5338,0.030824,0.003689,-0.026071,-0.326645,-0.306702,0.893982,0.484759,0.745114,-1.150993,O02_L18_06,2.541092,-1
126.545,0.030823,0.003655,-0.025893,-0.325638,-0.309647,0.893341,0.492999,0.745114,-1.130608,O02_L18_06,2.544067,2.316025
126.5559,0.030819,0.003686,-0.025995,-0.325226,-0.309143,0.893662,0.504245,0.745114,-1.117333,O02_L18_06,2.550018,2.959946
126.5671,0.030819,0.003686,-0.025995,-0.325226,-0.309143,0.893662,0.583263,0.619088,-1.24346,O02_L18_06,2.550018,2.959946
126.5782,0.030815,0.00371,-0.026095,-0.325958,-0.30423,0.895081,0.604041,0.615362,-1.235649,O02_L18_06,2.573334,-1
126.5893,0.030813,0.003719,-0.026171,-0.324524,-0.298142,0.897644,0.620514,0.612263,-1.229456,O02_L18_06,2.571213,2.777435
126.6003,0.030813,0.003719,-0.026171,-0.324524,-0.298142,0.897644,0.643097,0.593447,-1.220967,O02_L18_06,2.571213,2.777435
126.6117,0.030813,0.003725,-0.026179,-0.322723,-0.298904,0.898041,0.661944,0.573797,-1.213882,O02_L18_06,2.563217,2.785614
126.6225,0.030462,0.003543,-0.024839,-0.302811,-0.291229,0.907455,0.646916,0.574231,-1.219531,O02_L18_06,2.713181,3.094574
126.6338,0.030465,0.003786,-0.025416,-0.256775,-0.283051,0.924088,0.588998,0.576614,-1.241304,O02_L18_06,2.728363,2.978226
126.6448,0.030465,0.003786,-0.025416,-0.256775,-0.283051,0.924088,0.607203,0.565663,-1.23446,O02_L18_06,2.728363,2.978226
126.6559,0.030385,0.004047,-0.026025,-0.237122,-0.264618,0.934738,0.588285,0.595201,-1.241572,O02_L18_06,2.751862,-1
126.667,0.030263,0.003632,-0.024447,-0.2771,-0.268707,0.922485,0.670987,0.577021,-1.210483,O02_L18_06,2.698517,2.755142
126.6785,0.030263,0.003632,-0.024447,-0.2771,-0.268707,0.922485,0.686518,0.565038,-1.204644,O02_L18_06,2.698517,2.755142
126.6899,0.030392,0.003822,-0.025408,-0.27446,-0.287582,0.917572,0.700842,0.510966,-1.195134,O02_G01_01,2.644852,3.167374
126.7014,0.030334,0.003913,-0.025795,-0.246872,-0.269852,0.93071,0.665476,0.534854,-1.212554,O02_L18_06,2.64801,-1
126.7128,0.03029,0.003919,-0.025757,-0.229858,-0.257065,0.938644,0.646638,0.54952,-1.219636,O02_L18_06,2.707825,-1
126.7242,0.03029,0.003919,-0.025757,-0.229858,-0.257065,0.938644,0.65721,0.535273,-1.215662,O02_L18_06,2.707825,-1
126.7356,0.030259,0.003895,-0.025628,-0.218018,-0.254654,0.942123,0.647193,0.527636,-1.219427,O02_L18_06,2.745926,-1
126.7471,0.030148,0.004005,-0.025737,-0.197098,-0.232773,0.952332,0.617845,0.565798,-1.23046,O02_L18_06,2.715683,2.630234
126.7585,0.030148,0.004005,-0.025737,-0.197098,-0.232773,0.952332,0.625786,0.557279,-1.227474,O02_L18_06,2.715683,2.630234
126.7699,0.030128,0.004133,-0.02603,-0.187561,-0.240875,0.952255,0.619169,0.532181,-1.229962,O02_L18_06,2.698853,2.712372
126.7816,0.030125,0.004285,-0.026388,-0.176529,-0.233643,0.956146,0.607454,0.543898,-1.234366,O02_L18_06,2.679367,2.911636
126.7928,0.02997,0.004093,-0.025284,-0.185806,-0.239197,0.953018,0.62972,0.528364,-1.225996,O02_L18_06,2.760269,2.743942
126.8043,0.02997,0.004093,-0.025284,-0.185806,-0.239197,0.953018,0.635654,0.527569,-1.223765,O02_L18_06,2.760269,2.743942
126.8157,0.029938,0.004191,-0.02544,-0.181656,-0.225281,0.957199,0.632123,0.558769,-1.225092,O02_L18_06,2.661499,2.86998
126.8272,0.003151,0.003019,-0.025855,-0.139114,-0.213287,0.967026,0.493432,0.738505,-1.07602,O02_L18_06,2.630905,2.947998
126.8384,-0.008957,0.002532,-0.02628,-0.111511,-0.21167,0.970947,0.460134,0.742153,-1.088538,O02_L18_06,2.61972,2.978729
126.8498,-0.008957,0.002532,-0.02628,-0.111511,-0.21167,0.970947,0.462927,0.743011,-1.087488,O02_L18_06,2.61972,2.978729
126.8609,-0.011246,0.002447,-0.026354,-0.102417,-0.20842,0.972656,0.455714,0.745114,-1.096159,O02_L18_06,2.665863,2.906998
126.8719,-0.00842,0.002648,-0.026552,-0.105209,-0.20401,0.973297,0.465836,0.745114,-1.104929,O02_L18_06,2.674484,2.974319
126.883,-0.00842,0.002648,-0.026552,-0.105209,-0.20401,0.973297,0.468345,0.745114,-1.104972,O02_L18_06,2.674484,2.974319
126.8941,-0.002941,0.002861,-0.026313,-0.112106,-0.206757,0.971939,0.477258,0.745114,-1.095696,O02_L18_06,2.741455,2.960297
126.9053,0.000329,0.002943,-0.025989,-0.118286,-0.207687,0.971008,0.486247,0.745114,-1.090405,O02_L18_06,2.755661,2.973541
126.9162,0.000329,0.002943,-0.025989,-0.118286,-0.207687,0.971008,0.48751,0.745114,-1.091044,O02_L18_06,2.755661,2.973541
126.9276,0.001503,0.002988,-0.025947,-0.120422,-0.206085,0.971085,0.492886,0.745114,-1.094428,O02_L18_06,2.757706,2.955795
126.9386,-0.001426,0.002858,-0.025997,-0.111923,-0.205887,0.972153,0.482756,0.745114,-1.10058,O02_L18_06,2.7603,2.954926
126.9496,-0.003456,0.002766,-0.026026,-0.109146,-0.205643,0.972504,0.479478,0.745114,-1.103648,O02_L18_06,2.760712,2.954971
126.9607,-0.003456,0.002766,-0.026026,-0.109146,-0.205643,0.972504,0.480011,0.745114,-1.104963,O02_L18_06,2.760712,2.954971
126.9719,-0.000779,0.002887,-0.025965,-0.110611,-0.206482,0.972168,0.481679,0.745114,-1.103978,O02_L18_06,2.760742,2.991928
126.9831,0.000912,0.002961,-0.025923,-0.112183,-0.206619,0.971954,0.484291,0.745114,-1.103733,O02_L18_06,2.775467,2.991959
126.994,0.000912,0.002961,-0.025923,-0.112183,-0.206619,0.971954,0.48484,0.745114,-1.105112,O02_L18_06,2.775467,2.991959
127.0053,0.001436,0.002983,-0.02591,-0.111694,-0.206421,0.972061,0.484891,0.745114,-1.10615,O02_L18_06,2.802765,2.981049
127.0164,-0.000327,0.002901,-0.025938,-0.110107,-0.20546,0.972443,0.484055,0.745114,-1.109746,O02_L18_06,2.810043,2.980942
127.0273,0.000035,0.002918,-0.025928,-0.110001,-0.205124,0.972519,0.485067,0.745114,-1.111038,O02_L18_06,2.810577,2.981415
127.0386,0.000035,0.002918,-0.025928,-0.110001,-0.205124,0.972519,0.485391,0.745114,-1.110816,O02_L18_06,2.810577,2.981415
127.0496,-0.000572,0.002894,-0.025925,-0.106308,-0.206223,0.972702,0.480051,0.745114,-1.109683,O02_L18_06,2.807968,2.98114
127.0608,-0.003511,0.002766,-0.025969,-0.101959,-0.208176,0.972748,0.472941,0.745114,-1.107639,O02_L18_06,2.803833,2.981262
127.0717,-0.003511,0.002766,-0.025969,-0.101959,-0.208176,0.972748,0.473771,0.745114,-1.108095,O02_L18_06,2.803833,2.981262
127.0829,-0.001706,0.002837,-0.025917,-0.104446,-0.208435,0.972427,0.47828,0.745114,-1.106971,O02_L18_06,2.802856,2.98056
127.0941,-0.000392,0.002894,-0.025876,-0.105331,-0.210297,0.971939,0.479373,0.745114,-1.104044,O02_L18_06,2.794449,2.949921
127.1052,-0.000392,0.002894,-0.025876,-0.105331,-0.210297,0.971939,0.481028,0.745114,-1.106017,O02_L18_06,2.794449,2.949921
127.1162,-0.000589,0.002888,-0.02587,-0.105103,-0.211868,0.971619,0.481094,0.745114,-1.104798,O02_L18_06,2.794662,2.910919
127.1274,-0.000979,0.002873,-0.025877,-0.104172,-0.212769,0.971527,0.480528,0.745114,-1.104802,O02_L18_06,2.745544,2.882523
127.1384,-0.00173,0.002841,-0.02589,-0.103119,-0.21315,0.971558,0.480227,0.745114,-1.105594,O02_L18_06,2.745361,2.842117
127.1496,-0.00173,0.002841,-0.02589,-0.103119,-0.21315,0.971558,0.481025,0.745114,-1.105814,O02_L18_06,2.745361,2.842117
127.1607,-0.001067,0.00288,-0.025916,-0.102753,-0.214172,0.971375,0.480269,0.745114,-1.103505,O02_L18_06,2.735809,2.835495
127.1717,0.000569,0.002957,-0.025913,-0.103088,-0.214569,0.971237,0.4808,0.745114,-1.102202,O02_L18_06,2.732086,2.830917
127.1828,0.000569,0.002957,-0.025913,-0.103088,-0.214569,0.971237,0.480951,0.745114,-1.101904,O02_L18_06,2.732086,2.830917
127.1939,0.000886,0.002971,-0.025913,-0.102646,-0.214523,0.971298,0.480741,0.745114,-1.102407,O02_L18_06,2.725693,2.83107
127.2052,0.000745,0.002965,-0.025915,-0.102356,-0.215271,0.971161,0.48011,0.745114,-1.101242,O02_L18_06,2.716156,2.835266
127.2162,0.001235,0.002986,-0.025909,-0.101929,-0.21582,0.971085,0.479463,0.745114,-1.101445,O02_L18_06,2.700516,2.835159
127.2272,0.001235,0.002986,-0.025909,-0.101929,-0.21582,0.971085,0.480109,0.745114,-1.102177,O02_L18_06,2.700516,2.835159
127.2385,-0.000362,0.00292,-0.02594,-0.099045,-0.216965,0.97113,0.47659,0.745114,-1.102862,O02_L18_06,2.697098,2.835098
127.2495,0.029767,0.004365,-0.025617,-0.142059,-0.227097,0.96344,0.609167,0.591835,-1.233722,O02_L18_06,2.507431,-1
127.2611,0.029767,0.004365,-0.025617,-0.142059,-0.227097,0.96344,0.60941,0.593446,-1.233631,O02_L18_06,2.507431,-1
127.2718,0,0,0,0,0,1,-99999,-99999,-99999,,2.269318,-1
127.2828,0,0,0,0,0,1,-99999,-99999,-99999,,-1,-1
127.294,0,0,0,0,0,1,-99999,-99999,-99999,,-1,-1
127.3051,0,0,0,0,0,1,-99999,-99999,-99999,,-1,-1
127.3162,0,0,0,0,0,1,-99999,-99999,-99999,,-1,-1
127.3273,0,0,0,0,0,1,-99999,-99999,-99999,,-1,-1
127.3384,0,0,0,0,0,1,-99999,-99999,-99999,,-1,-1
127.3494,0,0,0,0,0,1,-99999,-99999,-99999,,-1,-1
127.3606,0,0,0,0,0,1,-99999,-99999,-99999,,-1,-1
127.3717,0,0,0,0,0,1,-99999,-99999,-99999,,-1,-1
127.3829,0,0,0,0,0,1,-99999,-99999,-99999,,-1,-1
127.3939,0,0,0,0,0,1,-99999,-99999,-99999,,-1,-1
127.405,0,0,0,0,0,1,-99999,-99999,-99999,,-1,-1
127.4161,0,0,0,0,0,1,-99999,-99999,-99999,,-1,-1
127.4271,-0.027012,0.001888,-0.025017,-0.084671,-0.250031,0.964523,0.442183,0.707818,-1.095286,O02_L18_06,-1,2.695679
127.4384,0.029943,0.005884,-0.03149,-0.147766,-0.359177,0.921494,0.558573,0.448002,-1.077003,O02_G01_01,2.134705,-1
127.4496,0.029943,0.005884,-0.03149,-0.147766,-0.359177,0.921494,0.558641,0.448052,-1.077003,O02_G01_01,2.134705,-1
127.4606,0.029949,0.005444,-0.029894,-0.142593,-0.25325,0.956818,0.601037,0.544416,-1.236778,O02_L18_06,2.414627,-1
127.4716,0.001339,0.003505,-0.026599,-0.10733,-0.254883,0.960983,0.473892,0.698856,-1.083366,O02_L18_06,2.003876,3.054855
127.4827,0.001339,0.003505,-0.026599,-0.10733,-0.254883,0.960983,0.474626,0.69811,-1.08309,O02_L18_06,2.003876,3.054855
127.4938,0.001351,0.003543,-0.026814,-0.125488,-0.232437,0.964478,0.496963,0.740809,-1.074693,O02_L18_06,2.459457,3.012009
127.505,0.001351,0.003543,-0.026814,-0.116379,-0.232452,0.965607,0.485684,0.739406,-1.078933,O02_L18_06,2.258469,-1
127.516,0.029722,0.005155,-0.028314,-0.176117,-0.262482,0.948715,0.661859,0.51967,-1.213813,O02_G01_01,2.230637,-1
127.5272,0.029722,0.005155,-0.028314,-0.176117,-0.262482,0.948715,0.662999,0.51967,-1.213048,O02_G01_01,2.230637,-1
127.5386,0.029734,0.005151,-0.028356,-0.173386,-0.242905,0.954422,0.655074,0.563211,-1.216465,O02_L18_06,2.262726,2.786606
127.5496,0.029848,0.004554,-0.025937,-0.131119,-0.235031,0.963089,0.587682,0.578158,-1.241798,O02_L18_06,2.532532,-1
127.5606,0.029848,0.004554,-0.025937,-0.131119,-0.235031,0.963089,0.588643,0.57737,-1.241437,O02_L18_06,2.532532,-1
127.5716,0.029849,0.00453,-0.025807,-0.137665,-0.203125,0.969421,0.594622,0.64575,-1.239189,O02_L18_06,2.715897,-1
127.5827,0.029837,0.004497,-0.025721,-0.13092,-0.187622,0.973465,0.582768,0.677667,-1.243646,O02_L18_06,2.95639,2.822632
127.5939,0.029836,0.004484,-0.025687,-0.12825,-0.208969,0.969467,0.582332,0.634304,-1.24381,O02_L18_06,2.69899,2.870758
127.6049,0.029836,0.004484,-0.025687,-0.12825,-0.208969,0.969467,0.582388,0.635661,-1.243788,O02_L18_06,2.69899,2.870758
127.616,0.029834,0.004476,-0.025658,-0.127213,-0.207352,0.96994,0.579409,0.641427,-1.244908,O02_L18_06,2.718918,2.869034
127.6272,0.00471,0.003345,-0.025941,-0.093216,-0.203568,0.974609,0.479177,0.745114,-1.148932,O02_L18_06,2.807968,2.862442
127.6383,0.00471,0.003345,-0.025941,-0.093216,-0.203568,0.974609,0.477138,0.745114,-1.151516,O02_L18_06,2.807968,2.862442
127.6494,0.003406,0.003293,-0.026014,-0.092407,-0.201904,0.975021,0.475009,0.745114,-1.158711,O02_L18_06,2.742905,2.836166
127.6605,0.00319,0.003274,-0.026006,-0.092697,-0.203323,0.974701,0.471844,0.745114,-1.15812,O02_L18_06,2.792923,2.833664
127.6716,0.00319,0.003274,-0.026006,-0.092697,-0.203323,0.974701,0.470153,0.745114,-1.160854,O02_L18_06,2.792923,2.833664
127.6826,0.001839,0.003211,-0.026017,-0.091095,-0.203751,0.974762,0.465717,0.745114,-1.162708,O02_L18_06,2.780273,2.836533
127.6937,0.00354,0.003282,-0.025987,-0.095139,-0.204407,0.974243,0.46889,0.745114,-1.161889,O02_L18_06,2.780441,2.860672
127.7049,0.003586,0.003284,-0.025979,-0.09581,-0.206375,0.973755,0.465568,0.745114,-1.159414,O02_L18_06,2.779968,2.873596
127.7159,0.003586,0.003284,-0.025979,-0.09581,-0.206375,0.973755,0.463076,0.745114,-1.161783,O02_L18_06,2.779968,2.873596
127.7271,0.029831,0.004435,-0.025607,-0.138351,-0.200455,0.969879,0.525553,0.745114,-1.160423,O02_L18_06,2.782059,-1
127.7381,0.029834,0.004422,-0.025606,-0.139313,-0.20285,0.969238,0.522006,0.745114,-1.157855,O02_L18_06,2.781845,2.919205
127.7494,0.029834,0.004422,-0.025606,-0.139313,-0.20285,0.969238,0.519222,0.745114,-1.16101,O02_L18_06,2.781845,2.919205
127.7605,0.029837,0.004417,-0.025589,-0.140701,-0.205994,0.968369,0.516451,0.745114,-1.157406,O02_L18_06,2.79509,2.959778
127.7716,0.029851,0.004391,-0.025534,-0.13829,-0.207367,0.96843,0.510419,0.745114,-1.160004,O02_L18_06,2.815292,3.029694
127.7827,0.029851,0.004391,-0.025534,-0.13829,-0.207367,0.96843,0.508971,0.745114,-1.165688,O02_L18_06,2.815292,3.029694
127.7939,0.029857,0.00436,-0.02542,-0.141129,-0.207626,0.967972,0.511966,0.745114,-1.172389,O02_L18_06,2.820633,3.016602
127.805,0.029864,0.004347,-0.02542,-0.144653,-0.208099,0.967346,0.516208,0.745114,-1.17995,O02_L18_06,2.822372,2.995956
127.816,0.029864,0.004347,-0.02542,-0.144653,-0.208099,0.967346,0.515406,0.745114,-1.190582,O02_L18_06,2.822372,2.995956
127.8271,0.001704,0.003125,-0.025852,-0.112274,-0.214554,0.97023,0.462749,0.745114,-1.200179,O02_L18_06,2.82605,2.994919
127.8383,0.007818,0.003393,-0.025771,-0.122345,-0.218185,0.968201,0.473696,0.745114,-1.200436,O02_L18_06,2.860657,3.014297
127.8493,-0.005579,0.002814,-0.025994,-0.105301,-0.220718,0.96962,0.470429,0.690109,-1.285875,O02_L18_06,2.881012,3.014191
127.8603,-0.005579,0.002814,-0.025994,-0.105301,-0.220718,0.96962,0.464404,0.701027,-1.28814,O02_L18_06,2.881012,3.014191
127.8716,0.029915,0.004361,-0.025487,-0.155731,-0.219223,0.96315,0.519781,0.745114,-1.230896,O02_L18_06,2.837219,-1
127.8826,0.029934,0.004366,-0.025567,-0.159119,-0.227066,0.960785,0.516647,0.745114,-1.225349,O02_L18_06,2.823334,-1
127.8937,0.029934,0.004366,-0.025567,-0.159119,-0.227066,0.960785,0.514427,0.745114,-1.241613,O02_L18_06,2.823334,-1
127.9049,0.030156,0.004497,-0.026671,-0.146957,-0.261643,0.953903,0.46562,0.745114,-1.176723,O02_L18_06,2.773514,-1
127.9159,0.03016,0.004454,-0.026521,-0.150971,-0.246628,0.95726,0.479125,0.745114,-1.228474,O02_L18_06,2.935181,2.072433
127.9272,0.030171,0.004401,-0.026375,-0.161316,-0.256958,0.95285,0.481828,0.745114,-1.214935,O02_L18_06,2.864456,2.814789
127.9382,0.030171,0.004401,-0.026375,-0.161316,-0.256958,0.95285,0.477169,0.745114,-1.231578,O02_L18_06,2.864456,2.814789
127.9492,0.030182,0.004389,-0.026375,-0.158478,-0.262741,0.951752,0.464051,0.745114,-1.234704,O02_L18_06,2.923035,-1
127.9604,-0.026708,0.001819,-0.025934,-0.072449,-0.243897,0.967087,0.349281,0.721879,-1.367958,O02_L18_06,2.905365,3.049698
127.9714,-0.026708,0.001819,-0.025934,-0.072449,-0.243897,0.967087,0.343596,0.721879,-1.387134,O02_L18_06,2.905365,3.049698
127.9826,0.029481,0.004654,-0.026136,-0.108749,-0.187241,0.976273,0.457146,0.681807,-1.640815,O02_G01_01,2.570724,2.742905
127.9936,0.029106,0.00529,-0.027697,-0.027939,-0.109879,0.993546,0.301911,0.853055,-1.684748,O02_G01_01,2.715134,2.666016
128.0048,0.029106,0.00529,-0.027697,-0.027939,-0.109879,0.993546,0.291211,0.865794,-1.684748,O02_G01_01,2.715134,2.666016
128.016,-0.009334,0.003478,-0.026192,0.066315,-0.080414,0.994553,0.118564,0.911326,-1.773555,O02_G01_01,2.891235,2.836075
128.0272,0.000254,0.004189,-0.026162,0.106857,-0.010086,0.994217,0.041994,1.052534,-1.809999,O02_NorthWall,2.943726,2.665619
128.0382,0.000254,0.004189,-0.026162,0.106857,-0.010086,0.994217,0.03141,1.063151,-1.809999,O02_NorthWall,2.943726,2.665619
128.0492,0.028256,0.005441,-0.024897,0.103256,0.045105,0.993622,0.033943,1.176512,-1.809999,O02_NorthWall,2.874634,2.819824
128.0603,-0.027908,0.003,-0.026821,0.113556,-0.034149,0.992935,-0.003809,1.035355,-1.809999,O02_NorthWall,2.989624,2.714142
128.0714,-0.025709,0.003123,-0.02711,0.101181,-0.025436,0.994537,0.010617,1.059294,-1.809999,O02_NorthWall,2.868454,2.587341
128.0825,-0.025709,0.003123,-0.02711,0.101181,-0.025436,0.994537,0.001029,1.066631,-1.809999,O02_NorthWall,2.868454,2.587341
128.0937,-0.019704,0.003278,-0.02672,0.098465,-0.037384,0.994431,-0.004385,1.050038,-1.809999,O02_NorthWall,2.945145,2.587616
128.1047,-0.023034,0.003123,-0.026888,0.101898,-0.043945,0.99382,-0.020952,1.043298,-1.809999,O02_NorthWall,2.768799,2.54245
128.1158,-0.023034,0.003123,-0.026888,0.101898,-0.043945,0.99382,-0.030324,1.048778,-1.809999,O02_NorthWall,2.768799,2.54245
128.127,-0.026761,0.002844,-0.02665,0.095795,-0.052643,0.994003,-0.029114,1.035298,-1.809999,O02_NorthWall,2.69371,2.656113
128.1381,-0.024183,0.002984,-0.026839,0.086502,-0.074509,0.993454,-0.02348,0.994866,-1.809999,O02_NorthWall,2.802933,2.58725
128.1492,-0.015165,0.003306,-0.026438,0.081024,-0.043915,0.995743,-0.018656,1.0577,-1.809999,O02_NorthWall,2.719452,2.754257
128.1604,-0.015165,0.003306,-0.026438,0.081024,-0.043915,0.995743,-0.026843,1.059973,-1.809999,O02_NorthWall,2.719452,2.754257
128.1715,0.00049,0.003824,-0.025553,0.071487,-0.026489,0.997086,-0.015507,1.093832,-1.809999,O02_NorthWall,2.804214,2.757797
128.1826,0.001141,0.003931,-0.025472,0.087555,-0.014526,0.996048,-0.051078,1.116578,-1.809999,O02_NorthWall,2.755524,2.648056
128.1936,0.001141,0.003931,-0.025472,0.087555,-0.014526,0.996048,-0.058246,1.114266,-1.809999,O02_NorthWall,2.755524,2.648056
128.2047,-0.014644,0.003669,-0.026454,0.145172,0.032928,0.988846,-0.165664,1.20319,-1.809999,O02_NorthWall,2.782074,2.658066
128.2158,-0.02833,0.003671,-0.028364,0.176376,0.055145,0.982773,-0.227229,1.240935,-1.809999,O02_NorthWall,2.636902,2.746979
128.2269,-0.02833,0.003671,-0.028364,0.176376,0.055145,0.982773,-0.234181,1.233873,-1.809999,O02_NorthWall,2.636902,2.746979
128.238,-0.028434,0.00339,-0.027414,0.188721,0.06366,0.97995,-0.262768,1.24254,-1.809999,O02_NorthWall,2.893448,2.758057
128.2492,-0.02851,0.003548,-0.028224,0.167481,0.0672,0.983566,-0.229244,1.24132,-1.809999,O02_NorthWall,2.855865,2.766098
128.2603,-0.02851,0.003548,-0.028224,0.167481,0.0672,0.983566,-0.234636,1.238401,-1.809999,O02_NorthWall,2.855865,2.766098
128.2714,-0.02838,0.003583,-0.028242,0.164719,0.073547,0.983582,-0.231878,1.250692,-1.809999,O02_NorthWall,2.836258,2.809372
128.2824,-0.028076,0.003671,-0.028381,0.160461,0.07016,0.984543,-0.22665,1.245008,-1.809999,O02_NorthWall,2.83194,2.693726
128.2936,-0.027257,0.003643,-0.027942,0.163391,0.071701,0.983948,-0.232731,1.251215,-1.809999,O02_NorthWall,2.773376,2.764221
128.3048,-0.027257,0.003643,-0.027942,0.163391,0.071701,0.983948,-0.233358,1.254135,-1.809999,O02_NorthWall,2.773376,2.764221
128.3157,-0.024097,0.00372,-0.027542,0.160233,0.08345,0.983536,-0.227046,1.277716,-1.809999,O02_NorthWall,2.846832,2.691315
128.3268,-0.013457,0.004067,-0.026685,0.164215,0.104294,0.980881,-0.233533,1.316802,-1.809999,O02_NorthWall,2.670105,2.802521
128.338,-0.013457,0.004067,-0.026685,0.164215,0.104294,0.980881,-0.234033,1.3169,-1.809999,O02_NorthWall,2.670105,2.802521
128.3492,0.000084,0.004525,-0.025715,0.177033,0.134262,0.974991,-0.256109,1.371824,-1.809999,O02_NorthWall,2.737793,2.819946
128.3603,-0.000191,0.004465,-0.025657,0.172165,0.140045,0.975052,-0.246994,1.380938,-1.809999,O02_NorthWall,2.616806,2.821793
128.3712,-0.002998,0.004382,-0.025964,0.16922,0.134201,0.976395,-0.241974,1.368859,-1.809999,O02_NorthWall,2.708542,2.821243
128.3824,-0.002998,0.004382,-0.025964,0.16922,0.134201,0.976395,-0.241758,1.36836,-1.809999,O02_NorthWall,2.708542,2.821243
128.3935,-0.007338,0.004242,-0.026291,0.168701,0.12117,0.97818,-0.240882,1.344584,-1.809999,O02_NorthWall,2.709564,2.814835
128.4046,-0.003537,0.004377,-0.026026,0.172882,0.126785,0.976746,-0.247795,1.355884,-1.809999,O02_NorthWall,2.645416,2.808212
128.4157,-0.003537,0.004377,-0.026026,0.172882,0.126785,0.976746,-0.247696,1.356925,-1.809999,O02_NorthWall,2.645416,2.808212
128.4269,-0.001708,0.004449,-0.02591,0.174057,0.129273,0.976196,-0.249909,1.363269,-1.809999,O02_NorthWall,2.678818,2.803284
128.4379,-0.001762,0.00445,-0.025926,0.169128,0.131577,0.976761,-0.241129,1.36849,-1.809999,O02_NorthWall,2.679413,2.802216
128.449,-0.001762,0.00445,-0.025926,0.169128,0.131577,0.976761,-0.242004,1.370891,-1.809999,O02_NorthWall,2.679413,2.802216
128.4603,-0.002111,0.004451,-0.025963,0.168793,0.128342,0.977249,-0.242567,1.366829,-1.809999,O02_NorthWall,2.676056,2.792694
128.4713,-0.000455,0.004517,-0.025872,0.169449,0.1297,0.976959,-0.24491,1.370395,-1.809999,O02_NorthWall,2.673386,2.770386
128.4823,-0.001111,0.004498,-0.025939,0.167969,0.121994,0.97821,-0.244772,1.357018,-1.809999,O02_NorthWall,2.66922,2.768845
128.4935,-0.001111,0.004498,-0.025939,0.167969,0.121994,0.97821,-0.245975,1.357419,-1.809999,O02_NorthWall,2.66922,2.768845
128.5046,-0.007848,0.004255,-0.026424,0.16452,0.110306,0.980179,-0.242788,1.336144,-1.809999,O02_NorthWall,2.665787,2.747299
128.5156,-0.01236,0.004085,-0.026745,0.161118,0.102219,0.981613,-0.239254,1.321567,-1.809999,O02_NorthWall,2.661911,2.719955
128.5269,-0.01236,0.004085,-0.026745,0.161118,0.102219,0.981613,-0.241986,1.322505,-1.809999,O02_NorthWall,2.661911,2.719955
128.5379,-0.009324,0.00418,-0.026511,0.1642,0.107697,0.980515,-0.24958,1.333705,-1.809999,O02_NorthWall,2.658035,2.720093
128.5491,-0.00708,0.004243,-0.026314,0.166275,0.107758,0.980164,-0.256321,1.334357,-1.809999,O02_NorthWall,2.622864,2.68251
128.5602,-0.00708,0.004243,-0.026314,0.166275,0.107758,0.980164,-0.258818,1.335601,-1.809999,O02_NorthWall,2.622864,2.68251
128.5712,-0.005491,0.004296,-0.026202,0.166702,0.106903,0.980179,-0.261905,1.335391,-1.809999,O02_NorthWall,2.621033,2.682968
128.5823,-0.005012,0.004266,-0.02616,0.167221,0.118332,0.97879,-0.26438,1.356967,-1.809999,O02_NorthWall,2.6306,2.674088
128.5934,-0.006776,0.00418,-0.02623,0.162735,0.114624,0.979981,-0.25852,1.350357,-1.809999,O02_NorthWall,2.619278,2.681671
128.6046,-0.006776,0.00418,-0.02623,0.162735,0.114624,0.979981,-0.260366,1.350968,-1.809999,O02_NorthWall,2.619278,2.681671
128.6157,-0.007333,0.004156,-0.026261,0.160812,0.112793,0.980515,-0.259166,1.34793,-1.809999,O02_NorthWall,2.600128,2.674591
128.6268,-0.004345,0.004259,-0.026057,0.160339,0.116196,0.980194,-0.259954,1.354757,-1.809999,O02_NorthWall,2.552063,2.681381
128.638,-0.004345,0.004259,-0.026057,0.160339,0.116196,0.980194,-0.261984,1.355185,-1.809999,O02_NorthWall,2.552063,2.681381
128.649,-0.003367,0.004292,-0.025982,0.158417,0.111893,0.981003,-0.260654,1.347638,-1.809999,O02_NorthWall,2.548843,2.674286
128.6601,-0.007518,0.004142,-0.026252,0.154404,0.105331,0.982361,-0.255641,1.335808,-1.809999,O02_NorthWall,2.550674,2.674622
128.6713,-0.011192,0.004015,-0.026493,0.151428,0.095779,0.98381,-0.252617,1.318882,-1.809999,O02_NorthWall,2.549622,2.680557
128.6823,-0.011192,0.004015,-0.026493,0.151428,0.095779,0.98381,-0.254203,1.318846,-1.809999,O02_NorthWall,2.549622,2.680557
128.6934,-0.011942,0.003987,-0.026535,0.148346,0.090805,0.984741,-0.250695,1.309954,-1.809999,O02_NorthWall,2.585526,2.679398
128.7046,-0.004714,0.004243,-0.026064,0.148071,0.098557,0.984039,-0.250476,1.323629,-1.809999,O02_NorthWall,2.599167,2.679062
128.7157,-0.004714,0.004243,-0.026064,0.148071,0.098557,0.984039,-0.251779,1.323383,-1.809999,O02_NorthWall,2.599167,2.679062
128.7267,-0.00121,0.004368,-0.025845,0.146057,0.101395,0.984055,-0.249304,1.327541,-1.809999,O02_NorthWall,2.600662,2.663956
128.7379,-0.016977,0.003939,-0.026879,0.163452,0.101028,0.981354,-0.282663,1.327335,-1.809999,O02_NorthWall,2.590134,2.640457
128.7489,-0.016977,0.003939,-0.026879,0.163452,0.101028,0.981354,-0.283819,1.326951,-1.809999,O02_NorthWall,2.590134,2.640457
128.76,-0.02707,0.003646,-0.027272,0.150803,0.117874,0.981506,-0.259602,1.356679,-1.809999,O02_NorthWall,2.798035,2.649582
128.7712,-0.025995,0.003789,-0.027485,0.145309,0.131882,0.980545,-0.249119,1.382329,-1.809999,O02_NorthWall,2.815521,2.697037
128.7823,-0.022189,0.003916,-0.027192,0.147522,0.138001,0.97937,-0.253144,1.394913,-1.809999,O02_NorthWall,2.821472,2.716599
128.7934,-0.022189,0.003916,-0.027192,0.147522,0.138001,0.97937,-0.253323,1.39587,-1.809999,O02_NorthWall,2.821472,2.716599
128.8045,-0.003648,0.004607,-0.026028,0.160141,0.165039,0.97319,-0.274481,1.447216,-1.809999,O02_NorthWall,2.85968,2.712341
128.8156,0.001097,0.004787,-0.025745,0.164246,0.172195,0.971268,-0.28159,1.461441,-1.809999,O02_NorthWall,2.760605,2.712616
128.8267,0.001097,0.004787,-0.025745,0.164246,0.172195,0.971268,-0.282075,1.461865,-1.809999,O02_NorthWall,2.760605,2.712616
128.8377,0.000204,0.004752,-0.025803,0.165085,0.168915,0.971695,-0.283833,1.455976,-1.809999,O02_NorthWall,2.752518,2.707626
128.8489,0.001388,0.004798,-0.025745,0.166733,0.171249,0.971008,-0.286765,1.46038,-1.809999,O02_NorthWall,2.751465,2.712936
128.86,0.001388,0.004798,-0.025745,0.166733,0.171249,0.971008,-0.286675,1.46013,-1.809999,O02_NorthWall,2.751465,2.712936
128.8713,0.000944,0.004713,-0.025553,0.16716,0.172577,0.970703,-0.28694,1.461663,-1.809999,O02_NorthWall,2.758286,2.719849
128.8825,0.000899,0.004637,-0.025324,0.168671,0.174454,0.970108,-0.289238,1.464562,-1.809999,O02_NorthWall,2.764252,2.730164
128.8934,0.000899,0.004637,-0.025324,0.168671,0.174454,0.970108,-0.289027,1.463604,-1.809999,O02_NorthWall,2.764252,2.730164
128.9044,-0.001476,0.004517,-0.025404,0.166534,0.171234,0.971039,-0.284598,1.456617,-1.809999,O02_NorthWall,2.77948,2.731033
128.9156,-0.000935,0.004538,-0.025369,0.166611,0.171677,0.970947,-0.284417,1.45657,-1.809999,O02_NorthWall,2.772903,2.729401
128.9271,-0.001094,0.004519,-0.025342,0.166977,0.16983,0.971222,-0.285041,1.452565,-1.809999,O02_NorthWall,2.772873,2.725906
128.9377,-0.001094,0.004519,-0.025342,0.166977,0.16983,0.971222,-0.284722,1.452271,-1.809999,O02_NorthWall,2.772873,2.725906
128.9489,-0.001644,0.004494,-0.025355,0.166626,0.167999,0.971588,-0.284359,1.447887,-1.809999,O02_NorthWall,2.78006,2.729965
128.9599,-0.001275,0.004507,-0.025346,0.166412,0.168762,0.971497,-0.283758,1.448225,-1.809999,O02_NorthWall,2.780365,2.744293
128.971,-0.001275,0.004507,-0.025346,0.166412,0.168762,0.971497,-0.283756,1.447167,-1.809999,O02_NorthWall,2.780365,2.744293
128.9821,-0.001956,0.004476,-0.02537,0.163727,0.167435,0.972183,-0.278313,1.443829,-1.809999,O02_NorthWall,2.779099,2.744141
128.9933,-0.002555,0.004539,-0.025677,0.157684,0.162476,0.974014,-0.267787,1.433284,-1.809999,O02_NorthWall,2.766983,2.729706
129.0043,-0.002555,0.004539,-0.025677,0.157684,0.162476,0.974014,-0.267157,1.433021,-1.809999,O02_NorthWall,2.766983,2.729706
129.0154,-0.004388,0.004466,-0.025773,0.158035,0.159744,0.974411,-0.267149,1.427535,-1.809999,O02_NorthWall,2.741409,2.745514
129.0265,-0.007373,0.00431,-0.025776,0.120911,0.174683,0.977158,-0.197808,1.449923,-1.809999,O02_NorthWall,2.765152,2.757645
129.0378,-0.000182,0.004601,-0.025335,0.073135,0.192642,0.978531,-0.110252,1.476654,-1.809999,O02_NorthWall,2.676605,2.666809
129.0488,-0.000182,0.004601,-0.025335,0.073135,0.192642,0.978531,-0.109101,1.476357,-1.809999,O02_NorthWall,2.676605,2.666809
129.0599,-0.003619,0.004459,-0.025539,0.06694,0.191757,0.979141,-0.097343,1.473418,-1.809999,O02_NorthWall,2.753769,2.771271
129.071,-0.006061,0.004318,-0.025524,0.070694,0.184906,0.980194,-0.103743,1.461375,-1.809999,O02_NorthWall,2.737534,2.76091
129.0822,-0.006061,0.004318,-0.025524,0.070694,0.184906,0.980194,-0.102241,1.461039,-1.809999,O02_NorthWall,2.737534,2.76091
129.0932,-0.012674,0.004013,-0.025778,0.071014,0.173569,0.982254,-0.10273,1.440597,-1.809999,O02_NorthWall,2.738861,2.785645
129.1043,-0.0151,0.003905,-0.025878,0.069687,0.169312,0.983093,-0.099828,1.432818,-1.809999,O02_NorthWall,2.739426,2.788284
129.1154,0.001653,0.00465,-0.025179,0.066422,0.194595,0.978622,-0.090441,1.477775,-1.809999,O02_NorthWall,2.724686,2.787582
129.1268,0.001653,0.00465,-0.025179,0.066422,0.194595,0.978622,-0.089466,1.477901,-1.809999,O02_NorthWall,2.724686,2.787582
129.1377,-0.000296,0.004565,-0.025271,0.067291,0.191299,0.979218,-0.090198,1.472069,-1.809999,O02_NorthWall,2.730911,2.789078
129.1488,-0.001435,0.004516,-0.02533,0.068024,0.189438,0.979523,-0.090309,1.469287,-1.809999,O02_NorthWall,2.736618,2.799561
129.1599,-0.001435,0.004516,-0.02533,0.068024,0.189438,0.979523,-0.089653,1.469975,-1.809999,O02_NorthWall,2.736618,2.799561
129.171,-0.002815,0.004457,-0.025393,0.068634,0.18631,0.980072,-0.090017,1.464806,-1.809999,O02_NorthWall,2.731476,2.798676
129.1821,-0.006009,0.004311,-0.025548,0.069397,0.181549,0.980927,-0.090543,1.456822,-1.809999,O02_NorthWall,2.7314,2.801743
129.1931,-0.006009,0.004311,-0.025548,0.069397,0.181549,0.980927,-0.089895,1.45697,-1.809999,O02_NorthWall,2.7314,2.801743
129.2042,-0.003564,0.004416,-0.025436,0.071045,0.181656,0.980789,-0.092033,1.457581,-1.809999,O02_NorthWall,2.730316,2.809158
129.2154,-0.000402,0.004554,-0.025293,0.070038,0.185776,0.980087,-0.089109,1.46434,-1.809999,O02_NorthWall,2.73114,2.808853
129.2266,0.000178,0.004574,-0.025256,0.069031,0.185089,0.980286,-0.08663,1.462571,-1.809999,O02_NorthWall,2.740082,2.809723
129.2377,0.000178,0.004574,-0.025256,0.069031,0.185089,0.980286,-0.086452,1.461541,-1.809999,O02_NorthWall,2.740082,2.809723
129.2487,0.000121,0.004565,-0.025251,0.070801,0.185242,0.980133,-0.089652,1.46124,-1.809999,O02_NorthWall,2.766113,2.810394
129.2598,0.001255,0.004599,-0.025168,0.070053,0.186859,0.979874,-0.08821,1.462939,-1.809999,O02_NorthWall,2.7677,2.826889
129.271,0.001255,0.004599,-0.025168,0.070053,0.186859,0.979874,-0.088601,1.461796,-1.809999,O02_NorthWall,2.7677,2.826889
129.282,0.001123,0.00458,-0.025161,0.070236,0.18454,0.980301,-0.089516,1.456817,-1.809999,O02_NorthWall,2.766266,2.841629
129.2931,0.00184,0.004599,-0.025095,0.069519,0.186234,0.980026,-0.088077,1.45862,-1.809999,O02_NorthWall,2.788422,2.85434
129.3044,0.001653,0.004582,-0.025082,0.069244,0.1857,0.980148,-0.087817,1.457129,-1.809999,O02_NorthWall,2.798218,2.855301
129.3153,0.001653,0.004582,-0.025082,0.069244,0.1857,0.980148,-0.087914,1.456332,-1.809999,O02_NorthWall,2.798218,2.855301
129.3266,0.000715,0.004534,-0.025115,0.070358,0.18512,0.980179,-0.090211,1.454968,-1.809999,O02_NorthWall,2.810532,2.8573
129.3376,-0.000516,0.004474,-0.025154,0.069183,0.182907,0.980682,-0.088733,1.450359,-1.809999,O02_NorthWall,2.811508,2.87294
129.3486,-0.000516,0.004474,-0.025154,0.069183,0.182907,0.980682,-0.089036,1.44955,-1.809999,O02_NorthWall,2.811508,2.87294
129.3599,0.000461,0.004513,-0.025098,0.069504,0.183838,0.980484,-0.090313,1.450764,-1.809999,O02_NorthWall,2.812531,2.873337
129.3708,0.000533,0.004516,-0.02509,0.070435,0.18367,0.980454,-0.092071,1.449816,-1.809999,O02_NorthWall,2.815964,2.887238
129.3819,0.000533,0.004516,-0.02509,0.070435,0.18367,0.980454,-0.092525,1.448941,-1.809999,O02_NorthWall,2.815964,2.887238
129.3931,0.001555,0.004559,-0.025031,0.070267,0.184631,0.980286,-0.092131,1.449953,-1.809999,O02_NorthWall,2.815994,2.886917
129.4042,0.001725,0.004566,-0.02502,0.069534,0.184906,0.980286,-0.091009,1.449151,-1.809999,O02_NorthWall,2.816711,2.890411
129.4153,0.000967,0.004533,-0.025052,0.070145,0.183701,0.980469,-0.09202,1.446401,-1.809999,O02_NorthWall,2.815643,2.879868
129.4266,0.000967,0.004533,-0.025052,0.070145,0.183701,0.980469,-0.091739,1.444258,-1.809999,O02_NorthWall,2.815643,2.879868
129.4376,0.000732,0.004523,-0.025057,0.070816,0.183075,0.98053,-0.092833,1.44154,-1.809999,O02_NorthWall,2.813965,2.901291
129.4486,0.001004,0.004536,-0.025039,0.071472,0.182999,0.980499,-0.093806,1.439808,-1.809999,O02_NorthWall,2.813675,2.928635
129.4597,0.001004,0.004536,-0.025039,0.071472,0.182999,0.980499,-0.093694,1.438816,-1.809999,O02_NorthWall,2.813675,2.928635
129.4709,0.000485,0.004515,-0.025068,0.072281,0.182358,0.98056,-0.095455,1.436524,-1.809999,O02_NorthWall,2.816116,2.92189
129.482,-0.000997,0.004452,-0.025136,0.072083,0.18158,0.980728,-0.095601,1.432941,-1.809999,O02_NorthWall,2.817612,2.908264
129.493,0.000176,0.004502,-0.025081,0.071793,0.183609,0.980362,-0.094731,1.434678,-1.809999,O02_NorthWall,2.817627,2.90831
129.5042,0.000176,0.004502,-0.025081,0.071793,0.183609,0.980362,-0.094571,1.432479,-1.809999,O02_NorthWall,2.817627,2.90831
129.5153,0.000409,0.004513,-0.025061,0.070984,0.185364,0.980087,-0.092864,1.433322,-1.809999,O02_NorthWall,2.839874,2.908768
129.5269,-0.000305,0.004488,-0.025087,0.071457,0.183884,0.980331,-0.093461,1.428323,-1.809999,O02_NorthWall,2.839798,2.905899
129.5375,-0.000305,0.004488,-0.025087,0.071457,0.183884,0.980331,-0.093072,1.425932,-1.809999,O02_NorthWall,2.839798,2.905899
129.5488,-0.002203,0.004409,-0.025168,0.071259,0.181244,0.98085,-0.092282,1.419373,-1.809999,O02_NorthWall,2.852768,2.918961
129.5599,-0.001844,0.004425,-0.025144,0.070541,0.182877,0.980591,-0.090029,1.420436,-1.809999,O02_NorthWall,2.880066,2.919525
129.5708,-0.001844,0.004425,-0.025144,0.070541,0.182877,0.980591,-0.088969,1.418648,-1.809999,O02_NorthWall,2.880066,2.919525
129.5819,-0.002762,0.004395,-0.025173,0.070374,0.181839,0.980789,-0.087661,1.415257,-1.809999,O02_NorthWall,2.879501,2.889099
129.593,-0.000127,0.004513,-0.025034,0.068985,0.187225,0.979874,-0.083257,1.423171,-1.809999,O02_NorthWall,2.879715,2.863083
129.6041,-0.000127,0.004513,-0.025034,0.068985,0.187225,0.979874,-0.081675,1.421831,-1.809999,O02_NorthWall,2.879715,2.863083
129.6152,0.002641,0.004634,-0.024893,0.068207,0.192917,0.978836,-0.077573,1.430592,-1.809999,O02_NorthWall,2.868454,2.863846
129.6266,0.001571,0.004591,-0.024939,0.069107,0.19307,0.978745,-0.07689,1.429745,-1.809999,O02_NorthWall,2.861526,2.866623
129.6374,0.00009,0.004531,-0.025,0.071289,0.192093,0.978775,-0.078936,1.427023,-1.809999,O02_NorthWall,2.843277,2.867584
129.6486,0.00009,0.004531,-0.025,0.071289,0.192093,0.978775,-0.076616,1.425869,-1.809999,O02_NorthWall,2.843277,2.867584
129.6597,0.001581,0.004398,-0.02433,0.081314,0.190826,0.978241,-0.092254,1.42411,-1.809999,O02_NorthWall,2.852524,2.886292
129.6708,0.024337,0.005505,-0.024178,0.068436,0.198792,0.977646,-0.066961,1.436502,-1.809999,O02_NorthWall,2.675308,2.956696
129.6819,0.024337,0.005505,-0.024178,0.068436,0.198792,0.977646,-0.065176,1.436113,-1.809999,O02_NorthWall,2.675308,2.956696
129.693,0.011032,0.004769,-0.024865,0.048996,0.14743,0.987854,-0.034189,1.341654,-1.809999,O02_NorthWall,2.978348,3.020889
129.7042,-0.019769,0.003443,-0.026224,0.058182,0.103226,0.99295,-0.052983,1.262627,-1.809999,O02_NorthWall,2.880676,2.812256
129.7152,-0.026079,0.003161,-0.02646,0.057571,0.095444,0.993759,-0.051147,1.248137,-1.809999,O02_NorthWall,2.851059,2.82402
129.7263,-0.026079,0.003161,-0.02646,0.057571,0.095444,0.993759,-0.049526,1.247951,-1.809999,O02_NorthWall,2.851059,2.82402
129.7374,-0.024314,0.00323,-0.026352,0.055756,0.097733,0.993637,-0.044762,1.251864,-1.809999,O02_NorthWall,2.853729,2.845551
129.7485,-0.001718,0.004188,-0.02531,0.049408,0.126389,0.990738,-0.029438,1.302737,-1.809999,O02_NorthWall,2.854172,2.845169
129.7597,-0.001718,0.004188,-0.02531,0.049408,0.126389,0.990738,-0.028848,1.301625,-1.809999,O02_NorthWall,2.854172,2.845169
129.7708,-0.002092,0.00417,-0.025324,0.049759,0.127106,0.990631,-0.028726,1.302018,-1.809999,O02_NorthWall,2.862137,2.845703
129.7818,-0.004243,0.004077,-0.025417,0.050598,0.123673,0.991028,-0.030197,1.295056,-1.809999,O02_NorthWall,2.871719,2.850204
129.793,-0.002652,0.004144,-0.025349,0.050415,0.125992,0.990738,-0.029392,1.298566,-1.809999,O02_NorthWall,2.86496,2.850403
129.8041,-0.002652,0.004144,-0.025349,0.050415,0.125992,0.990738,-0.029042,1.297971,-1.809999,O02_NorthWall,2.86496,2.850403
129.8152,-0.003916,0.00409,-0.025416,0.051895,0.124558,0.990845,-0.032165,1.294929,-1.809999,O02_NorthWall,2.864838,2.851837
129.8264,-0.001719,0.004184,-0.025317,0.054276,0.12851,0.990219,-0.036147,1.301924,-1.809999,O02_NorthWall,2.878098,2.882538
129.8374,-0.001719,0.004184,-0.025317,0.054276,0.12851,0.990219,-0.036198,1.301392,-1.809999,O02_NorthWall,2.878098,2.882538
129.8485,-0.001381,0.004199,-0.025306,0.053589,0.130386,0.990006,-0.035244,1.304449,-1.809999,O02_NorthWall,2.880646,2.876709
129.8595,-0.000933,0.004219,-0.025293,0.052673,0.131668,0.989883,-0.033881,1.307028,-1.809999,O02_NorthWall,2.911209,2.875687
129.8709,-0.000933,0.004219,-0.025293,0.052673,0.131668,0.989883,-0.034311,1.307726,-1.809999,O02_NorthWall,2.911209,2.875687
129.8818,-0.00537,0.003994,-0.025465,0.054428,0.108872,0.992554,-0.039244,1.267245,-1.809999,O02_NorthWall,2.724365,2.841141
129.8929,-0.000595,0.003891,-0.025197,0.022522,0.065567,0.997589,0.014283,1.186009,-1.809999,O02_NorthWall,3.119629,2.805862
129.9039,0.007132,0.003924,-0.025218,-0.031372,-0.00795,0.999466,0.107646,1.043635,-1.809999,O02_NorthWall,2.93898,2.835083
129.9151,0.007132,0.003924,-0.025218,-0.031372,-0.00795,0.999466,0.10832,1.044443,-1.809999,O02_NorthWall,2.93898,2.835083
129.9263,-0.000561,0.003315,-0.025973,-0.047485,-0.113754,0.992371,0.128381,0.885216,-1.692922,O02_G01_01,2.826843,2.767868
129.9373,0.001465,0.003117,-0.025841,-0.101227,-0.181412,0.97818,0.222287,0.766526,-1.648137,O02_G01_01,2.941437,2.99028
129.9485,0.001465,0.003117,-0.025841,-0.101227,-0.181412,0.97818,0.223088,0.768244,-1.648137,O02_G01_01,2.941437,2.99028
129.9596,0.001574,0.003011,-0.025744,-0.115097,-0.207184,0.971497,0.249576,0.717495,-1.640815,O02_G01_01,2.882339,3.100769
129.9707,0.00162,0.002961,-0.025761,-0.114761,-0.213394,0.9702,0.250213,0.704962,-1.640815,O02_G01_01,2.876358,3.126297
129.9817,0.00162,0.002961,-0.025761,-0.114761,-0.213394,0.9702,0.251026,0.705217,-1.640815,O02_G01_01,2.876358,3.126297
129.9929,-0.025298,0.001793,-0.026326,-0.07637,-0.216415,0.973297,0.181489,0.70343,-1.640815,O02_G01_01,2.908752,3.011749
130.0041,-0.025853,0.001752,-0.026285,-0.078751,-0.216461,0.973099,0.187613,0.702201,-1.640815,O02_G01_01,2.907974,3.033585
130.015,-0.023267,0.001832,-0.026154,-0.08252,-0.217133,0.972641,0.195967,0.70086,-1.640815,O02_G01_01,2.902039,3.015411
130.0261,-0.023267,0.001832,-0.026154,-0.08252,-0.217133,0.972641,0.198448,0.700676,-1.640815,O02_G01_01,2.902039,3.015411
130.0372,-0.004304,0.002626,-0.025705,-0.110306,-0.220917,0.969025,0.254309,0.68705,-1.640815,O02_G01_01,2.890015,3.037781
130.0484,-0.003332,0.00266,-0.025696,-0.113129,-0.217941,0.969376,0.264942,0.690628,-1.640815,O02_G01_01,2.902695,3.048279
130.0596,-0.003332,0.00266,-0.025696,-0.113129,-0.217941,0.969376,0.273225,0.687344,-1.640815,O02_G01_01,2.902695,3.048279
130.0709,-0.001958,0.002706,-0.025669,-0.114502,-0.215714,0.969711,0.285761,0.689261,-1.640815,O02_G01_01,2.895721,3.048676
130.0817,0.006064,0.00304,-0.025517,-0.123077,-0.219452,0.967819,0.313958,0.672401,-1.648137,O02_G01_01,2.889313,3.037888
130.0928,0.006064,0.00304,-0.025517,-0.123077,-0.219452,0.967819,0.32843,0.663672,-1.655459,O02_G01_01,2.889313,3.037888
130.1039,0.008175,0.003157,-0.025423,-0.128204,-0.223099,0.966324,0.350159,0.653788,-1.648137,O02_G01_01,2.89447,2.991959
130.115,0.008846,0.003174,-0.025363,-0.127121,-0.224106,0.966232,0.363099,0.644994,-1.648137,O02_G01_01,2.882965,3.0177
130.1261,-0.006409,0.002448,-0.02557,-0.102371,-0.241043,0.965088,0.332237,0.598753,-1.655459,O02_G01_01,2.938202,3.125839
130.1373,-0.006409,0.002448,-0.02557,-0.102371,-0.241043,0.965088,0.345944,0.594824,-1.648137,O02_G01_01,2.938202,3.125839
130.1484,0.030151,0.003565,-0.025581,-0.200241,-0.318817,0.926407,0.505091,0.528374,-1.431577,O02_G01_01,2.881073,-1
130.1595,0.03037,0.003355,-0.025542,-0.275421,-0.344406,0.897507,0.625239,0.528374,-1.303994,O02_G01_01,2.782516,4.01947
130.1708,0.03037,0.003355,-0.025542,-0.275421,-0.344406,0.897507,0.632918,0.528373,-1.289644,O02_G01_01,2.782516,4.01947
130.1817,0.02871,0.00323,-0.025994,-0.301392,-0.359467,0.883133,0.675289,0.51967,-1.227725,O02_G01_01,2.800278,3.802368
130.1927,0.030783,0.001801,-0.019673,-0.193451,-0.393509,0.898727,0.479004,0.510966,-1.195473,O02_G01_01,2.931076,4.226288
130.2038,0.030795,0.001801,-0.019671,-0.184662,-0.388397,0.902786,0.47582,0.510966,-1.199133,O02_G01_01,2.929016,-1
130.215,0.030795,0.001801,-0.019671,-0.184662,-0.388397,0.902786,0.482656,0.510966,-1.185348,O02_G01_01,2.929016,-1
130.2261,0.030667,0.002181,-0.021088,-0.213745,-0.378754,0.900467,0.541947,0.510966,-1.178698,O02_G01_01,2.894424,-1
130.2372,0.030543,0.002514,-0.022279,-0.245895,-0.377457,0.892761,0.601081,0.507114,-1.150225,O02_G01_01,2.849945,-1
130.2483,0.030287,0.003255,-0.025519,-0.257523,-0.326248,0.909515,0.666894,0.51967,-1.242572,O02_G01_01,2.824493,-1
130.2594,0.030287,0.003255,-0.025519,-0.257523,-0.326248,0.909515,0.671464,0.51967,-1.225774,O02_G01_01,2.824493,-1
130.2707,0.030274,0.00338,-0.025843,-0.236694,-0.315689,0.918854,0.652476,0.51967,-1.250481,O02_G01_01,2.846436,-1
130.2816,0.030252,0.00338,-0.025843,-0.236679,-0.310059,0.920776,0.66437,0.51967,-1.251283,O02_G01_01,2.877213,-1
130.2927,0.030252,0.00338,-0.025843,-0.236679,-0.310059,0.920776,0.67037,0.51967,-1.238544,O02_G01_01,2.877213,-1
130.3038,0.030196,0.00338,-0.025707,-0.23671,-0.301559,0.923584,0.685854,0.51967,-1.248669,O02_G01_01,2.849945,3.392288
130.3149,0.030124,0.003526,-0.025749,-0.204224,-0.290604,0.934784,0.650209,0.51967,-1.288285,O02_G01_01,2.97467,-1
130.3261,0.030124,0.003526,-0.025749,-0.204224,-0.290604,0.934784,0.656468,0.51967,-1.277436,O02_G01_01,2.97467,-1
130.3372,0.0301,0.003626,-0.026021,-0.196365,-0.292038,0.93602,0.648086,0.51967,-1.269106,O02_G01_01,2.863159,1.742249
130.3482,0.03007,0.003661,-0.025915,-0.193039,-0.295013,0.935776,0.645816,0.51967,-1.254342,O02_G01_01,2.94928,3.057755
130.3593,0.030036,0.003642,-0.025811,-0.189377,-0.287628,0.938828,0.65362,0.51967,-1.266887,O02_G01_01,2.937088,-1
130.3706,0.030036,0.003642,-0.025811,-0.189377,-0.287628,0.938828,0.660365,0.51967,-1.259464,O02_G01_01,2.937088,-1
130.3815,0.030007,0.003642,-0.025744,-0.18425,-0.287598,0.93985,0.658056,0.51967,-1.255575,O02_G01_01,2.945007,-1
130.3926,0.029995,0.003637,-0.025721,-0.180008,-0.286682,0.940949,0.658439,0.51967,-1.254213,O02_G01_01,2.941711,3.061249
130.4038,0.029995,0.003637,-0.025721,-0.180008,-0.286682,0.940949,0.663768,0.51967,-1.247274,O02_G01_01,2.941711,3.061249
130.4148,0.029824,0.003525,-0.025088,-0.177979,-0.278137,0.943893,0.675168,0.51967,-1.264068,O02_G01_01,2.996475,3.142059
130.4259,0.029829,0.003588,-0.025177,-0.160248,-0.272217,0.948792,0.658326,0.51967,-1.28539,O02_G01_01,2.878357,3.214676
130.4371,0.029801,0.003643,-0.025352,-0.155014,-0.276672,0.948364,0.650156,0.51967,-1.272004,O02_G01_01,2.919571,3.809738
130.4483,0.029801,0.003643,-0.025352,-0.155014,-0.276672,0.948364,0.655243,0.51967,-1.266915,O02_G01_01,2.919571,3.809738
130.4593,0.029786,0.003734,-0.02568,-0.152893,-0.275436,0.949066,0.658996,0.51967,-1.26744,O02_G01_01,2.939468,3.748184
130.4706,0.029773,0.003769,-0.025743,-0.143143,-0.278946,0.94957,0.644416,0.51967,-1.261308,O02_G01_01,2.921555,3.145859
130.4815,0.029773,0.003769,-0.025743,-0.143143,-0.278946,0.94957,0.649323,0.51967,-1.256996,O02_G01_01,2.921555,3.145859
130.4927,0.029753,0.003767,-0.025669,-0.134949,-0.281006,0.950165,0.639068,0.51967,-1.253489,O02_G01_01,2.933533,-1
130.5039,0.029731,0.003767,-0.025669,-0.131546,-0.277847,0.951569,0.642407,0.51967,-1.2596,O02_G01_01,2.933853,3.062057
130.5148,0.029731,0.003767,-0.025669,-0.131546,-0.277847,0.951569,0.646803,0.51967,-1.254653,O02_G01_01,2.933853,3.062057
130.5259,0.029722,0.003767,-0.025688,-0.130936,-0.275391,0.952362,0.653591,0.51967,-1.256667,O02_G01_01,2.933197,3.03479
130.5372,0.029701,0.00377,-0.025692,-0.131729,-0.273621,0.952759,0.661787,0.51967,-1.256068,O02_G01_01,2.93277,3.116669
130.5482,0.029681,0.003796,-0.025759,-0.123459,-0.27504,0.953461,0.651801,0.51967,-1.254577,O02_G01_01,2.92955,3.027969
130.5592,0.029681,0.003796,-0.025759,-0.123459,-0.27504,0.953461,0.656311,0.51967,-1.250386,O02_G01_01,2.92955,3.027969
130.5706,0.029656,0.003812,-0.025798,-0.107941,-0.268204,0.957291,0.644142,0.51967,-1.274734,O02_G01_01,2.92627,2.997681
130.5816,0.00605,0.002878,-0.02603,-0.079285,-0.270874,0.959335,0.595879,0.528373,-1.27545,O02_G01_01,2.904968,2.998306
130.5926,0.00605,0.002878,-0.02603,-0.079285,-0.270874,0.959335,0.601938,0.525164,-1.274703,O02_G01_01,2.904968,2.998306
130.6037,-0.002964,0.002504,-0.026095,-0.072571,-0.267273,0.960877,0.597307,0.528373,-1.281068,O02_G01_01,2.904404,3.016846
130.6148,0.006416,0.002951,-0.026094,-0.070953,-0.261353,0.962616,0.605047,0.528373,-1.292404,O02_G01_01,2.85527,2.897598
130.6259,0.006416,0.002951,-0.026094,-0.070953,-0.261353,0.962616,0.608148,0.528374,-1.287104,O02_G01_01,2.85527,2.897598
130.6371,0.010876,0.003163,-0.026078,-0.07579,-0.26152,0.962204,0.617998,0.528373,-1.277173,O02_G01_01,2.823929,2.800186
130.6481,0.009713,0.003122,-0.026092,-0.072952,-0.262528,0.962158,0.616955,0.524978,-1.274703,O02_G01_01,2.812546,2.913895
130.6592,0.029454,0.003884,-0.025775,-0.084656,-0.271164,0.958801,0.630274,0.51967,-1.244365,O02_G01_01,2.790237,2.86731
130.6705,0.029454,0.003884,-0.025775,-0.084656,-0.271164,0.958801,0.632992,0.51967,-1.238728,O02_G01_01,2.790237,2.86731
130.6814,0.029422,0.003907,-0.025769,-0.083679,-0.24942,0.964768,0.658676,0.51967,-1.287432,O02_G01_01,2.760971,2.938354
130.6926,0.029399,0.003929,-0.025768,-0.079514,-0.251785,0.964493,0.650796,0.51967,-1.278002,O02_G01_01,2.733093,2.915298
130.7037,0.029399,0.003929,-0.025768,-0.079514,-0.251785,0.964493,0.651924,0.51967,-1.27152,O02_G01_01,2.733093,2.915298
130.7148,0.029309,0.003888,-0.025356,-0.057419,-0.241837,0.968613,0.625938,0.528373,-1.299692,O02_G01_01,2.726807,2.881943
130.7258,0.029281,0.003883,-0.025244,-0.063858,-0.245178,0.967362,0.633363,0.528078,-1.282025,O02_G01_01,2.639572,2.881882
130.737,0.029281,0.003883,-0.025244,-0.063858,-0.245178,0.967362,0.635643,0.525205,-1.282025,O02_G01_01,2.639572,2.881882
130.7481,0.00374,0.002962,-0.025957,-0.041885,-0.238327,0.970276,0.609069,0.528374,-1.310145,O02_G01_01,2.639725,2.966202
130.7593,0.005648,0.003055,-0.025938,-0.04361,-0.240524,0.96965,0.609547,0.528373,-1.301043,O02_G01_01,2.639114,2.917892
130.7706,0.002329,0.002952,-0.026076,-0.040268,-0.239243,0.970108,0.606368,0.528374,-1.305173,O02_G01_01,2.622635,2.876831
130.7814,0.002329,0.002952,-0.026076,-0.040268,-0.239243,0.970108,0.606552,0.528374,-1.304705,O02_G01_01,2.622635,2.876831
130.7926,-0.002589,0.0028,-0.026203,-0.03476,-0.237473,0.970764,0.600406,0.528374,-1.31253,O02_G01_01,2.639313,2.848267
130.8036,-0.007823,0.002612,-0.026345,-0.028305,-0.236588,0.971191,0.591537,0.528374,-1.319773,O02_G01_01,2.624069,2.848587
130.8148,-0.007823,0.002612,-0.026345,-0.028305,-0.236588,0.971191,0.591121,0.528374,-1.319002,O02_G01_01,2.624069,2.848587
130.8259,-0.008752,0.002583,-0.026369,-0.026672,-0.236832,0.971176,0.587501,0.528374,-1.31944,O02_G01_01,2.615845,2.858612
130.8369,-0.010443,0.002528,-0.026417,-0.025101,-0.236908,0.971191,0.583162,0.528374,-1.319189,O02_G01_01,2.608002,2.858475
130.848,-0.00599,0.002698,-0.026278,-0.027985,-0.234848,0.971619,0.589099,0.528374,-1.323552,O02_G01_01,2.595215,2.863342
130.8591,-0.00599,0.002698,-0.026278,-0.027985,-0.234848,0.971619,0.58659,0.528374,-1.323015,O02_G01_01,2.595215,2.863342
130.8705,-0.001582,0.002889,-0.02613,-0.030869,-0.234528,0.971603,0.589898,0.528374,-1.322196,O02_G01_01,2.571625,2.858124
130.8814,0.001917,0.00304,-0.026021,-0.034592,-0.237839,0.970673,0.589099,0.528374,-1.310929,O02_G01_01,2.568512,2.857864
130.8925,0.001917,0.00304,-0.026021,-0.034592,-0.237839,0.970673,0.587327,0.528374,-1.311161,O02_G01_01,2.568512,2.857864
130.9036,0.003942,0.003122,-0.025958,-0.036346,-0.237289,0.970749,0.587942,0.528374,-1.311182,O02_G01_01,2.571655,2.848709
130.9147,0.010635,0.003383,-0.025746,-0.042862,-0.238342,0.97023,0.593841,0.528373,-1.303208,O02_G01_01,2.568909,2.860062
130.9258,0.010635,0.003383,-0.025746,-0.042862,-0.238342,0.97023,0.590695,0.528373,-1.302432,O02_G01_01,2.568909,2.860062
130.9369,0.011418,0.003417,-0.025722,-0.043518,-0.236435,0.970657,0.590442,0.528374,-1.305542,O02_G01_01,2.558701,2.860306
130.9481,0.00895,0.003326,-0.025812,-0.042557,-0.23523,0.970993,0.587743,0.528374,-1.308079,O02_G01_01,2.573776,2.858444
130.9592,0.008961,0.003332,-0.025824,-0.043732,-0.234207,0.971191,0.587361,0.528374,-1.308729,O02_G01_01,2.585632,-1
130.9703,0.008961,0.003332,-0.025824,-0.043732,-0.234207,0.971191,0.584759,0.528374,-1.308,O02_G01_01,2.585632,-1
130.9813,0.011293,0.00344,-0.025745,-0.04361,-0.233505,0.971375,0.583044,0.528374,-1.309716,O02_G01_01,2.589661,2.895386
130.9924,0.014985,0.003587,-0.025627,-0.045868,-0.234985,0.970902,0.582952,0.528374,-1.30467,O02_G01_01,2.585739,2.838058
131.0036,0.014985,0.003587,-0.025627,-0.045868,-0.234985,0.970902,0.581118,0.528374,-1.304292,O02_G01_01,2.585739,2.838058
131.0146,0.01159,0.003467,-0.025659,-0.043594,-0.239899,0.969818,0.570732,0.528373,-1.292847,O02_G01_01,2.584259,2.875046
131.0258,0.003303,0.003149,-0.025902,-0.03334,-0.235626,0.971268,0.557751,0.528374,-1.311092,O02_G01_01,2.577301,2.837173
131.0368,0.000454,0.003039,-0.025974,-0.031219,-0.230927,0.972458,0.557783,0.528374,-1.324971,O02_G01_01,2.586502,2.874893
131.048,0.000454,0.003039,-0.025974,-0.031219,-0.230927,0.972458,0.556719,0.528374,-1.32491,O02_G01_01,2.586502,2.874893
131.0592,0.001294,0.003058,-0.025915,-0.032318,-0.225464,0.973709,0.563472,0.528374,-1.338677,O02_G01_01,2.595276,2.84906
131.0704,0.001111,0.003051,-0.025915,-0.032883,-0.224503,0.973908,0.564661,0.528374,-1.340641,O02_G01_01,2.595413,2.859665
131.0812,0.001111,0.003051,-0.025915,-0.032883,-0.224503,0.973908,0.564902,0.528374,-1.340075,O02_G01_01,2.595413,2.859665
131.0925,0.000997,0.003046,-0.025916,-0.032562,-0.224213,0.973984,0.56473,0.528374,-1.341202,O02_G01_01,2.586685,2.868073
131.1036,-0.000293,0.002998,-0.025954,-0.030609,-0.222366,0.974472,0.563875,0.528374,-1.347555,O02_G01_01,2.586884,2.85022
131.1145,-0.000873,0.002976,-0.025956,-0.028473,-0.221909,0.97464,0.561385,0.528374,-1.351136,O02_G01_01,2.586349,2.877319
131.1257,-0.000873,0.002976,-0.025956,-0.028473,-0.221909,0.97464,0.561742,0.528374,-1.351654,O02_G01_01,2.586349,2.877319
131.1369,-0.000059,0.002999,-0.0259,-0.032211,-0.221298,0.97467,0.568513,0.528374,-1.351234,O02_G01_01,2.612549,2.8629
131.1481,-0.001426,0.002954,-0.025964,-0.031555,-0.219696,0.975052,0.56878,0.528374,-1.355964,O02_G01_01,2.612686,2.868286
131.1591,-0.001426,0.002954,-0.025964,-0.031555,-0.219696,0.975052,0.568793,0.528374,-1.35631,O02_G01_01,2.612686,2.868286
131.1705,-0.001677,0.002945,-0.025969,-0.031494,-0.220001,0.974976,0.567987,0.528374,-1.354987,O02_G01_01,2.62114,2.843613
131.1812,-0.00224,0.002928,-0.026011,-0.031281,-0.219925,0.975006,0.567046,0.528374,-1.354609,O02_G01_01,2.628662,2.840637
131.1923,-0.00224,0.002928,-0.026011,-0.031281,-0.219925,0.975006,0.566479,0.528374,-1.352803,O02_G01_01,2.628662,2.840637
131.2035,-0.001357,0.002978,-0.026043,-0.032471,-0.220017,0.974945,0.567477,0.528374,-1.350437,O02_G01_01,2.626297,2.868637
131.2146,-0.000503,0.003018,-0.02604,-0.033005,-0.220245,0.974884,0.56695,0.528374,-1.348026,O02_G01_01,2.630737,2.868515
131.2257,-0.000446,0.00302,-0.026055,-0.032944,-0.220215,0.974884,0.565483,0.528374,-1.346758,O02_G01_01,2.630676,2.892807
131.2369,-0.000446,0.00302,-0.026055,-0.032944,-0.220215,0.974884,0.564444,0.528374,-1.344856,O02_G01_01,2.630676,2.892807
131.2479,-0.000642,0.003014,-0.026072,-0.032349,-0.220139,0.97493,0.562757,0.528374,-1.344801,O02_G01_01,2.646072,2.88559
131.259,-0.00059,0.003016,-0.02608,-0.03183,-0.218674,0.975266,0.562321,0.528374,-1.347528,O02_G01_01,2.668594,2.893112
131.2704,-0.00059,0.003016,-0.02608,-0.03183,-0.218674,0.975266,0.561487,0.528374,-1.346044,O02_G01_01,2.668594,2.893112
131.2812,-0.000638,0.003015,-0.026088,-0.032257,-0.218872,0.975205,0.560523,0.528374,-1.342449,O02_G01_01,2.660614,2.910629
131.2925,-0.001494,0.002986,-0.026118,-0.031555,-0.219116,0.975174,0.557874,0.528374,-1.34051,O02_G01_01,2.665527,2.914368
131.3034,-0.001494,0.002986,-0.026118,-0.031555,-0.219116,0.975174,0.556418,0.528374,-1.337591,O02_G01_01,2.665527,2.914368
131.3146,-0.000604,0.003031,-0.026113,-0.032257,-0.218887,0.975205,0.555946,0.528374,-1.334387,O02_G01_01,2.667297,2.914276
131.3257,-0.000692,0.003031,-0.02612,-0.032043,-0.218414,0.975311,0.553978,0.528374,-1.331959,O02_G01_01,2.666931,2.910721
131.3368,-0.002329,0.002965,-0.026165,-0.032791,-0.216766,0.975662,0.554819,0.528374,-1.33082,O02_G01_01,2.67012,2.910568
131.3479,-0.002329,0.002965,-0.026165,-0.032791,-0.216766,0.975662,0.552631,0.528374,-1.326011,O02_G01_01,2.67012,2.910568
131.359,-0.003113,0.002936,-0.026185,-0.032028,-0.215591,0.975952,0.550798,0.528374,-1.324159,O02_G01_01,2.673706,2.910675
131.3703,-0.001866,0.00299,-0.02615,-0.033188,-0.215836,0.975861,0.550331,0.528374,-1.317443,O02_G01_01,2.67366,2.918686
131.3811,-0.001866,0.00299,-0.02615,-0.033188,-0.215836,0.975861,0.548837,0.528374,-1.311445,O02_G01_01,2.67366,2.918686
131.3923,-0.003763,0.002914,-0.026188,-0.03154,-0.213364,0.976456,0.546996,0.528374,-1.31269,O02_G01_01,2.682083,2.924072
131.4036,-0.000806,0.003038,-0.026117,-0.034653,-0.211166,0.976822,0.552589,0.528374,-1.310778,O02_G01_01,2.682816,2.919342
131.4145,-0.008415,0.002724,-0.02628,-0.028107,-0.211227,0.97702,0.541017,0.528374,-1.311049,O02_G01_01,2.68895,2.902191
131.4256,-0.008415,0.002724,-0.02628,-0.028107,-0.211227,0.97702,0.540115,0.528374,-1.307908,O02_G01_01,2.68895,2.902191
131.4367,-0.011948,0.002579,-0.026342,-0.024933,-0.209747,0.977432,0.535867,0.528374,-1.310845,O02_G01_01,2.685135,2.910248
131.4478,-0.010027,0.002666,-0.026268,-0.025909,-0.207489,0.97789,0.539107,0.528374,-1.312346,O02_G01_01,2.695129,2.910645
131.4589,-0.010027,0.002666,-0.026268,-0.025909,-0.207489,0.97789,0.538517,0.528374,-1.30965,O02_G01_01,2.695129,2.910645
131.4701,-0.00792,0.002755,-0.026212,-0.027344,-0.199707,0.979462,0.54828,0.528374,-1.326032,O02_G01_01,2.723038,2.892441
131.4811,-0.000968,0.003059,-0.026026,-0.033249,-0.197159,0.979797,0.559575,0.528374,-1.325661,O02_G01_01,2.749954,2.890244
131.4923,0.000566,0.003168,-0.026069,-0.034042,-0.19368,0.980469,0.563719,0.528374,-1.331493,O02_G01_01,2.764435,2.877548
131.5034,0.000566,0.003168,-0.026069,-0.034042,-0.19368,0.980469,0.563165,0.528374,-1.329202,O02_G01_01,2.764435,2.877548
131.5145,0.000491,0.003179,-0.02609,-0.034485,-0.193268,0.98053,0.56355,0.528374,-1.327747,O02_G01_01,2.757904,2.877106
131.5257,-0.001626,0.003106,-0.026173,-0.033188,-0.193481,0.98053,0.560553,0.528374,-1.32571,O02_G01_01,2.760422,2.870331
131.537,-0.001626,0.003106,-0.026173,-0.033188,-0.193481,0.98053,0.560208,0.528374,-1.323673,O02_G01_01,2.760422,2.870331
131.548,-0.000377,0.003168,-0.026173,-0.034531,-0.190414,0.981094,0.565199,0.528374,-1.328437,O02_G01_01,2.758804,2.851151
131.559,-0.000443,0.003198,-0.02624,-0.035751,-0.190064,0.98111,0.567127,0.528374,-1.326887,O02_G01_01,2.756836,2.834335
131.5702,-0.000443,0.003198,-0.02624,-0.035751,-0.190064,0.98111,0.567013,0.528374,-1.325459,O02_G01_01,2.756836,2.834335
131.5811,0.000563,0.003249,-0.026237,-0.036713,-0.186234,0.981812,0.572783,0.528374,-1.333934,O02_G01_01,2.756027,2.834335
131.5923,-0.000044,0.003235,-0.026264,-0.036438,-0.187149,0.981644,0.570983,0.528374,-1.329847,O02_G01_01,2.755356,2.834274
131.6033,0.000078,0.00325,-0.026264,-0.034805,-0.186005,0.981918,0.570051,0.528374,-1.333596,O02_G01_01,2.755127,2.822128
131.6144,0.000078,0.00325,-0.026264,-0.034805,-0.186005,0.981918,0.569741,0.528374,-1.332533,O02_G01_01,2.755127,2.822128
131.6259,0.00101,0.003291,-0.026242,-0.034592,-0.183991,0.982315,0.571726,0.528374,-1.336772,O02_G01_01,2.755554,2.809113
131.6369,-0.000082,0.003253,-0.02627,-0.033798,-0.185074,0.982132,0.568753,0.528374,-1.333286,O02_G01_01,2.765198,2.789597
131.6477,-0.000082,0.003253,-0.02627,-0.033798,-0.185074,0.982132,0.568235,0.528374,-1.332058,O02_G01_01,2.765198,2.789597
131.659,0.000128,0.003263,-0.026264,-0.033234,-0.185089,0.982147,0.566715,0.528374,-1.330604,O02_G01_01,2.789017,2.789322
131.67,0.001013,0.003301,-0.026242,-0.0327,-0.182175,0.982712,0.56855,0.528374,-1.337372,O02_G01_01,2.789368,2.784149
131.681,0.002301,0.003356,-0.026212,-0.034134,-0.181046,0.98288,0.571387,0.528374,-1.337332,O02_G01_01,2.769577,2.784256
131.6921,0.002301,0.003356,-0.026212,-0.034134,-0.181046,0.98288,0.570759,0.528374,-1.335586,O02_G01_01,2.769577,2.784256
131.7032,0.002164,0.003351,-0.026213,-0.0354,-0.179611,0.983093,0.573626,0.528374,-1.336437,O02_G01_01,2.765854,2.7845
131.7144,0.001713,0.003332,-0.026199,-0.033478,-0.180039,0.983078,0.569247,0.528374,-1.334584,O02_G01_01,2.764008,2.784256
131.7255,0.001713,0.003332,-0.026199,-0.033478,-0.180039,0.983078,0.56858,0.528374,-1.332616,O02_G01_01,2.764008,2.784256
131.7367,0.001269,0.003313,-0.02621,-0.033936,-0.179947,0.983078,0.568515,0.528374,-1.330445,O02_G01_01,2.764786,2.790115
131.7477,0.000817,0.003293,-0.026219,-0.031754,-0.179123,0.983307,0.565308,0.528374,-1.332595,O02_G01_01,2.758026,2.805862
131.7589,0.001078,0.003305,-0.026211,-0.032516,-0.178833,0.983337,0.565949,0.528374,-1.331198,O02_G01_01,2.74649,2.807022
131.7701,0.001078,0.003305,-0.026211,-0.032516,-0.178833,0.983337,0.565203,0.528374,-1.329989,O02_G01_01,2.74649,2.807022
131.781,0.000366,0.003274,-0.026213,-0.032654,-0.179443,0.983215,0.563767,0.528374,-1.326657,O02_G01_01,2.747543,2.806992
131.7922,0.000766,0.003288,-0.026184,-0.033768,-0.179764,0.983124,0.564539,0.528374,-1.323866,O02_G01_01,2.760071,2.815842
131.8032,0.000766,0.003288,-0.026184,-0.033768,-0.179764,0.983124,0.563904,0.528374,-1.323182,O02_G01_01,2.760071,2.815842
131.8144,0.000523,0.003278,-0.026175,-0.033829,-0.176926,0.983627,0.566514,0.528374,-1.330091,O02_G01_01,2.770065,2.82811
131.8254,0.001563,0.003323,-0.026107,-0.03421,-0.17923,0.9832,0.563702,0.528374,-1.323155,O02_G01_01,2.799576,2.817444
131.8366,0.000739,0.003289,-0.02612,-0.034409,-0.178635,0.983307,0.564283,0.528374,-1.324179,O02_G01_01,2.805557,2.817657
131.8477,0.000739,0.003289,-0.02612,-0.034409,-0.178635,0.983307,0.563502,0.528374,-1.324681,O02_G01_01,2.805557,2.817657
131.8589,0.000733,0.003289,-0.02612,-0.033371,-0.178223,0.983414,0.562138,0.528374,-1.327214,O02_G01_01,2.807526,2.817444
131.8699,0.001073,0.003305,-0.026108,-0.033035,-0.177887,0.98349,0.561927,0.528374,-1.32861,O02_G01_01,2.805817,2.830017
131.881,0.001073,0.003305,-0.026108,-0.033035,-0.177887,0.98349,0.561991,0.528374,-1.329547,O02_G01_01,2.805817,2.830017
131.892,0.00178,0.003331,-0.026083,-0.033112,-0.176193,0.983795,0.564017,0.528374,-1.335442,O02_G01_01,2.808273,2.817169
131.9033,0.002364,0.003361,-0.026064,-0.033585,-0.174866,0.984009,0.566209,0.528374,-1.339949,O02_G01_01,2.80986,2.829712
131.9143,0.002252,0.003355,-0.026065,-0.032745,-0.174484,0.9841,0.565478,0.528374,-1.343528,O02_G01_01,2.83136,2.829468
131.9258,0.002252,0.003355,-0.026065,-0.032745,-0.174484,0.9841,0.565817,0.528374,-1.345849,O02_G01_01,2.83136,2.829468
131.9368,0.002465,0.003342,-0.025887,-0.033875,-0.178879,0.983276,0.562735,0.528374,-1.335434,O02_G01_01,2.828934,2.822647
131.9479,0.002804,0.003351,-0.025867,-0.033569,-0.177551,0.983536,0.563768,0.528374,-1.341693,O02_G01_01,2.844528,2.829819
131.9588,0.002804,0.003351,-0.025867,-0.033569,-0.177551,0.983536,0.56373,0.528374,-1.343787,O02_G01_01,2.844528,2.829819
131.9699,0.001879,0.003311,-0.025894,-0.033447,-0.17778,0.98349,0.56337,0.528374,-1.346505,O02_G01_01,2.839355,2.838165
131.981,0.000839,0.003265,-0.025934,-0.033051,-0.177414,0.983566,0.792646,0,-1.973366,Ground,2.8367,2.872513
131.992,0.000775,0.003258,-0.025923,-0.032852,-0.177963,0.983475,0.791621,0,-1.976952,Ground,2.836914,2.872833
132.003,0.000775,0.003258,-0.025923,-0.032852,-0.177963,0.983475,0.791518,0,-1.982753,Ground,2.836914,2.872833
132.0144,-0.000093,0.003221,-0.025952,-0.031784,-0.178665,0.983383,0.788077,0,-1.987132,Ground,2.845123,2.872894
132.0254,0.000981,0.00326,-0.025909,-0.033066,-0.179749,0.983139,0.788674,0,-1.987294,Ground,2.836594,2.875122
132.0364,0.000981,0.00326,-0.025909,-0.033066,-0.179749,0.983139,0.78845,0,-1.99373,Ground,2.836594,2.875122
132.0476,-0.000733,0.003189,-0.025974,-0.032364,-0.180695,0.983002,0.784886,0,-1.997806,Ground,2.829483,2.872849
132.0589,-0.004898,0.003012,-0.026143,-0.03186,-0.183731,0.982452,0.778096,0,-1.993252,Ground,2.831375,2.89679
132.0698,-0.004898,0.003012,-0.026143,-0.03186,-0.183731,0.982452,0.77709,0,-1.99986,Ground,2.831375,2.89679
132.0808,-0.003855,0.003049,-0.026105,-0.034073,-0.18454,0.982224,0.780361,0,-2.001076,Ground,2.831421,2.897125
132.0919,-0.001926,0.003125,-0.026036,-0.035751,-0.18689,0.98172,0.779114,0,-1.996526,Ground,2.817062,2.896561
132.103,-0.000217,0.003223,-0.026195,-0.035263,-0.185196,0.982056,0.77837,0,-2.010138,Ground,2.806152,2.896835
132.1141,-0.000217,0.003223,-0.026195,-0.035263,-0.185196,0.982056,0.776408,0,-2.017542,Ground,2.806152,2.896835
132.1253,-0.001785,0.003156,-0.026248,-0.034531,-0.187012,0.981735,0.768591,0,-2.017238,Ground,2.797287,2.897018
132.1364,-0.014006,0.002575,-0.02632,-0.038849,-0.215393,0.975739,0.731618,0,-1.907576,Ground,2.590805,2.898468
132.1474,-0.014006,0.002575,-0.02632,-0.038849,-0.215393,0.975739,0.727732,0,-1.913763,Ground,2.590805,2.898468
132.1586,-0.019527,0.002375,-0.026526,-0.032516,-0.202713,0.978684,0.72558,0,-1.97309,Ground,2.653091,3.014969
132.1697,0,0,0,0,0,1,-99999,-99999,-99999,,2.417145,-1
132.1807,0,0,0,0,0,1,-99999,-99999,-99999,,2.417145,-1
132.1918,0,0,0,0,0,1,-99999,-99999,-99999,,2.056854,-1
132.2029,-0.028098,0.002336,-0.02701,0.104523,-0.152878,0.982697,0.409659,0,-2.333471,Ground,-1,3.09227
132.2141,0,0,0,0,0,1,-99999,-99999,-99999,,-1,-1
132.2253,0,0,0,0,0,1,-99999,-99999,-99999,,-1,-1
132.2365,-0.028664,0.002312,-0.026244,0.213638,-0.163559,0.96312,0.063962,0,-2.399949,Ground,-1,2.602448
132.2475,-0.028842,0.00235,-0.026503,0.224915,-0.178619,0.957855,0.011847,0,-2.347078,Ground,2.671692,2.494995
132.2586,-0.028842,0.00235,-0.026503,0.224915,-0.178619,0.957855,-0.000472,0,-2.359466,Ground,2.671692,2.494995
132.2697,-0.028905,0.00207,-0.025946,0.247574,-0.14473,0.957993,-0.066835,0,-2.566457,Ground,2.967834,2.785263
132.2808,-0.000758,0.003069,-0.024379,0.2892,-0.111923,0.950699,-0.209218,0,-2.809416,Ground,3.104156,2.645859
132.2919,-0.000742,0.003015,-0.024198,0.279022,-0.137314,0.950409,-0.1951,0,-2.660775,Ground,2.890167,2.625595
132.3029,-0.000742,0.003015,-0.024198,0.279022,-0.137314,0.950409,-0.211961,0,-2.66921,Ground,2.890167,2.625595
132.3141,-0.028865,0.001699,-0.024994,0.25177,-0.15744,0.95488,-0.144479,0,-2.543669,Ground,2.909439,2.701523
132.3251,-0.026822,0.001788,-0.024927,0.252701,-0.156067,0.954865,-0.165027,0,-2.554035,Ground,3.005112,2.70105
132.3362,-0.026822,0.001788,-0.024927,0.252701,-0.156067,0.954865,-0.182797,0,-2.555063,Ground,3.005112,2.70105
132.3474,-0.027316,0.001769,-0.025067,0.245575,-0.152466,0.957306,-0.178773,0,-2.565809,Ground,2.879974,2.698227
132.3585,-0.027174,0.001856,-0.025594,0.245483,-0.147293,0.95813,-0.19752,0,-2.588269,Ground,2.862106,2.687134
132.3696,-0.018125,0.002298,-0.025506,0.243515,-0.145004,0.958984,-0.210837,0,-2.589953,Ground,2.922501,2.677277
132.3807,-0.018125,0.002298,-0.025506,0.243515,-0.145004,0.958984,-0.230846,0,-2.576215,Ground,2.922501,2.677277
132.3917,-0.004404,0.003023,-0.025637,0.223206,-0.137161,0.965057,-0.187679,0,-2.593165,Ground,2.908279,2.68396
132.403,0.002126,0.003363,-0.02568,0.206528,-0.131241,0.969589,-0.156669,0,-2.594468,Ground,2.680222,2.683411
132.414,0.002126,0.003363,-0.02568,0.206528,-0.131241,0.969589,-0.177468,0,-2.569133,Ground,2.680222,2.683411
132.4251,-0.004485,0.003009,-0.02567,0.226486,-0.129791,0.965317,-0.259624,0,-2.554351,Ground,2.704636,2.682114
132.4362,-0.021713,0.002425,-0.026595,0.189652,-0.144074,0.971207,-0.166333,0,-2.433182,Ground,2.598007,2.685257
132.4474,-0.021713,0.002425,-0.026595,0.189652,-0.144074,0.971207,-0.1859,0,-2.409183,Ground,2.598007,2.685257
132.4585,-0.021754,0.002396,-0.026404,0.183044,-0.137604,0.973419,-0.187333,0,-2.424502,Ground,2.773224,2.690002
132.4696,-0.013361,0.00305,-0.026697,0.174515,-0.111939,0.978256,-0.185889,0,-2.554791,Ground,2.741623,2.635941
132.4806,-0.028531,0.002596,-0.025726,0.241852,-0.011993,0.97023,-0.481773,0,-3.256484,Ground,2.530045,2.66095
